 	Profile_Slice_1	Profile_Slice_2	Profile_Slice_3	Profile_Slice_4	Profile_Slice_5	Profile_Slice_6	Profile_Slice_7	Profile_Slice_8
1	227.971	227.971	226.959	229.909	225.302	224.115	228.511	217.678
2	227.015	227.015	233.686	227.697	224.338	225.882	225.808	230.306
3	214.983	214.983	231.440	232.523	225.899	220.781	227.964	232.727
4	229.052	229.052	222.900	231.825	237.601	229.295	229.831	230.857
5	231.755	231.755	233.136	227.271	224.801	226.480	225.034	229.696
6	232.876	232.876	238.384	231.294	226.775	234.531	229.593	231.280
7	227.205	227.205	236.419	241.169	223.724	229.317	233.542	230.162
8	235.847	235.847	234.083	241.531	232.890	237.000	229.277	231.056
9	238.946	238.946	230.557	235.068	230.319	233.213	237.394	230.848
10	229.666	229.666	237.155	240.268	229.364	232.059	233.731	227.732
11	229.614	229.614	232.157	242.247	228.183	227.036	240.329	231.569
12	233.145	233.145	232.899	243.374	231.430	230.536	237.121	236.220
13	236.912	236.912	241.681	238.590	235.959	231.605	234.118	236.534
14	233.049	233.049	233.465	233.121	227.492	236.263	226.411	235.868
15	242.301	242.301	241.345	235.672	235.063	241.564	229.593	241.911
16	245.203	245.203	240.530	236.265	239.619	242.803	230.367	243.284
17	238.572	238.572	246.154	228.414	235.262	241.477	231.508	241.165
18	246.389	246.389	240.022	236.378	229.025	243.237	238.747	240.950
19	242.636	242.636	242.830	250.000	237.373	242.100	240.024	243.499
20	233.226	233.226	248.923	241.310	238.286	238.435	244.671	248.253
21	239.650	239.650	247.729	238.383	240.836	235.923	237.815	246.763
22	242.875	242.875	236.864	250.541	244.252	239.056	235.909	246.290
23	248.424	248.424	245.535	244.788	236.673	247.120	237.319	234.914
24	239.777	239.777	243.308	252.426	237.227	242.624	238.012	241.908
25	243.028	243.028	241.086	255.832	245.760	235.353	240.527	242.091
26	243.136	243.136	248.309	247.751	241.450	234.993	243.565	246.444
27	248.799	248.799	250.109	240.506	242.031	245.184	240.540	248.521
28	253.415	253.415	248.789	247.145	243.675	253.855	250.204	249.183
29	257.080	257.080	249.826	253.508	237.492	258.147	252.205	244.744
30	257.124	257.124	250.130	251.911	236.965	259.194	243.609	262.958
31	248.412	248.412	255.401	260.424	249.193	256.273	255.486	266.144
32	262.711	262.711	252.868	256.923	247.329	256.402	258.948	259.306
33	259.343	259.343	250.061	255.357	248.934	256.136	261.573	269.136
34	255.860	255.860	261.719	263.793	255.141	259.034	262.552	265.136
35	255.688	255.688	260.459	258.570	246.318	256.038	256.205	262.834
36	253.767	253.767	264.012	260.703	253.642	259.822	250.567	260.910
37	257.671	257.671	270.862	266.975	252.100	263.484	258.810	268.080
38	264.739	264.739	270.967	260.344	256.226	261.419	271.979	268.528
39	273.831	273.831	261.804	261.996	254.501	265.609	266.749	262.677
40	265.075	265.075	265.263	269.377	254.888	264.238	261.580	270.996
41	265.149	265.149	270.799	273.341	256.313	264.262	265.354	271.279
42	267.905	267.905	274.430	266.890	269.427	276.197	268.597	267.826
43	274.550	274.550	277.903	270.698	271.735	269.795	266.290	267.358
44	262.962	262.962	276.127	273.279	262.399	263.427	265.958	280.250
45	275.257	275.257	279.006	271.617	265.232	261.454	266.033	275.707
46	279.442	279.442	277.279	275.222	262.727	281.938	274.719	282.043
47	278.299	278.299	285.510	282.458	266.723	278.593	284.846	283.554
48	279.615	279.615	280.871	270.035	271.307	267.414	272.639	273.194
49	289.409	289.409	283.650	273.429	270.869	271.574	270.702	273.218
50	288.535	288.535	283.671	282.533	266.426	279.671	275.866	281.443
51	282.056	282.056	284.524	276.781	277.271	275.405	274.449	282.816
52	283.756	283.756	292.380	289.669	282.253	278.856	279.678	289.819
53	282.106	282.106	291.614	289.854	276.480	281.490	290.957	284.368
54	284.012	284.012	288.374	291.413	278.202	288.212	284.068	286.261
55	285.948	285.948	287.937	289.992	286.780	289.707	279.537	289.419
56	295.908	295.908	296.821	295.013	281.285	295.604	291.034	284.029
57	293.964	293.964	296.984	296.685	285.911	289.910	300.382	285.866
58	296.002	296.002	291.773	299.718	290.309	288.553	290.346	294.238
59	296.357	296.357	292.363	303.314	288.856	295.961	294.787	306.351
60	296.682	296.682	302.311	305.158	286.612	300.838	299.435	295.092
61	300.301	300.301	310.159	304.993	297.560	301.848	292.974	293.452
62	312.744	312.744	300.535	306.766	296.519	297.870	295.064	301.418
63	313.939	313.939	302.463	311.331	303.498	305.454	298.221	318.306
64	318.855	318.855	309.295	302.492	306.933	296.618	296.258	302.965
65	316.752	316.752	300.363	314.652	293.334	304.991	302.570	311.953
66	328.888	328.888	316.063	321.534	307.257	318.084	313.758	316.502
67	320.546	320.546	322.819	324.507	311.364	323.955	315.184	318.481
68	327.441	327.441	318.756	317.874	319.483	314.024	308.909	323.572
69	328.712	328.712	326.475	329.175	311.821	325.598	311.623	326.221
70	334.260	334.260	327.233	334.487	311.831	325.189	323.855	324.319
71	332.730	332.730	325.623	330.108	315.127	325.392	323.529	323.559
72	321.649	321.649	325.273	319.101	327.284	321.056	317.568	327.203
73	316.615	316.615	337.297	335.440	329.710	320.232	328.942	320.954
74	336.668	336.668	342.133	332.218	329.895	335.816	329.255	337.511
75	345.937	345.937	348.757	339.009	332.635	335.731	324.180	333.540
76	335.130	335.130	339.882	339.560	341.254	343.404	324.703	343.428
77	348.728	348.728	346.267	351.346	353.059	347.968	339.008	337.415
78	353.791	353.791	353.106	354.055	350.995	351.296	342.706	347.791
79	358.609	358.609	349.918	346.499	340.527	344.997	349.135	358.746
80	367.391	367.391	361.183	350.014	349.366	363.111	353.137	351.111
81	375.768	375.768	353.121	369.330	338.734	363.143	355.100	350.736
82	365.287	365.287	353.823	362.543	348.551	363.315	359.567	363.316
83	366.128	366.128	367.366	366.169	363.035	363.054	359.699	368.873
84	369.051	369.051	364.096	370.518	355.335	364.660	356.971	370.453
85	381.466	381.466	379.957	377.923	374.567	371.820	356.005	371.460
86	384.108	384.108	374.952	382.866	364.705	374.457	367.079	380.506
87	380.132	380.132	377.028	375.014	363.340	375.023	370.250	379.645
88	398.606	398.606	384.744	384.775	374.129	377.250	366.183	379.610
89	395.584	395.584	394.811	388.711	380.004	383.626	375.084	394.160
90	403.306	403.306	396.841	402.827	378.278	385.736	384.349	390.409
91	419.524	419.524	407.783	399.971	400.313	391.792	399.755	390.418
92	414.273	414.273	404.174	412.432	407.570	395.414	405.324	389.596
93	409.584	409.584	405.703	424.770	400.260	403.503	390.252	405.713
94	408.640	408.640	423.185	414.743	396.285	403.063	412.459	417.038
95	428.652	428.652	446.070	433.615	406.070	406.653	405.576	412.553
96	426.724	426.724	433.418	425.043	424.474	399.445	408.684	419.618
97	431.990	431.990	432.477	433.626	410.629	415.655	417.316	419.816
98	440.107	440.107	444.344	436.861	412.940	428.131	439.236	426.851
99	448.942	448.942	439.806	441.429	429.677	433.977	436.772	434.811
100	461.629	461.629	443.570	448.598	433.110	442.241	437.668	440.820
101	459.946	459.946	456.350	447.975	423.892	440.631	434.048	441.797
102	472.853	472.853	453.144	444.243	431.966	440.513	460.465	444.786
103	462.132	462.132	459.234	482.176	444.303	448.549	455.842	445.867
104	478.060	478.060	475.823	482.322	464.282	466.756	463.659	458.451
105	484.297	484.297	469.752	482.931	458.318	469.827	467.449	464.484
106	494.171	494.171	492.331	478.807	468.979	477.985	474.947	470.752
107	498.085	498.085	493.620	498.380	477.277	479.643	475.610	484.700
108	515.136	515.136	501.535	489.223	479.301	479.518	477.675	477.142
109	522.453	522.453	508.935	501.657	487.078	480.680	482.827	491.334
110	520.589	520.589	506.194	509.750	480.328	492.599	473.108	502.190
111	524.502	524.502	516.580	527.826	496.187	517.660	494.200	508.045
112	539.106	539.106	526.365	540.282	515.799	514.056	502.478	521.255
113	559.134	559.134	534.670	533.465	526.706	529.523	502.004	514.237
114	544.502	544.502	536.872	547.722	526.408	532.434	505.730	520.517
115	559.522	559.522	540.240	559.637	531.700	530.267	530.994	514.071
116	586.348	586.348	556.419	554.089	542.605	539.254	547.771	536.077
117	606.765	606.765	561.165	570.384	545.147	555.814	543.489	543.232
118	609.834	609.834	567.479	581.582	540.488	573.985	554.324	545.895
119	615.500	615.500	577.454	581.624	558.077	572.313	575.084	564.659
120	599.242	599.242	583.543	601.154	565.493	587.500	568.415	578.796
121	623.334	623.334	603.904	615.224	592.988	587.877	585.340	572.569
122	649.806	649.806	607.803	622.979	589.208	582.403	577.339	594.805
123	658.000	658.000	610.752	609.075	585.866	599.203	603.703	600.705
124	666.661	666.661	626.801	623.901	595.819	614.471	608.931	604.645
125	651.652	651.652	638.591	647.585	599.373	624.981	601.646	615.733
126	671.923	671.923	640.581	655.847	621.545	622.629	628.144	625.141
127	690.828	690.828	664.764	677.054	620.080	630.465	643.154	630.731
128	717.464	717.464	678.644	688.225	636.034	664.335	656.362	645.441
129	730.352	730.352	685.801	680.636	668.665	667.972	665.301	655.344
130	733.615	733.615	699.672	702.095	663.430	668.717	697.242	671.230
131	743.631	743.631	703.412	713.334	687.060	705.051	694.083	680.432
132	742.613	742.613	719.384	744.701	696.941	712.234	708.246	684.998
133	788.557	788.557	751.214	756.763	711.099	717.455	724.651	713.296
134	806.031	806.031	760.293	761.883	711.721	751.036	726.754	731.921
135	814.236	814.236	773.864	777.676	740.682	759.362	730.166	742.468
136	834.493	834.493	777.128	817.162	754.639	789.729	760.673	764.777
137	844.122	844.122	808.525	834.238	746.435	804.108	778.288	772.350
138	897.599	897.599	814.704	844.195	786.611	804.896	811.228	793.797
139	904.326	904.326	844.524	861.803	790.837	836.053	826.457	808.910
140	903.317	903.317	867.511	879.234	827.029	858.674	843.428	823.781
141	929.744	929.744	875.898	885.812	817.396	868.706	857.145	848.002
142	936.902	936.902	864.860	921.667	857.726	881.809	877.380	881.268
143	950.191	950.191	891.287	930.423	867.620	896.939	898.564	887.567
144	989.924	989.924	918.384	978.460	885.556	900.315	927.354	915.176
145	990.822	990.822	938.234	981.305	902.771	914.189	931.710	918.210
146	1030.818	1030.818	972.638	995.061	898.312	944.579	946.654	938.845
147	1068.563	1068.563	979.913	1021.874	945.544	967.999	994.983	988.629
148	1067.066	1067.066	1008.552	1049.396	977.710	984.639	989.713	1009.407
149	1084.522	1084.522	1020.555	1058.539	994.209	1025.981	999.190	1026.358
150	1122.968	1122.968	1036.153	1094.816	1030.176	1046.376	1034.940	1041.358
151	1152.680	1152.680	1064.774	1121.680	1063.078	1110.932	1066.777	1074.473
152	1180.595	1180.595	1094.242	1162.464	1087.707	1085.848	1073.336	1117.571
153	1192.038	1192.038	1122.999	1191.181	1088.924	1113.689	1118.543	1146.505
154	1229.591	1229.591	1135.080	1228.028	1120.621	1143.959	1124.243	1195.447
155	1324.700	1324.700	1164.903	1258.866	1157.257	1164.747	1168.376	1200.047
156	1363.424	1363.424	1233.562	1294.892	1200.804	1229.734	1195.744	1226.767
157	1402.888	1402.888	1263.937	1339.248	1220.624	1260.464	1211.141	1251.464
158	1456.143	1456.143	1306.908	1366.977	1290.112	1316.619	1244.450	1287.237
159	1472.953	1472.953	1361.495	1450.219	1314.859	1334.287	1280.215	1318.573
160	1539.107	1539.107	1435.090	1514.955	1393.578	1397.790	1359.105	1346.078
161	1622.491	1622.491	1498.554	1563.947	1406.856	1438.867	1397.161	1402.674
162	1670.328	1670.328	1553.603	1607.907	1449.827	1448.610	1452.420	1429.000
163	1747.991	1747.991	1572.690	1647.060	1513.615	1510.144	1491.075	1476.569
164	1841.395	1841.395	1625.101	1733.783	1574.421	1543.414	1558.648	1555.093
165	1916.316	1916.316	1698.346	1850.811	1585.782	1587.124	1605.476	1568.049
166	1997.122	1997.122	1780.120	1960.370	1648.351	1638.070	1660.551	1678.445
167	2115.741	2115.741	1924.251	2044.427	1752.918	1704.243	1767.064	1720.069
168	2206.650	2206.650	2012.058	2109.658	1810.184	1787.040	1836.830	1772.797
169	2306.494	2306.494	2105.572	2205.781	1890.755	1852.874	1889.214	1840.811
170	2333.308	2333.308	2204.474	2308.122	1986.982	1967.753	1982.598	1953.917
171	2297.813	2297.813	2302.419	2336.906	2115.902	2060.455	2110.363	2062.815
172	2243.981	2243.981	2329.464	2291.954	2200.349	2179.750	2160.766	2153.624
173	2199.228	2199.228	2349.661	2211.697	2276.002	2260.054	2235.105	2224.998
174	2122.104	2122.104	2325.224	2168.644	2286.826	2285.020	2240.136	2290.643
175	2035.944	2035.944	2224.645	2078.583	2228.729	2247.528	2230.961	2270.309
176	1945.629	1945.629	2154.141	1971.081	2171.558	2185.072	2152.250	2195.826
177	1885.450	1885.450	2040.802	1945.678	2056.056	2049.588	2026.402	2107.423
178	1874.536	1874.536	1932.070	1918.824	1946.752	1964.654	1939.228	1966.588
179	1838.477	1838.477	1910.022	1864.708	1870.957	1880.951	1903.484	1865.641
180	1802.962	1802.962	1903.824	1840.853	1809.705	1816.934	1876.184	1822.038
181	1760.139	1760.139	1865.411	1801.875	1787.711	1815.678	1836.328	1815.527
182	1716.325	1716.325	1806.761	1794.243	1764.104	1810.060	1845.968	1828.494
183	1687.821	1687.821	1796.197	1750.561	1744.246	1779.265	1850.537	1783.293
184	1659.422	1659.422	1738.607	1677.952	1681.824	1720.737	1760.484	1745.519
185	1616.482	1616.482	1718.380	1643.748	1658.748	1676.927	1699.209	1691.778
186	1571.121	1571.121	1674.192	1632.958	1628.742	1643.771	1700.870	1652.198
187	1586.602	1586.602	1678.769	1590.820	1605.831	1673.196	1672.354	1634.552
188	1548.758	1548.758	1607.024	1570.296	1576.252	1621.227	1672.394	1602.427
189	1526.426	1526.426	1576.112	1566.471	1529.527	1579.616	1627.741	1596.176
190	1530.896	1530.896	1559.929	1573.430	1518.572	1572.090	1582.166	1560.359
191	1512.775	1512.775	1564.147	1529.931	1513.200	1530.791	1561.795	1546.205
192	1532.047	1532.047	1581.399	1564.001	1502.666	1566.613	1556.987	1534.565
193	1517.208	1517.208	1559.692	1534.094	1494.104	1570.862	1534.063	1494.970
194	1516.719	1516.719	1519.182	1523.209	1483.727	1533.667	1526.708	1494.769
195	1529.050	1529.050	1514.986	1491.360	1453.745	1497.033	1487.107	1494.446
196	1515.409	1515.409	1503.988	1491.397	1438.982	1514.968	1488.415	1457.250
197	1502.456	1502.456	1494.285	1497.670	1445.844	1504.267	1495.305	1455.941
198	1490.095	1490.095	1523.918	1511.076	1453.313	1499.839	1474.225	1471.020
199	1488.195	1488.195	1525.846	1505.477	1440.113	1495.742	1462.377	1466.292
200	1461.892	1461.892	1487.384	1479.570	1431.473	1470.664	1456.704	1447.399
201	1456.212	1456.212	1491.911	1470.488	1450.057	1452.209	1455.453	1445.223
202	1486.078	1486.078	1487.493	1465.503	1444.615	1443.553	1450.029	1428.519
203	1459.080	1459.080	1493.796	1476.486	1439.286	1435.484	1458.124	1440.111
204	1467.676	1467.676	1443.397	1464.176	1435.195	1433.079	1479.781	1432.307
205	1485.010	1485.010	1451.664	1466.098	1423.933	1434.816	1451.839	1439.472
206	1433.943	1433.943	1450.055	1440.229	1407.316	1450.180	1429.680	1415.209
207	1452.423	1452.423	1456.003	1435.122	1404.402	1456.409	1416.186	1417.203
208	1446.439	1446.439	1443.449	1443.574	1418.588	1452.441	1426.139	1405.801
209	1441.888	1441.888	1423.287	1424.294	1424.073	1441.230	1428.246	1413.183
210	1461.108	1461.108	1450.227	1451.713	1422.328	1426.285	1418.555	1394.544
211	1416.891	1416.891	1447.580	1413.474	1406.357	1405.201	1431.704	1378.825
212	1435.675	1435.675	1441.932	1410.440	1372.643	1426.512	1401.071	1391.907
213	1415.473	1415.473	1438.528	1396.851	1385.395	1416.020	1400.472	1393.957
214	1412.869	1412.869	1424.746	1421.768	1378.269	1408.062	1413.699	1396.954
215	1399.802	1399.802	1391.439	1414.178	1378.294	1379.511	1383.627	1429.163
216	1404.092	1404.092	1412.573	1393.005	1379.396	1383.051	1394.865	1409.401
217	1373.789	1373.789	1411.277	1392.817	1340.113	1371.849	1416.553	1390.163
218	1366.647	1366.647	1405.060	1375.488	1364.935	1399.578	1393.612	1379.982
219	1366.054	1366.054	1410.065	1373.608	1357.755	1395.563	1392.756	1377.058
220	1375.812	1375.812	1404.944	1384.030	1358.201	1369.077	1393.718	1378.656
221	1369.678	1369.678	1381.894	1381.596	1354.009	1385.908	1392.410	1392.186
222	1357.962	1357.962	1363.167	1347.398	1370.576	1384.725	1369.048	1386.803
223	1339.833	1339.833	1385.703	1370.638	1345.305	1370.465	1376.513	1367.963
224	1359.184	1359.184	1398.241	1350.970	1365.235	1357.094	1376.572	1364.164
225	1374.087	1374.087	1369.927	1360.427	1357.399	1423.391	1380.918	1346.246
226	1370.422	1370.422	1398.959	1368.599	1329.033	1359.913	1378.355	1369.986
227	1357.919	1357.919	1395.588	1362.687	1327.087	1358.932	1376.771	1421.653
228	1362.188	1362.188	1404.012	1373.998	1341.946	1373.820	1380.393	1375.543
229	1384.357	1384.357	1396.605	1368.085	1335.766	1374.171	1393.156	1387.668
230	1361.497	1361.497	1362.922	1355.048	1368.317	1350.709	1372.535	1355.837
