 	Profile_Slice_1	Profile_Slice_2	Profile_Slice_3	Profile_Slice_4	Profile_Slice_5	Profile_Slice_6	Profile_Slice_7	Profile_Slice_8	Profile_Slice_9	Profile_Slice_10	Profile_Slice_11
1	617.893	621.261	619.699	638.761	652.449	630.309	634.706	621.051	630.828	621.788	608.533
2	618.281	619.052	604.267	644.496	629.173	618.619	620.102	626.984	610.609	626.626	618.221
3	634.873	615.251	627.266	650.232	630.811	645.658	625.811	617.001	634.500	623.293	625.113
4	633.400	613.578	627.950	632.732	632.454	646.546	624.232	616.194	631.661	621.485	610.101
5	633.276	608.944	623.841	630.188	622.273	619.001	629.609	634.752	629.790	620.138	618.780
6	628.173	629.048	625.047	655.935	625.353	648.113	640.017	632.481	613.720	618.018	621.540
7	622.814	617.754	619.949	648.825	637.000	634.462	642.679	630.596	617.595	624.822	605.871
8	635.054	613.481	615.160	648.337	631.722	628.694	652.076	631.801	617.169	615.168	616.607
9	630.174	623.007	614.952	645.749	618.686	646.787	658.050	626.919	602.463	608.516	615.980
10	615.136	642.036	632.784	652.904	626.170	637.079	646.101	621.847	603.220	606.174	604.848
11	608.564	621.856	644.317	651.658	635.625	623.945	649.489	635.719	611.365	600.086	612.644
12	600.432	630.321	642.540	631.249	651.207	613.851	665.934	621.134	609.338	610.426	603.324
13	597.626	612.456	631.119	622.311	648.656	630.829	654.530	619.757	610.781	603.074	606.541
14	621.876	609.128	626.426	613.967	656.330	624.865	651.528	626.257	632.031	614.629	598.204
15	633.585	620.299	633.822	631.418	642.178	629.813	631.253	634.920	613.238	620.205	621.772
16	617.847	629.038	633.248	623.485	646.695	629.192	647.588	646.308	624.858	603.470	607.571
17	630.212	630.644	629.459	625.251	631.976	625.601	641.998	634.426	628.781	609.945	616.131
18	631.405	622.331	632.648	621.951	641.610	619.481	626.695	618.995	618.333	620.607	622.275
19	624.776	625.807	621.093	605.799	643.510	632.636	631.715	641.542	624.038	628.702	619.016
20	623.647	610.267	614.535	622.161	638.518	623.677	634.224	639.252	618.293	611.620	631.234
21	620.309	633.063	616.238	614.459	632.994	626.503	635.495	630.500	625.607	614.146	626.183
22	634.683	618.261	617.772	621.674	640.543	644.954	651.050	639.313	638.901	627.968	621.509
23	622.591	630.287	620.819	625.331	618.445	637.320	643.147	639.311	633.798	623.453	632.979
24	633.827	617.339	605.098	635.451	658.477	643.764	636.001	660.167	643.670	622.050	651.415
25	625.723	609.786	625.202	641.434	653.088	641.749	652.560	641.832	632.503	627.180	635.030
26	637.713	611.914	630.110	636.226	631.871	655.487	648.094	642.275	625.403	633.989	631.165
27	650.619	634.739	620.564	643.115	638.974	659.638	660.285	645.101	638.316	638.069	652.067
28	639.848	636.208	628.521	651.131	637.180	651.116	657.701	648.324	613.231	637.342	623.498
29	643.201	623.639	636.807	633.196	646.649	648.720	646.661	634.961	610.812	643.691	624.912
30	645.650	651.486	647.726	639.953	656.769	661.008	647.358	635.927	629.420	645.358	635.716
31	632.357	646.722	663.695	650.704	653.221	674.225	667.635	648.854	643.479	637.699	630.503
32	622.844	657.399	659.409	638.541	664.640	666.772	668.121	643.429	646.331	655.605	656.255
33	636.720	668.201	651.752	632.444	643.630	686.474	670.324	656.681	638.967	642.903	623.999
34	634.635	656.082	637.626	650.471	644.721	696.442	669.518	646.752	632.010	633.162	656.424
35	658.261	657.981	634.536	637.111	672.523	685.513	668.971	645.632	642.039	648.614	656.982
36	648.887	657.855	643.891	639.811	665.494	682.068	674.500	648.497	628.323	642.934	655.164
37	648.933	654.670	637.566	652.153	664.980	691.789	678.066	664.715	652.268	664.595	671.729
38	657.444	652.943	653.799	654.625	687.524	709.653	672.012	672.826	675.717	664.511	672.253
39	669.784	641.273	649.866	662.010	680.547	710.330	680.971	649.877	671.628	669.219	668.217
40	669.439	639.317	657.631	666.690	685.281	713.467	696.549	650.325	674.062	650.404	681.464
41	688.404	652.088	660.141	673.242	696.995	721.060	704.610	662.261	677.851	675.061	684.948
42	691.941	660.695	668.568	681.092	714.160	715.685	703.427	678.287	691.081	678.745	682.496
43	700.087	670.952	666.516	695.815	714.888	736.257	709.783	694.959	698.693	705.479	694.357
44	733.233	658.863	689.883	710.064	696.670	736.406	723.244	711.575	708.431	685.873	722.234
45	739.695	671.413	688.911	688.890	726.998	744.732	729.959	714.575	729.875	696.613	729.154
46	769.111	692.877	684.388	707.298	735.149	754.084	735.780	720.885	714.009	730.552	749.889
47	782.634	686.150	705.791	730.575	738.436	778.308	768.496	716.987	749.478	740.195	778.421
48	797.183	684.486	713.185	736.911	772.958	801.551	778.394	720.863	766.416	759.116	788.648
49	807.808	685.411	734.622	753.578	781.342	822.048	796.138	744.837	773.404	796.904	815.293
50	821.723	711.379	740.688	759.706	815.137	838.584	782.761	753.702	778.615	814.696	827.250
51	840.362	725.902	750.934	796.363	841.657	851.907	824.450	778.472	781.869	840.309	864.488
52	868.081	747.276	759.835	820.519	845.489	881.643	849.065	766.931	809.888	836.041	872.730
53	872.564	747.782	790.440	840.768	821.156	880.529	870.807	778.071	836.487	852.810	890.538
54	871.616	739.874	798.619	854.700	832.002	883.849	874.527	792.543	826.823	880.137	907.744
55	853.504	771.234	823.012	853.327	858.738	869.973	896.420	809.145	831.953	841.732	894.575
56	852.946	795.269	834.693	865.380	873.930	891.023	882.436	804.103	847.527	822.917	860.198
57	806.487	804.725	851.538	865.029	865.507	862.834	860.627	836.250	822.384	817.434	830.397
58	792.394	812.963	852.131	843.921	857.032	828.671	841.999	836.650	797.373	788.180	804.242
59	767.467	818.468	848.864	848.659	831.763	793.883	833.843	842.698	784.823	762.437	789.705
60	740.889	827.096	838.674	828.650	787.158	762.942	800.043	843.780	753.759	736.873	754.979
61	721.068	813.989	834.026	806.529	765.995	729.359	770.759	825.803	743.616	736.908	718.104
62	691.161	799.975	836.339	769.909	734.940	692.737	738.438	793.151	720.361	711.219	696.529
63	700.607	790.218	786.557	754.896	714.722	661.295	729.066	777.160	700.712	684.908	691.073
64	663.307	783.860	765.792	721.690	682.257	643.333	696.059	765.262	701.537	665.468	672.746
65	639.215	750.334	749.099	702.762	669.599	637.289	675.705	751.250	689.664	658.759	667.559
66	605.379	749.862	737.223	680.725	656.227	615.548	662.152	722.354	649.183	643.917	661.360
67	602.282	740.424	705.078	660.497	630.803	609.025	627.677	703.027	635.761	614.374	627.338
68	596.126	712.229	690.061	635.704	607.546	586.273	594.219	659.320	603.035	587.927	592.989
69	571.786	684.703	655.199	612.192	596.438	565.551	584.643	624.841	580.013	573.912	572.495
70	565.307	681.971	625.389	576.423	570.606	543.392	574.602	612.250	563.038	555.679	550.055
71	535.831	644.610	616.151	556.850	563.936	519.754	548.034	579.997	523.002	521.967	558.212
72	539.745	614.003	598.586	550.856	538.877	514.098	528.191	564.533	524.207	510.676	541.804
73	517.624	588.002	585.815	532.403	524.312	495.440	522.362	534.304	499.547	492.290	513.676
74	498.989	560.114	567.480	533.683	492.145	475.866	493.897	513.714	495.291	488.803	496.733
75	486.427	550.413	564.846	508.133	489.842	479.417	490.902	501.549	495.438	474.725	486.541
76	490.595	531.967	543.649	498.429	494.788	475.262	477.568	499.191	477.429	475.542	494.288
77	471.765	503.676	514.417	486.601	478.974	471.109	474.335	464.191	475.476	455.937	474.830
78	455.375	492.853	511.735	492.687	477.052	473.008	462.534	474.746	469.401	450.059	453.107
79	440.197	477.506	482.870	466.774	464.899	462.016	450.174	470.971	452.160	453.801	453.367
80	444.350	477.160	466.171	466.003	455.881	454.508	440.791	458.348	450.069	440.573	447.186
81	444.230	484.765	472.062	453.125	444.533	439.907	451.505	441.593	438.999	419.588	422.097
82	424.919	465.666	474.656	451.877	434.460	427.978	439.658	429.998	429.396	415.120	426.701
83	424.224	462.875	447.574	431.739	421.697	424.782	426.023	442.100	410.855	425.710	420.883
84	410.518	452.313	445.846	429.315	428.089	422.827	407.603	417.463	412.086	416.058	410.819
85	407.018	445.297	437.610	411.957	420.751	409.437	414.324	413.695	405.339	406.656	404.889
86	399.933	436.503	425.571	405.881	412.522	406.503	417.388	403.713	400.879	394.651	394.824
87	404.875	441.394	426.124	399.869	407.729	410.560	401.952	407.107	393.503	385.483	388.653
88	387.957	421.547	414.612	393.901	393.393	397.703	391.903	409.969	399.477	393.350	397.465
89	378.085	429.516	414.484	396.084	389.099	391.449	371.924	398.294	381.459	383.680	374.180
90	367.923	417.997	396.673	396.910	390.171	380.091	369.364	380.287	385.667	371.061	389.422
91	357.212	408.245	383.276	385.783	373.606	373.729	372.124	365.823	376.978	374.415	377.670
92	369.464	414.895	382.443	378.837	374.686	377.914	373.323	372.185	372.674	364.212	372.334
93	361.048	395.901	387.588	382.201	379.858	371.912	360.170	387.937	362.840	363.459	371.575
94	366.161	383.338	366.392	368.047	368.521	362.741	354.118	382.480	355.206	354.975	365.886
95	353.824	372.627	359.998	358.510	351.863	359.245	349.611	364.029	352.704	349.114	348.238
96	349.905	358.083	367.871	371.084	355.336	354.645	352.736	347.280	352.705	340.477	349.670
97	343.229	370.454	360.583	359.074	355.121	345.035	353.014	345.744	338.578	336.032	344.325
98	346.820	364.339	344.385	352.156	344.901	350.959	346.129	343.357	335.392	332.706	336.016
99	344.140	358.378	340.955	347.745	338.259	353.357	344.348	339.538	326.567	334.925	332.286
100	333.021	343.774	330.245	337.020	342.012	351.142	330.189	336.879	333.023	337.486	327.075
101	324.748	350.646	332.306	326.171	331.796	338.796	338.889	336.139	326.927	338.539	326.652
102	324.866	354.624	327.701	337.333	316.018	327.204	326.133	328.369	329.366	312.974	313.079
103	324.396	353.985	319.414	328.820	327.396	326.758	334.163	321.376	316.277	318.587	313.024
104	320.696	343.431	324.878	317.705	319.395	320.691	319.851	319.454	323.666	318.971	316.494
105	306.670	326.948	328.899	316.124	316.281	317.979	314.775	316.576	302.024	307.239	318.248
106	308.317	328.798	321.006	309.245	308.276	308.049	303.026	300.944	298.637	307.611	306.344
107	297.204	329.065	310.906	300.500	302.418	301.704	308.281	307.258	297.840	310.434	297.053
108	289.858	317.677	313.039	304.164	298.505	306.086	307.401	297.998	303.806	292.978	299.540
109	287.195	312.481	306.038	308.602	308.979	299.674	299.170	295.981	295.445	302.673	294.117
110	294.049	310.438	304.864	301.397	301.730	293.368	289.066	297.140	295.964	292.885	292.714
111	281.939	315.034	299.460	299.889	291.532	301.525	290.374	297.166	290.744	287.332	282.440
112	276.116	296.210	290.636	294.066	285.812	295.319	297.033	281.271	282.692	288.041	280.056
113	282.997	290.491	287.977	292.402	289.866	291.784	284.963	292.472	284.135	289.535	281.930
114	290.812	289.764	286.674	289.624	286.431	286.914	283.068	282.131	280.316	281.123	281.694
115	284.988	288.999	283.509	279.242	282.239	291.914	280.154	284.455	265.854	274.794	273.057
116	280.922	286.604	288.996	286.285	285.283	282.598	272.979	277.822	275.828	276.774	267.494
117	274.078	288.448	285.166	274.754	277.044	275.695	273.561	278.943	271.500	272.367	264.043
118	264.651	284.225	273.449	279.478	273.909	274.641	266.082	263.333	266.103	265.584	269.034
119	275.301	282.551	271.631	274.279	268.980	274.289	266.363	269.543	265.258	270.425	260.340
120	280.443	278.435	271.430	270.208	275.468	269.551	264.688	262.928	271.045	272.098	270.517
121	266.917	271.632	270.206	272.443	270.268	260.868	265.478	256.897	265.319	271.857	270.104
122	269.786	266.592	266.988	275.358	271.245	253.787	264.137	255.189	258.212	263.720	261.930
123	255.496	269.669	259.859	271.776	253.279	262.698	257.750	261.591	257.815	263.856	259.172
124	248.979	264.948	266.712	271.933	261.684	267.102	256.506	269.276	259.898	262.123	254.995
125	250.746	258.348	267.185	262.943	261.050	259.987	259.486	262.487	267.806	244.151	246.869
126	247.413	264.155	272.995	257.607	260.020	259.133	251.602	252.908	257.376	249.098	251.247
127	248.026	256.055	264.822	264.079	252.372	257.426	239.172	246.396	251.921	258.536	253.259
128	251.980	257.294	244.640	264.847	251.909	264.279	248.860	255.546	257.420	255.474	248.169
129	259.197	257.317	250.302	252.037	251.374	258.770	261.338	248.815	252.257	252.057	244.497
130	250.788	250.790	245.219	247.400	256.174	254.271	250.243	249.415	254.479	241.058	244.825
131	250.807	249.062	254.674	249.717	255.304	253.208	250.348	250.390	245.860	247.668	245.861
132	245.604	249.231	253.998	252.307	250.405	247.835	237.031	248.083	246.379	248.940	243.563
133	247.472	245.857	246.918	250.673	248.848	246.741	242.463	239.939	244.266	247.912	238.661
134	245.499	240.455	245.691	244.303	246.881	242.664	242.705	236.952	244.139	240.940	240.796
135	242.983	235.336	245.045	243.626	246.308	234.711	236.813	226.877	236.735	238.117	238.284
136	246.332	240.273	242.102	247.055	236.274	235.551	238.679	244.148	236.134	240.640	237.898
137	250.973	244.004	234.192	240.842	233.526	232.225	237.354	239.395	233.314	240.869	234.830
138	238.768	233.157	238.955	235.541	231.708	232.468	235.843	244.712	232.505	242.495	227.862
139	233.016	237.872	241.992	242.714	238.736	239.950	236.054	241.022	248.638	249.185	228.402
140	233.770	242.701	236.207	237.724	233.370	244.054	239.735	244.530	237.551	231.674	238.649
141	232.207	240.831	227.315	234.061	237.056	235.915	235.454	232.184	231.485	232.576	232.408
142	230.214	246.995	231.230	235.903	237.723	236.679	234.164	237.359	233.026	224.741	233.456
143	235.071	236.056	239.518	238.696	242.338	249.514	243.316	231.941	234.764	235.203	235.797
144	235.277	227.472	225.671	230.392	232.479	234.376	235.224	223.762	229.507	229.374	219.639
145	227.354	226.871	221.908	229.092	230.330	224.672	230.808	221.777	220.275	224.594	228.037
146	230.559	228.503	228.255	231.176	232.875	224.225	224.127	222.867	226.184	232.744	232.453
147	227.444	222.835	217.918	229.919	234.842	225.991	221.293	216.692	232.912	220.150	230.414
148	227.560	228.557	222.433	228.370	234.069	223.995	227.676	224.901	234.600	222.006	231.473
149	220.925	233.202	226.865	227.445	225.173	230.649	226.990	224.411	225.967	225.511	225.722
150	224.275	226.476	221.065	227.829	230.042	232.283	225.892	219.012	224.853	223.661	220.765
151	225.257	233.516	224.544	227.058	228.789	229.251	221.517	216.931	216.007	226.047	223.231
152	227.710	230.524	226.558	226.023	229.409	222.246	221.686	219.287	226.433	228.030	222.708
153	218.197	225.238	221.961	227.872	221.906	224.317	222.650	224.854	218.618	219.235	226.946
154	222.784	224.231	213.968	224.249	217.854	223.170	222.934	220.475	222.190	220.653	220.932
155	244.422	258.236	261.617	258.892	255.646	254.831	254.993	262.977	260.839	254.637	236.460
156	239.360	250.122	266.603	252.372	256.873	242.642	255.185	256.059	253.261	247.207	239.998
157	237.753	258.043	260.868	266.640	245.515	253.003	257.643	243.964	254.903	249.518	237.948
158	233.883	252.524	257.797	260.898	248.806	251.945	246.628	246.478	242.204	238.739	236.703
159	242.369	257.984	257.233	263.677	247.210	244.730	247.420	239.889	241.711	235.495	230.343
160	242.820	258.038	248.717	249.537	251.598	250.213	246.901	240.795	229.925	240.468	242.878
161	236.727	257.942	240.290	252.459	250.073	241.521	238.588	245.329	242.473	239.545	229.412
162	237.478	258.024	244.046	256.489	239.578	245.344	238.585	247.427	250.020	233.897	231.522
163	239.573	244.121	238.496	257.197	247.979	239.812	244.478	234.602	241.190	229.473	225.291
164	235.774	251.462	249.639	252.872	240.766	242.842	236.323	241.451	246.102	231.297	237.372
165	237.986	254.772	258.956	248.197	254.468	246.543	243.395	236.534	239.939	236.348	236.874
166	227.528	246.115	249.924	246.418	241.372	237.938	231.723	241.393	235.160	230.397	228.204
167	224.965	234.226	248.889	250.884	239.501	234.320	231.522	231.988	231.249	234.757	228.498
168	226.589	239.447	232.747	256.226	241.372	231.508	232.139	225.863	234.318	237.470	228.461
169	230.740	252.718	241.266	245.929	241.027	234.521	240.372	230.516	238.624	237.720	228.553
170	227.163	239.197	245.956	239.321	244.989	230.861	235.185	230.483	229.871	224.925	228.965
171	230.940	243.152	245.839	236.060	237.603	230.303	231.473	227.485	236.829	240.165	232.174
172	229.973	242.749	235.176	236.515	241.213	235.976	240.760	231.635	233.992	226.155	221.465
173	229.399	239.125	239.431	242.564	235.793	243.614	238.641	228.247	228.555	226.866	217.994
174	223.922	234.800	243.572	240.570	230.976	235.838	234.594	226.904	226.168	222.497	216.720
175	220.544	238.075	241.164	231.057	226.680	232.143	227.104	224.188	229.372	226.699	219.873
176	223.208	232.189	231.760	241.531	232.078	232.936	231.002	229.044	224.261	222.889	215.634
177	226.202	225.449	235.540	237.017	228.226	238.977	230.279	224.467	228.435	230.527	215.520
178	225.439	235.264	236.676	235.456	224.081	244.743	229.876	219.322	223.034	231.035	217.589
179	227.634	235.554	234.614	232.509	228.723	238.816	224.555	230.089	221.152	223.698	222.314
180	222.971	229.712	234.384	234.930	232.736	234.463	231.928	226.628	228.767	216.206	226.237
181	223.469	225.294	233.081	244.877	232.848	229.305	221.969	225.650	229.852	216.402	224.090
182	221.445	223.274	225.233	232.151	234.059	229.085	217.787	219.637	222.976	218.959	218.393
183	217.581	243.277	229.109	235.338	232.310	237.141	227.794	229.739	229.060	218.168	214.508
184	213.914	236.557	231.531	232.182	226.553	226.181	227.312	230.589	224.140	223.409	224.465
185	217.326	230.067	229.639	226.610	224.891	232.127	229.551	223.068	222.175	219.993	222.146
186	222.433	233.658	228.552	231.396	224.149	223.501	226.055	233.660	223.114	222.254	221.212
187	224.218	230.040	225.179	227.211	228.543	223.767	226.741	226.141	223.024	216.338	216.411
188	212.237	233.189	226.651	227.106	230.850	223.840	225.565	221.018	226.448	222.914	219.462
189	215.396	230.473	225.476	230.445	222.856	220.704	228.677	218.951	221.294	224.207	213.240
190	214.098	232.450	221.702	223.096	223.251	216.155	230.106	216.356	223.240	218.722	212.436
191	215.382	231.870	218.402	223.489	223.642	221.417	220.197	211.326	225.010	216.753	220.154
192	219.719	225.634	217.690	225.882	224.031	223.543	227.574	215.957	222.130	215.514	218.136
193	216.323	224.273	223.342	227.238	218.087	225.611	214.664	211.052	216.380	217.824	217.988
194	220.393	220.783	224.326	225.511	219.543	220.024	212.826	213.413	217.371	216.636	212.694
195	211.304	222.379	227.563	219.507	218.909	223.609	213.531	216.572	206.987	214.743	211.139
196	208.452	213.681	232.739	228.228	217.251	216.104	212.085	217.291	212.803	218.088	214.354
197	212.814	216.938	218.919	228.930	211.678	215.777	212.386	222.705	218.324	204.706	218.362
198	209.482	220.600	225.374	217.658	218.662	215.559	210.580	218.945	217.298	208.757	220.721
199	209.279	220.901	225.675	225.599	219.564	213.048	215.748	219.984	214.329	212.782	217.816
200	211.652	223.154	210.689	224.288	218.821	216.787	221.144	225.790	218.262	207.768	219.397
201	213.426	213.312	221.971	227.871	219.094	218.172	216.398	216.358	217.670	215.042	209.729
202	211.798	216.453	220.700	215.033	214.705	218.360	213.562	210.689	210.369	213.891	208.732
203	210.369	224.043	223.381	214.805	219.535	214.520	212.641	209.807	210.543	213.343	206.913
