 	Profile_Slice_1	Profile_Slice_2	Profile_Slice_3	Profile_Slice_4	Profile_Slice_5	Profile_Slice_6	Profile_Slice_7	Profile_Slice_8	Profile_Slice_9	Profile_Slice_10	Profile_Slice_11
1	296.022	296.022	290.699	284.097	290.777	291.476	290.119	301.556	287.025	303.315	311.912
2	281.066	281.066	289.236	281.805	285.970	292.798	293.688	294.793	301.581	311.696	307.570
3	290.969	290.969	289.554	291.225	293.540	286.409	299.789	302.754	297.495	316.265	309.008
4	290.435	290.435	291.726	288.909	284.915	280.243	300.975	299.508	301.504	303.274	301.299
5	293.312	293.312	292.240	292.251	291.725	291.332	302.417	315.789	300.681	305.567	313.312
6	296.291	296.291	296.095	297.747	290.587	292.600	297.986	315.176	307.017	314.982	309.729
7	294.980	294.980	291.826	305.301	300.339	294.455	291.894	307.488	309.906	308.361	308.176
8	288.002	288.002	290.261	299.113	296.803	289.497	303.004	315.812	309.034	317.904	310.697
9	294.470	294.470	300.070	294.513	288.927	301.612	301.348	317.022	317.451	318.420	313.403
10	299.431	299.431	308.983	297.372	301.556	301.530	295.382	315.783	319.162	314.580	309.345
11	290.952	290.952	309.032	309.757	313.714	293.294	306.675	316.150	302.857	319.487	322.151
12	302.245	302.245	304.566	312.592	306.982	307.249	309.150	321.503	310.290	325.951	329.913
13	305.218	305.218	304.644	309.628	311.188	310.878	322.132	324.796	314.605	328.664	316.627
14	309.917	309.917	303.378	309.059	300.587	311.139	312.808	320.059	321.929	325.252	328.588
15	311.569	311.569	308.244	305.011	314.642	327.660	313.731	319.182	322.954	330.365	331.356
16	312.175	312.175	305.652	314.268	314.550	314.854	320.292	310.227	327.289	332.427	332.675
17	310.677	310.677	323.213	318.025	327.006	314.190	323.726	326.660	332.097	327.444	334.808
18	315.161	315.161	331.116	324.637	320.456	316.163	324.414	325.510	332.390	324.985	326.653
19	321.377	321.377	315.577	320.496	332.546	318.353	324.542	325.188	333.901	342.031	333.582
20	327.547	327.547	316.668	323.093	316.405	332.042	337.546	330.187	340.387	336.518	344.654
21	327.121	327.121	323.018	325.522	328.700	334.081	334.248	339.982	349.201	336.849	341.827
22	317.109	317.109	315.943	326.462	322.965	331.198	334.541	343.835	347.419	344.615	358.646
23	337.860	337.860	330.953	323.163	327.009	337.363	329.573	343.732	336.567	353.535	345.795
24	341.445	341.445	339.665	328.467	336.071	339.088	332.084	347.487	352.053	346.505	342.939
25	335.074	335.074	340.117	329.374	341.798	337.588	344.068	353.339	356.072	354.807	355.766
26	340.508	340.508	324.495	344.512	333.810	338.939	351.014	355.957	352.011	359.572	357.655
27	336.477	336.477	333.401	337.212	345.127	337.536	345.761	349.366	353.888	358.323	350.414
28	342.174	342.174	335.559	350.995	348.679	350.148	347.692	346.060	368.079	361.775	363.460
29	329.185	329.185	346.080	348.527	358.979	339.573	357.015	359.561	358.278	350.190	363.481
30	340.387	340.387	348.655	339.427	348.486	363.100	344.772	373.385	364.274	370.811	368.766
31	351.845	351.845	352.009	349.303	358.719	358.080	352.876	374.381	377.366	365.575	370.934
32	356.984	356.984	356.391	360.200	344.924	362.624	359.449	369.548	369.215	376.807	374.243
33	352.307	352.307	357.814	357.358	353.521	363.340	377.714	372.221	374.114	377.833	376.406
34	350.066	350.066	362.050	361.211	359.765	363.080	362.152	384.736	385.760	375.667	380.879
35	347.091	347.091	366.333	366.031	357.007	356.406	372.503	381.246	398.453	370.471	387.079
36	365.709	365.709	370.276	367.921	368.945	367.430	369.038	383.149	379.823	381.645	396.292
37	365.478	365.478	371.356	367.826	369.050	377.807	375.403	380.710	390.105	386.877	393.880
38	371.646	371.646	364.773	375.182	367.200	370.386	376.852	384.721	388.927	391.067	387.378
39	366.569	366.569	367.236	366.686	384.799	380.318	392.792	386.929	397.409	389.093	390.869
40	368.018	368.018	368.523	364.956	384.212	372.879	386.465	404.037	398.462	397.877	397.059
41	376.955	376.955	376.488	374.384	383.870	372.769	392.489	406.950	407.072	398.378	407.449
42	389.997	389.997	375.679	380.187	375.216	387.727	388.594	411.797	402.171	403.759	412.127
43	389.287	389.287	376.697	387.930	396.404	394.444	394.611	406.276	408.689	414.207	430.530
44	400.293	400.293	388.813	405.526	402.402	403.689	409.641	410.527	415.981	413.297	426.986
45	399.500	399.500	384.102	417.173	408.178	417.326	412.750	413.988	415.849	431.727	435.845
46	389.838	389.838	388.311	409.874	406.790	406.001	418.852	411.751	418.406	437.002	415.857
47	403.004	403.004	391.147	403.303	403.791	403.974	419.485	424.334	423.183	421.966	443.206
48	417.677	417.677	400.496	402.941	429.008	414.700	424.223	434.683	420.475	424.128	443.968
49	407.796	407.796	409.117	416.815	436.540	413.426	422.152	433.139	419.673	437.747	454.367
50	413.431	413.431	419.245	429.787	427.778	423.973	426.693	433.554	433.880	451.582	442.797
51	420.889	420.889	423.977	429.221	432.529	432.233	434.139	445.764	447.334	458.174	448.420
52	431.234	431.234	423.890	424.394	441.868	431.961	433.207	446.851	451.790	471.517	444.541
53	419.948	419.948	420.981	427.520	444.451	431.600	442.902	438.782	458.891	461.008	455.888
54	416.913	416.913	428.800	437.932	442.099	440.449	445.062	459.653	466.397	470.330	479.137
55	424.224	424.224	430.147	446.577	440.145	455.561	465.238	454.975	470.833	475.409	480.650
56	437.191	437.191	434.433	450.146	454.331	456.148	462.172	458.056	490.948	478.106	482.795
57	445.524	445.524	441.056	440.952	456.360	449.095	454.962	480.141	479.541	485.314	481.297
58	457.841	457.841	449.110	451.030	458.081	447.927	461.950	481.489	482.940	491.995	489.077
59	461.519	461.519	461.118	460.157	473.633	458.647	466.900	481.088	472.957	507.013	498.542
60	475.417	475.417	474.689	464.100	483.861	469.710	482.923	492.134	482.261	487.826	505.666
61	465.461	465.461	477.497	467.637	490.645	488.325	504.378	502.316	496.674	487.534	504.369
62	466.793	466.793	476.152	476.600	482.241	489.235	496.921	502.181	512.006	507.601	507.117
63	471.426	471.426	481.990	491.298	489.093	503.746	494.876	503.653	511.898	528.960	545.338
64	490.015	490.015	476.866	498.875	494.955	494.980	515.627	513.647	509.581	543.415	526.058
65	499.278	499.278	484.752	483.059	495.404	506.424	511.034	514.084	519.532	528.264	533.723
66	505.620	505.620	502.587	494.025	502.244	530.407	514.872	521.885	543.668	532.102	537.890
67	493.685	493.685	505.329	505.382	515.524	515.049	529.281	522.712	546.049	549.933	546.734
68	513.788	513.788	498.741	515.079	527.361	517.940	545.044	551.222	548.300	553.707	550.414
69	530.057	530.057	513.713	520.176	528.715	537.280	558.354	550.929	555.122	553.756	550.599
70	540.760	540.760	518.354	527.063	545.221	544.224	562.796	562.934	562.809	576.396	582.489
71	536.236	536.236	528.335	542.259	539.069	545.056	556.019	580.340	576.221	587.708	595.651
72	549.910	549.910	535.769	531.609	545.233	555.895	556.103	586.426	592.608	597.653	608.064
73	555.037	555.037	547.675	553.067	553.417	567.670	588.242	594.281	587.497	618.665	627.684
74	560.795	560.795	544.731	560.121	557.417	576.276	603.483	612.596	613.273	621.668	641.740
75	574.963	574.963	561.328	558.854	581.150	590.617	605.758	621.499	633.968	623.583	654.057
76	583.087	583.087	569.617	574.544	585.743	606.193	611.578	634.614	641.097	660.626	661.154
77	591.253	591.253	570.070	579.802	589.045	603.307	625.234	662.622	645.810	673.110	679.804
78	600.864	600.864	583.154	592.206	608.490	627.684	642.924	681.631	666.757	692.508	715.083
79	600.282	600.282	602.887	600.519	616.078	633.338	653.085	706.760	693.355	714.742	735.125
80	621.443	621.443	605.930	599.696	636.137	648.478	680.198	720.477	689.612	736.436	757.491
81	624.670	624.670	635.596	630.867	655.873	674.592	705.595	729.337	705.853	753.357	769.458
82	633.716	633.716	641.893	648.657	672.729	710.260	718.301	770.084	750.745	768.341	789.518
83	659.400	659.400	662.243	659.559	690.092	708.045	735.238	782.474	764.106	785.660	808.098
84	683.211	683.211	681.214	689.287	709.036	740.365	758.108	832.068	777.761	791.314	818.470
85	693.088	693.088	702.536	693.631	714.076	762.182	769.772	812.360	799.032	803.312	813.082
86	715.671	715.671	712.603	722.768	737.329	770.724	795.301	824.829	828.288	824.432	834.379
87	739.792	739.792	731.419	740.205	757.554	785.335	812.957	830.875	831.723	826.316	838.993
88	757.815	757.815	756.988	761.955	758.367	802.180	828.747	856.534	841.353	844.299	848.768
89	768.484	768.484	761.066	760.139	780.240	816.408	834.006	848.602	836.069	848.690	864.365
90	783.995	783.995	796.213	777.750	775.355	807.447	824.588	829.100	826.103	854.321	843.656
91	809.126	809.126	800.399	803.359	796.815	823.350	819.165	835.582	844.847	850.595	819.204
92	821.451	821.451	838.535	827.086	783.930	831.794	814.743	808.889	826.597	845.365	811.618
93	839.675	839.675	830.330	847.722	799.767	837.669	804.141	806.889	837.532	823.738	798.691
94	850.648	850.648	850.529	853.634	814.019	817.150	796.927	806.258	831.435	822.459	798.399
95	862.840	862.840	853.998	848.981	832.808	807.380	785.644	800.628	790.187	799.192	802.472
96	857.900	857.900	852.349	831.605	843.648	774.687	761.801	787.611	791.687	782.086	788.715
97	867.233	867.233	833.539	834.016	820.189	763.730	762.574	764.552	788.241	775.406	778.184
98	830.164	830.164	813.453	817.577	815.856	770.893	739.379	754.076	749.401	759.822	774.605
99	811.290	811.290	766.986	792.086	803.573	762.299	742.419	745.154	755.492	757.884	774.752
100	835.511	835.511	768.631	787.621	778.332	749.221	729.408	749.875	762.999	746.901	759.051
101	805.365	805.365	781.193	762.823	771.710	735.592	718.463	748.492	745.793	749.757	744.061
102	779.298	779.298	742.593	752.469	733.816	731.966	722.657	735.618	727.921	749.797	765.428
103	756.362	756.362	754.400	743.260	726.512	739.366	732.864	731.648	738.230	757.223	761.478
104	752.592	752.592	725.156	730.124	727.067	711.770	732.689	734.023	740.197	734.910	769.863
105	751.377	751.377	721.343	722.467	752.699	715.034	751.362	739.817	733.049	741.195	761.254
106	746.794	746.794	712.773	732.400	726.619	741.984	716.998	718.763	736.622	748.429	752.787
107	746.698	746.698	716.546	711.349	735.569	719.343	728.288	729.331	732.024	764.563	748.369
108	734.889	734.889	717.941	718.604	719.349	713.191	706.882	724.455	735.845	765.282	764.937
109	729.767	729.767	696.207	726.046	705.275	703.697	719.637	731.520	740.729	755.177	774.929
110	731.851	731.851	685.205	710.494	725.487	711.667	726.194	721.978	746.997	755.674	772.865
111	739.796	739.796	704.063	713.595	713.798	698.234	719.906	729.279	732.162	730.231	778.016
112	722.394	722.394	714.085	713.912	702.066	699.357	704.262	711.640	726.063	723.537	769.091
113	728.622	728.622	689.557	711.488	701.191	699.608	711.608	723.260	732.677	723.069	764.744
114	745.403	745.403	701.082	696.068	714.624	691.301	717.755	723.532	729.643	738.988	763.643
115	704.281	704.281	718.765	710.928	718.429	692.500	720.670	720.671	718.724	715.165	752.017
116	729.310	729.310	688.140	713.594	715.073	703.641	723.250	717.324	742.897	731.941	730.879
117	735.132	735.132	689.232	717.599	719.329	725.446	707.871	726.675	712.294	736.583	730.230
118	721.142	721.142	688.643	706.688	715.037	715.432	709.660	714.389	720.170	701.152	733.652
119	716.985	716.985	711.842	713.398	707.870	724.616	729.007	718.734	751.462	707.522	760.285
120	717.596	717.596	714.830	733.462	707.247	707.323	719.444	717.773	743.942	722.886	751.350
121	723.780	723.780	709.088	721.671	715.744	706.241	714.037	727.925	734.042	741.508	759.554
122	718.801	718.801	702.900	720.073	707.819	718.300	717.123	743.427	738.294	735.481	764.289
123	716.376	716.376	705.802	718.284	692.387	710.139	726.409	739.733	742.569	739.508	764.161
124	711.121	711.121	701.126	695.892	705.908	703.392	710.129	731.425	746.031	752.915	750.393
125	724.618	724.618	729.954	691.396	722.544	697.310	725.193	739.504	730.192	741.788	767.446
126	717.364	717.364	708.982	689.247	709.002	679.708	706.455	746.775	726.851	756.523	772.158
127	713.558	713.558	708.141	695.447	709.135	712.422	707.669	736.190	749.405	755.553	752.622
128	705.193	705.193	710.700	707.854	700.457	717.776	715.466	742.125	735.069	740.713	741.373
129	715.971	715.971	709.905	705.181	691.769	690.448	716.668	743.999	732.543	743.606	742.687
130	716.664	716.664	722.189	700.036	706.149	696.735	731.694	734.323	729.686	756.793	755.922
131	711.859	711.859	704.948	703.175	703.809	711.002	710.846	736.565	745.092	752.869	758.192
132	708.387	708.387	714.922	719.112	703.871	707.556	710.056	746.769	735.623	746.267	755.429
133	704.754	704.754	699.165	717.431	701.566	709.680	718.244	744.513	736.981	749.092	742.079
134	717.731	717.731	721.072	718.531	710.046	707.161	702.128	740.800	734.570	750.806	757.000
135	712.989	712.989	731.147	708.940	723.816	703.071	718.427	721.467	749.703	756.043	754.100
136	735.920	735.920	716.742	725.031	724.725	704.603	733.563	736.293	762.440	754.257	776.190
137	732.482	732.482	723.123	723.585	710.403	701.100	718.404	754.176	758.493	757.316	767.201
138	732.724	732.724	723.374	713.298	708.199	740.710	756.734	766.053	754.087	767.670	798.487
139	703.371	703.371	727.355	722.538	718.282	731.555	770.105	780.684	761.802	779.554	814.603
140	721.897	721.897	731.283	734.271	722.914	737.673	767.242	789.286	773.966	779.912	797.879
141	746.286	746.286	733.116	755.423	740.559	753.792	783.471	788.751	789.187	800.917	812.220
142	739.908	739.908	728.104	767.553	760.767	784.601	788.681	794.203	816.279	805.528	826.516
143	746.140	746.140	741.936	764.363	762.538	790.884	776.901	801.864	814.129	813.123	836.951
144	740.359	740.359	727.438	767.243	766.123	778.163	794.314	794.708	797.243	801.555	820.405
145	745.889	745.889	732.141	776.857	786.309	770.093	787.359	792.759	787.629	809.049	810.020
146	751.077	751.077	740.325	776.984	798.736	795.793	782.762	793.303	778.458	785.364	814.738
147	743.487	743.487	747.155	769.062	796.532	784.850	791.995	790.325	785.861	792.494	831.913
148	758.745	758.745	769.340	785.209	792.986	776.525	800.200	795.301	784.497	786.797	817.214
149	751.687	751.687	774.315	769.285	795.588	790.578	785.181	783.437	788.673	795.641	788.370
150	766.183	766.183	775.060	797.831	779.206	785.640	789.797	789.812	787.520	799.721	807.470
151	782.879	782.879	786.285	792.160	796.308	804.111	786.398	799.897	788.723	806.328	812.959
152	771.831	771.831	791.296	799.037	798.168	774.564	801.327	796.585	800.206	796.600	846.505
153	784.119	784.119	786.367	813.637	791.549	786.758	787.821	779.962	795.173	786.284	832.767
