 	Profile_Slice_1	Profile_Slice_2	Profile_Slice_3	Profile_Slice_4	Profile_Slice_5	Profile_Slice_6	Profile_Slice_7	Profile_Slice_8	Profile_Slice_9	Profile_Slice_10
1	260.000	260.000	271.000	239.000	242.000	229.000	255.000	292.000	233.000	266.000
2	246.951	246.951	267.179	249.095	268.804	257.919	265.404	243.168	235.305	254.572
3	248.284	248.284	263.719	257.568	255.382	262.856	261.021	248.537	229.109	243.540
4	256.147	256.147	263.821	256.032	234.421	265.632	252.516	241.432	225.389	231.600
5	248.130	248.130	246.281	252.818	271.516	297.312	246.460	228.768	238.119	238.039
6	250.175	250.175	248.456	238.404	254.754	262.877	252.596	238.561	249.737	237.754
7	247.968	247.968	249.126	251.874	274.242	259.200	258.653	238.095	250.684	244.095
8	236.474	236.474	241.147	263.347	283.653	272.095	256.175	223.063	249.667	243.337
9	228.470	228.470	261.705	245.484	266.772	261.007	250.333	248.912	224.940	216.319
10	225.484	225.484	272.358	250.263	234.000	259.337	253.926	262.232	248.358	231.379
11	223.684	223.684	245.281	259.807	245.246	269.912	233.982	241.807	251.825	260.860
12	230.488	230.488	244.740	281.340	265.688	266.747	247.309	247.491	244.632	283.260
13	268.526	268.526	209.632	273.053	258.716	244.811	254.526	258.432	241.968	257.000
14	268.039	268.039	233.225	235.333	251.168	271.968	250.095	259.119	258.168	270.495
15	264.632	264.632	222.295	223.709	236.582	265.098	251.295	250.677	269.133	243.607
16	251.368	251.368	223.895	228.632	229.526	260.789	270.263	240.632	259.158	220.105
17	252.225	252.225	239.867	240.498	219.796	277.211	261.846	262.860	243.060	247.253
18	257.123	257.123	241.105	231.502	240.396	255.575	243.923	251.368	254.674	246.986
19	241.705	241.705	263.221	238.674	255.947	246.168	240.684	243.242	259.242	233.337
20	256.467	256.467	243.600	243.667	242.667	252.400	254.533	250.667	251.133	236.867
21	250.368	250.368	235.351	241.123	245.789	238.561	266.561	223.702	248.526	241.930
22	255.632	255.632	272.316	249.842	246.326	220.905	245.884	251.295	247.305	241.653
23	240.898	240.898	245.421	241.842	245.442	235.695	240.228	229.133	244.193	226.274
24	258.404	258.404	244.130	245.032	235.954	243.091	242.046	238.989	235.168	229.614
25	229.274	229.274	276.316	256.000	262.674	254.421	253.863	250.126	223.432	229.421
26	245.825	245.825	263.316	238.281	254.175	255.544	259.807	240.982	234.684	252.474
27	236.172	236.172	248.733	255.284	250.737	245.621	251.035	243.632	229.877	248.712
28	263.474	263.474	210.305	233.221	242.032	245.705	249.958	213.863	235.600	215.895
29	255.849	255.849	235.400	255.733	255.298	242.786	226.368	247.632	234.958	248.993
30	225.133	225.133	245.691	256.039	239.818	254.323	227.614	248.330	252.449	246.993
31	217.000	217.000	247.053	254.842	266.421	255.105	248.158	236.474	246.684	243.263
32	238.028	238.028	217.274	252.046	248.319	225.253	239.547	231.098	246.095	236.993
33	249.439	249.439	237.316	248.667	247.186	228.249	262.204	232.509	241.982	234.881
34	254.189	254.189	270.411	243.547	255.389	247.621	249.505	234.263	249.674	248.211
35	236.435	236.435	230.754	228.200	264.235	240.207	243.600	256.028	244.375	269.765
36	242.018	242.018	216.544	233.895	241.825	255.158	253.193	272.807	231.281	269.632
37	248.632	248.632	240.726	230.200	244.863	232.358	263.242	234.747	254.337	237.084
38	265.414	265.414	221.863	235.018	249.684	257.523	247.993	263.804	265.758	249.407
39	262.467	262.467	218.067	231.467	234.400	256.733	249.800	266.200	254.467	243.933
40	252.021	252.021	228.316	231.653	254.505	245.011	224.832	258.379	228.642	237.937
41	217.000	217.000	219.632	244.158	248.263	248.456	235.947	246.018	213.175	217.649
42	234.982	234.982	236.832	242.793	228.249	238.618	229.351	261.291	224.053	225.589
43	248.800	248.800	239.084	253.379	222.968	228.084	232.737	229.926	230.895	224.326
44	247.505	247.505	216.825	233.365	242.221	244.221	240.411	217.993	225.793	221.035
45	253.684	253.684	241.874	239.404	241.674	249.674	255.926	228.263	236.761	225.035
46	255.684	255.684	254.789	229.263	236.421	257.632	253.684	211.474	235.211	240.211
47	259.870	259.870	242.789	243.975	238.656	241.488	235.312	211.274	232.765	232.453
48	262.435	262.435	247.828	242.330	238.961	245.232	229.509	227.975	242.389	225.102
49	255.147	255.147	219.274	222.042	213.811	214.811	254.211	222.263	221.158	228.211
50	249.874	249.874	237.340	241.646	250.400	236.607	230.396	241.737	224.754	232.379
51	245.018	245.018	240.421	252.825	245.877	235.649	227.825	244.456	229.544	221.123
52	280.211	280.211	251.853	236.074	258.221	263.158	217.389	260.874	233.274	239.389
53	243.368	243.368	245.516	240.425	255.007	249.123	223.965	226.246	217.656	228.463
54	262.491	262.491	249.856	240.018	233.519	224.958	225.309	219.123	226.291	224.944
55	271.547	271.547	242.200	246.421	262.021	211.158	244.726	233.947	255.211	240.147
56	255.842	255.842	240.211	243.930	218.579	229.895	265.351	232.105	230.947	219.614
57	233.028	233.028	267.400	252.996	235.309	225.288	261.228	251.993	228.968	219.225
58	241.400	241.400	242.200	262.800	244.000	233.200	237.800	242.200	230.400	237.800
59	231.267	231.267	240.646	232.151	234.533	236.168	220.779	243.765	235.533	250.653
60	237.053	237.053	259.923	228.249	219.267	240.789	245.898	229.737	231.421	257.547
61	235.947	235.947	232.526	238.105	251.158	256.316	226.158	237.842	243.789	231.947
62	235.937	235.937	241.600	222.389	238.375	249.154	245.632	250.846	228.396	228.088
63	250.702	250.702	256.888	232.639	242.614	239.067	238.533	242.372	233.130	223.137
64	237.221	237.221	242.411	230.337	261.989	252.989	223.505	248.000	233.326	234.253
65	230.277	230.277	247.818	252.667	240.418	234.119	233.456	240.961	232.814	233.604
66	221.246	221.246	228.684	228.368	226.281	239.368	227.947	245.474	235.123	223.228
67	219.274	219.274	225.074	223.400	215.632	261.305	230.516	240.653	246.200	232.042
68	227.656	227.656	253.161	256.196	242.084	250.989	234.975	230.284	233.277	225.000
69	246.807	246.807	252.144	224.354	252.751	248.309	236.618	255.653	221.456	241.646
70	245.884	245.884	250.137	220.526	220.389	235.179	235.768	221.442	202.811	240.821
71	242.456	242.456	218.193	214.088	217.632	233.860	232.842	221.596	223.386	231.825
72	231.772	231.772	202.705	223.039	207.432	216.881	248.533	220.140	202.442	228.232
73	204.842	204.842	229.916	204.442	200.316	255.642	234.484	224.432	211.453	224.705
74	232.446	232.446	234.958	218.863	237.519	228.849	246.477	237.618	248.112	227.849
75	227.354	227.354	227.972	231.470	230.239	216.456	235.989	234.312	234.642	238.161
76	272.053	272.053	214.053	218.105	216.158	260.632	210.263	236.737	218.421	231.000
77	242.933	242.933	222.667	213.533	220.267	218.533	201.133	228.867	234.067	232.000
78	226.653	226.653	234.618	226.775	230.046	227.551	211.940	237.474	245.860	232.323
79	223.832	223.832	217.347	233.211	237.358	241.768	233.895	238.232	240.926	258.621
80	218.312	218.312	226.909	207.716	242.600	235.446	219.158	232.814	241.130	260.193
81	224.860	224.860	238.211	212.544	249.035	227.561	209.053	226.789	222.667	233.158
82	225.442	225.442	236.053	219.547	230.653	221.400	217.895	221.684	230.305	246.000
83	218.498	218.498	242.611	230.702	230.814	239.653	234.368	224.186	215.958	234.186
84	230.537	230.537	248.284	236.593	240.726	236.158	255.965	232.958	199.228	246.730
85	233.453	233.453	241.000	234.147	215.253	234.147	253.758	239.211	213.326	221.526
86	241.105	241.105	232.474	230.509	230.965	224.895	228.421	224.053	226.737	218.491
87	233.204	233.204	232.379	225.186	227.060	214.028	216.425	227.888	223.575	214.561
88	220.295	220.295	215.968	225.105	225.421	227.295	211.126	212.568	239.874	226.295
89	233.846	233.846	223.267	214.351	242.481	227.821	216.242	210.060	225.074	218.828
90	216.811	216.811	226.393	227.186	235.032	219.793	218.832	229.158	230.137	233.828
91	216.789	216.789	231.526	218.632	239.526	216.842	236.789	247.211	247.684	232.947
92	238.779	238.779	247.414	225.295	208.442	255.168	217.649	212.305	209.347	211.996
93	222.891	222.891	232.982	211.804	226.372	246.460	218.070	218.344	194.572	207.112
94	208.642	208.642	226.926	222.158	211.389	213.347	226.474	238.989	191.147	198.905
95	215.860	215.860	234.611	230.832	203.582	209.386	207.488	212.618	237.274	206.274
96	220.000	220.000	237.000	238.667	215.000	214.667	229.333	237.333	244.333	195.000
97	224.484	224.484	216.737	239.537	208.716	203.232	214.347	231.095	216.737	198.842
98	240.474	240.474	216.533	231.821	216.916	221.839	228.877	211.930	254.818	226.747
99	238.796	238.796	226.105	231.544	206.270	218.291	235.628	222.923	241.291	228.614
100	217.347	217.347	227.989	221.979	218.979	226.958	215.989	216.968	224.053	240.579
101	227.702	227.702	212.491	220.772	222.719	215.807	220.456	208.298	218.842	224.965
102	205.207	205.207	223.582	223.709	216.196	208.996	218.632	208.881	222.361	221.839
103	231.242	231.242	227.779	191.105	203.947	228.895	235.074	208.926	219.474	214.621
104	236.982	236.982	235.442	203.221	223.814	251.484	218.596	220.723	252.151	217.249
105	231.947	231.947	208.607	205.884	240.888	212.123	225.982	226.733	224.305	234.495
106	232.789	232.789	218.263	224.316	207.211	205.842	216.421	185.368	219.895	211.053
107	230.919	230.919	224.186	236.032	208.154	213.719	221.618	211.551	216.074	213.923
108	241.372	241.372	220.218	218.456	228.425	227.723	215.116	212.681	215.660	214.460
109	238.979	238.979	228.305	242.453	221.011	236.789	211.168	211.000	235.011	225.737
110	231.147	231.147	219.860	236.719	229.049	232.361	220.512	226.853	227.140	224.891
111	231.596	231.596	215.105	224.298	213.561	220.772	220.263	212.772	214.860	224.018
112	241.705	241.705	212.211	229.621	219.284	204.558	241.653	201.158	192.263	210.547
113	216.049	216.049	223.288	223.340	216.425	231.070	209.937	213.965	228.579	204.947
114	218.386	218.386	222.730	225.814	212.923	232.663	210.691	223.796	234.800	203.446
115	194.400	194.400	212.000	219.800	221.600	208.800	202.200	208.000	239.400	201.000
116	239.474	239.474	201.789	236.649	222.614	223.421	223.105	212.456	223.333	227.860
117	232.846	232.846	210.151	238.695	215.589	219.084	217.688	219.674	213.663	213.975
118	241.211	241.211	216.937	228.832	218.305	218.189	226.863	229.716	208.484	224.747
119	236.821	236.821	230.611	229.740	221.442	219.340	224.642	222.000	219.105	241.804
120	194.116	194.116	220.737	222.653	213.723	219.916	214.614	211.432	212.635	220.182
121	206.000	206.000	250.526	242.316	266.000	254.737	213.316	228.368	209.789	227.895
122	218.786	218.786	234.996	220.491	244.989	239.421	224.888	235.312	228.940	221.337
123	207.933	207.933	228.600	208.628	231.589	235.533	235.716	238.270	219.547	234.382
124	214.484	214.484	222.337	208.547	195.200	243.895	235.674	217.211	226.558	195.505
125	226.263	226.263	223.898	220.263	219.393	219.442	218.551	225.547	212.186	217.126
126	227.596	227.596	219.614	231.298	225.982	218.158	219.368	223.649	212.333	220.632
127	211.653	211.653	200.326	219.337	200.589	208.042	221.021	203.368	223.326	206.137
128	236.165	236.165	228.158	227.211	209.653	221.004	224.607	228.260	231.839	217.586
129	220.084	220.084	227.544	234.319	205.077	221.937	232.719	226.358	223.168	236.284
130	206.053	206.053	219.232	198.337	215.411	199.242	233.874	221.853	215.253	235.916
131	219.667	219.667	197.789	199.474	204.702	217.737	219.860	228.877	214.947	204.754
132	218.888	218.888	202.323	227.793	205.684	212.365	230.211	236.667	221.021	223.761
133	230.253	230.253	200.905	236.126	201.600	205.253	213.505	223.474	225.116	232.295
134	222.267	222.267	217.133	228.467	208.600	225.000	217.800	219.067	239.200	239.000
135	221.667	221.667	228.204	240.481	231.347	230.368	223.386	207.312	242.818	244.586
136	234.105	234.105	225.316	229.632	244.000	239.474	211.000	208.211	210.947	216.947
137	205.235	205.235	221.477	227.207	214.119	228.758	202.102	217.147	212.758	204.832
138	212.933	212.933	224.979	221.477	212.737	215.954	205.846	220.639	222.947	207.393
139	230.168	230.168	242.074	238.484	200.958	188.747	206.495	204.000	218.495	210.695
140	227.635	227.635	218.158	222.909	230.877	242.726	206.554	216.814	212.470	240.761
141	222.579	222.579	205.772	211.088	233.947	229.368	212.807	211.509	225.789	217.789
142	213.442	213.442	205.400	206.684	216.589	227.074	245.516	211.274	226.768	207.074
143	211.502	211.502	211.863	208.323	210.537	212.460	222.568	222.046	210.077	221.260
144	212.070	212.070	221.014	227.765	206.032	211.414	215.288	201.081	224.975	215.512
145	215.242	215.242	208.032	235.421	205.632	225.905	221.137	207.305	184.200	234.716
146	218.737	218.737	209.053	226.175	225.614	232.561	213.018	220.123	204.123	228.491
147	218.860	218.860	218.509	229.119	213.786	213.095	212.116	211.951	215.154	223.639
148	208.863	208.863	212.558	225.411	222.126	215.779	229.137	243.621	228.179	233.168
149	215.393	215.393	215.428	228.867	209.618	217.151	234.179	228.049	215.561	217.491
150	225.175	225.175	211.074	204.074	214.147	226.716	225.032	217.105	209.389	219.719
151	236.211	236.211	221.947	199.684	233.158	244.421	203.789	207.263	211.579	219.684
152	214.635	214.635	222.126	221.288	208.958	215.660	229.021	220.842	214.140	204.814
153	218.800	218.800	221.600	230.533	210.933	229.733	231.600	217.067	222.267	200.400
154	233.484	233.484	213.558	234.611	222.516	192.874	247.316	205.032	208.179	207.737
155	223.642	223.642	207.519	222.246	221.207	223.330	212.674	215.365	203.825	221.551
156	215.877	215.877	213.491	229.772	203.000	198.088	222.158	201.018	204.825	201.526
157	227.053	227.053	203.326	235.379	239.095	218.589	213.463	205.989	203.726	203.200
158	217.309	217.309	208.533	227.867	221.526	219.856	224.151	208.996	215.702	207.947
159	192.765	192.765	204.940	215.789	222.421	209.937	226.305	200.835	230.337	211.368
160	239.242	239.242	220.453	241.263	256.768	227.147	207.042	230.253	208.874	241.821
161	209.491	209.491	231.982	210.684	216.526	218.982	218.982	212.158	220.474	224.175
162	210.165	210.165	222.389	199.358	195.807	214.154	213.782	224.698	225.116	205.551
163	228.032	228.032	216.926	245.021	208.337	246.295	209.547	238.032	226.674	234.232
164	228.361	228.361	215.442	206.958	196.284	228.716	229.418	227.646	218.933	213.221
165	215.474	215.474	209.488	211.804	213.649	216.333	219.632	224.786	213.870	217.172
166	213.000	213.000	217.526	214.842	230.474	236.053	200.526	215.000	239.053	235.421
167	213.326	213.326	241.179	228.007	238.088	208.593	212.733	203.126	212.211	228.337
168	216.084	216.084	218.656	215.779	216.474	217.386	206.772	214.846	217.060	206.723
169	223.221	223.221	233.232	248.800	203.326	209.326	219.347	219.189	244.653	220.558
170	206.681	206.681	218.284	220.347	221.856	209.074	232.077	226.663	220.951	214.965
171	225.860	225.860	224.649	227.123	189.912	198.860	222.526	231.702	237.123	223.596
172	211.400	211.400	226.200	230.800	236.200	213.800	205.200	199.800	198.600	206.600
173	207.551	207.551	231.828	217.754	209.077	213.484	209.740	217.267	216.344	218.116
174	214.000	214.000	237.698	211.849	208.944	216.940	214.951	214.140	216.653	235.796
175	211.547	211.547	194.716	233.621	216.126	238.621	246.779	187.432	246.389	243.253
176	218.632	218.632	209.000	213.947	208.193	222.877	217.561	221.368	200.509	214.474
177	223.891	223.891	219.484	207.547	211.277	205.063	223.070	224.716	206.330	213.168
178	221.263	221.263	197.263	212.695	238.558	200.400	221.537	228.547	205.442	215.253
179	220.740	220.740	196.621	208.561	219.053	201.586	225.614	221.095	224.611	238.204
180	220.565	220.565	212.909	206.575	221.986	213.607	210.509	198.161	216.533	207.575
181	213.211	213.211	200.632	196.737	211.000	217.842	232.842	212.368	208.474	205.579
182	205.898	205.898	208.835	215.228	203.544	205.951	203.400	217.274	213.165	209.554
183	214.126	214.126	232.614	229.996	211.098	201.021	216.716	221.582	199.147	217.449
184	199.074	199.074	213.811	230.074	215.316	201.747	217.400	218.095	220.821	188.421
185	219.825	219.825	214.842	200.207	227.842	223.940	219.579	203.323	208.947	212.067
186	212.772	212.772	211.719	208.509	214.982	228.860	229.877	206.737	205.895	221.930
187	212.053	212.053	180.421	216.684	220.200	230.884	207.316	214.084	198.421	209.821
188	214.779	214.779	218.821	211.758	214.414	228.263	223.204	223.789	215.825	207.011
189	209.474	209.474	223.288	215.098	216.600	219.284	225.926	224.400	218.740	207.860
190	213.211	213.211	211.674	204.021	214.295	191.789	199.537	209.779	205.000	219.484
191	216.667	216.667	206.000	224.000	221.000	213.000	229.333	215.333	204.333	207.667
192	220.944	220.944	213.716	232.972	226.919	204.646	229.681	215.109	211.912	214.835
193	232.653	232.653	199.947	228.526	221.821	239.400	229.537	215.853	206.442	213.421
194	217.505	217.505	207.589	220.919	221.018	236.807	222.449	209.670	209.733	216.877
195	215.168	215.168	203.512	243.814	226.456	207.695	208.428	218.498	225.102	213.754
196	221.526	221.526	205.053	207.789	220.053	232.632	197.105	196.316	208.842	206.684
197	230.989	230.989	221.098	214.695	209.842	223.874	216.656	222.284	207.667	205.691
198	225.965	225.965	243.716	213.365	221.140	214.544	235.270	233.463	205.596	226.095
199	201.316	201.316	196.695	206.316	241.263	169.158	239.484	225.347	206.021	212.358
200	210.768	210.768	209.014	229.905	218.277	202.989	221.663	214.796	210.561	215.512
201	209.912	209.912	211.947	223.281	209.667	220.649	216.754	205.842	210.333	216.544
202	223.242	223.242	227.842	234.568	208.095	221.884	228.126	215.379	203.411	227.011
203	224.032	224.032	245.653	233.218	213.519	232.326	222.467	230.263	217.554	228.993
204	233.863	233.863	236.439	225.246	217.432	218.926	218.032	224.684	208.789	221.221
205	227.421	227.421	261.147	216.421	219.053	224.274	218.874	226.253	214.558	220.989
206	221.544	221.544	221.456	212.018	205.526	228.754	231.719	218.035	211.281	216.825
207	220.656	220.656	218.147	217.375	207.642	220.839	216.428	206.965	220.007	223.032
208	225.453	225.453	208.600	232.000	229.168	204.179	209.305	240.505	230.463	221.653
209	207.232	207.232	211.691	211.533	213.789	219.018	211.172	230.053	208.642	199.446
210	202.467	202.467	211.200	221.400	222.333	202.400	205.467	211.800	207.333	191.667
211	187.895	187.895	203.684	233.842	225.474	235.579	221.053	224.158	212.053	228.684
212	230.895	230.895	206.365	229.505	211.477	216.891	216.470	224.768	202.007	205.779
213	234.653	234.653	215.632	223.923	210.856	211.839	225.989	216.207	196.933	213.109
214	245.347	245.347	231.295	217.274	218.053	207.442	236.863	222.137	228.232	210.684
215	216.632	216.632	215.067	216.796	206.239	219.337	222.884	225.702	218.825	221.077
216	221.526	221.526	224.158	221.544	222.035	220.965	224.614	215.386	208.053	217.035
217	219.463	219.463	223.232	244.695	229.600	225.042	239.747	228.579	209.126	228.726
218	217.032	217.032	214.618	211.621	220.509	216.961	243.379	224.663	217.947	236.344
219	218.849	218.849	228.800	214.035	234.225	220.375	223.786	212.691	204.663	233.298
220	206.116	206.116	187.853	221.863	231.916	225.874	221.463	212.695	216.716	226.326
221	223.719	223.719	209.246	221.140	216.175	235.018	201.614	224.596	225.772	214.386
222	215.109	215.109	222.249	217.204	224.347	235.453	202.330	236.235	217.670	212.814
223	245.305	245.305	189.116	203.337	241.411	212.453	217.811	210.589	205.158	220.600
224	223.604	223.604	216.681	217.140	225.014	214.926	224.677	203.189	210.284	221.933
225	232.516	232.516	210.670	226.018	231.330	221.509	218.958	195.375	209.540	227.214
226	242.316	242.316	228.947	215.632	221.211	204.947	211.368	212.316	213.316	234.000
227	233.196	233.196	227.232	229.498	207.933	216.105	228.396	202.975	223.028	226.246
228	218.523	218.523	228.530	226.474	216.660	200.260	216.944	206.958	211.333	223.877
229	221.800	221.800	238.000	224.600	209.800	200.200	204.800	219.600	240.800	212.600
230	213.014	213.014	221.582	222.614	205.344	205.007	218.575	220.105	227.137	225.249
231	230.281	230.281	205.316	210.895	198.930	225.193	235.526	215.930	215.368	202.509
232	225.084	225.084	206.579	214.084	191.589	205.505	220.137	208.884	219.832	224.558
233	214.575	214.575	200.298	194.014	214.747	205.818	219.909	207.168	217.516	233.042
234	212.091	212.091	204.625	216.039	224.123	210.189	211.067	215.877	214.726	225.386
235	214.316	214.316	206.811	199.926	233.842	209.537	199.684	249.442	223.379	208.074
236	225.754	225.754	234.070	218.965	223.246	218.035	217.158	221.807	231.351	238.754
237	226.204	226.204	223.386	215.789	207.540	222.502	213.249	214.260	239.463	225.660
238	221.600	221.600	206.653	243.600	167.042	231.737	196.516	202.274	226.263	201.021
239	232.860	232.860	215.281	223.042	199.835	212.347	220.916	210.596	211.625	231.379
240	222.484	222.484	219.818	217.891	207.968	216.800	207.070	215.568	211.309	216.919
241	201.579	201.579	221.895	222.368	206.053	240.684	211.053	210.895	225.053	202.263
242	208.618	208.618	214.656	216.747	210.295	235.740	212.779	246.811	221.642	216.239
243	212.004	212.004	202.035	220.425	219.333	195.628	236.477	228.772	222.421	217.681
244	229.653	229.653	187.705	202.116	225.116	197.937	213.747	221.053	219.516	226.779
245	225.414	225.414	213.996	221.737	211.895	205.463	216.733	215.842	211.526	216.589
246	221.877	221.877	200.193	224.947	202.123	223.175	211.947	214.965	212.211	228.649
247	214.021	214.021	215.789	220.400	208.674	219.032	208.474	251.274	228.232	211.526
248	212.333	212.333	217.800	227.200	207.800	195.800	179.400	233.000	222.867	215.933
249	207.140	207.140	222.940	214.937	208.916	212.937	193.312	216.716	220.172	204.916
250	216.916	216.916	224.379	218.905	210.811	242.063	230.684	226.284	219.674	197.853
251	218.123	218.123	239.684	229.035	210.579	207.667	230.140	239.930	223.105	208.193
252	220.298	220.298	217.877	227.414	205.379	213.256	219.337	236.453	217.688	214.814
253	232.284	232.284	213.842	210.074	199.695	242.842	219.705	239.989	213.968	197.611
254	216.467	216.467	234.979	230.737	224.775	228.018	197.604	211.375	198.428	203.140
255	215.319	215.319	214.467	217.025	225.340	210.923	218.902	200.056	206.393	221.425
256	211.368	211.368	222.632	208.316	237.368	234.316	225.632	243.316	225.368	208.579
257	213.533	213.533	240.396	199.614	219.635	220.246	198.365	225.849	214.912	230.505
258	226.814	226.814	225.653	215.832	208.270	214.509	193.968	221.235	204.975	247.347
259	203.758	203.758	242.526	232.358	208.642	238.053	197.474	240.716	219.853	221.011
260	210.786	210.786	210.046	219.319	226.102	215.365	210.263	221.193	214.126	229.993
261	211.193	211.193	212.228	218.561	224.175	213.702	219.070	218.404	211.474	221.895
262	205.200	205.200	207.821	214.063	236.853	226.663	207.200	260.905	179.295	194.589
263	210.775	210.775	220.765	222.347	218.789	203.775	195.575	221.211	211.414	236.818
264	199.256	199.256	215.933	220.446	219.730	222.007	198.775	221.193	219.400	231.323
265	194.926	194.926	198.358	211.747	225.274	225.389	225.137	227.726	228.147	224.116
266	239.509	239.509	199.667	206.825	230.491	215.860	218.211	230.070	209.807	217.807
267	221.933	221.933	198.333	214.400	206.667	221.067	230.067	228.333	213.067	245.533
268	213.621	213.621	184.621	216.053	214.063	229.453	211.579	207.526	210.168	221.842
269	226.512	226.512	191.611	215.239	214.467	226.972	211.354	203.982	212.109	211.902
270	205.228	205.228	200.540	219.084	197.884	216.607	219.018	211.488	218.467	199.207
271	213.053	213.053	200.263	228.474	205.158	215.947	215.316	213.316	195.842	193.105
272	217.393	217.393	201.491	220.607	218.330	207.323	199.839	215.596	209.179	206.646
273	204.305	204.305	212.161	225.354	224.291	215.989	207.347	198.175	225.312	227.530
274	218.937	218.937	213.400	214.032	203.158	205.126	202.537	192.189	240.484	240.484
275	207.400	207.400	196.330	216.351	200.425	223.989	213.439	210.274	200.533	192.919
276	209.211	209.211	212.123	228.825	214.667	220.351	199.035	213.158	203.439	207.211
277	215.495	215.495	203.716	215.537	224.811	210.000	221.105	222.126	205.347	227.989
278	244.414	244.414	199.421	203.968	218.691	225.825	201.516	228.782	218.572	226.175
279	208.993	208.993	206.147	219.618	207.779	217.449	213.147	222.653	204.147	226.098
280	210.358	210.358	215.474	221.389	200.747	219.137	217.768	229.095	223.221	218.895
281	212.298	212.298	215.912	223.246	209.842	196.000	214.596	205.579	222.930	207.754
282	225.604	225.604	216.147	229.446	217.095	203.011	211.147	215.053	218.214	203.488
283	230.032	230.032	206.789	230.663	245.168	227.400	219.000	211.274	222.874	209.642
284	217.765	217.765	215.874	228.042	229.558	216.765	204.937	215.628	219.098	217.775
285	209.649	209.649	206.042	225.042	224.986	220.060	197.986	201.589	226.765	213.291
286	200.000	200.000	209.000	200.000	220.000	206.000	206.000	189.000	200.000	208.000
