 	Profile_Slice_1	Profile_Slice_2	Profile_Slice_3	Profile_Slice_4	Profile_Slice_5	Profile_Slice_6	Profile_Slice_7	Profile_Slice_8	Profile_Slice_9	Profile_Slice_10	Profile_Slice_11
1	446.677	433.391	423.000	433.751	433.627	425.044	426.261	424.906	419.410	440.188	439.458
2	431.762	428.578	418.732	424.934	441.359	433.913	427.201	429.263	430.827	445.463	420.101
3	441.944	414.846	417.411	419.169	428.667	429.679	435.876	431.139	431.447	432.898	431.483
4	436.687	418.658	436.914	429.712	418.657	432.156	421.940	418.121	422.221	430.107	439.306
5	432.651	427.443	436.126	418.337	419.952	432.474	429.536	415.477	426.268	424.719	440.531
6	432.554	443.810	428.757	427.592	433.904	423.578	438.776	430.896	422.272	436.194	436.222
7	420.942	430.765	432.541	434.429	434.910	415.955	422.775	428.215	442.761	429.453	432.892
8	425.567	434.560	414.102	434.162	436.761	424.395	440.081	423.774	439.864	421.727	433.476
9	432.565	432.252	426.521	430.652	432.007	430.101	423.864	433.526	442.997	434.567	423.177
10	444.344	429.081	436.599	417.179	437.129	423.926	423.129	429.236	440.379	430.244	435.875
11	436.458	423.543	428.165	429.573	433.079	419.310	432.149	425.151	442.016	432.744	430.128
12	445.108	443.596	439.100	432.362	434.582	425.900	441.970	437.721	435.820	436.893	429.496
13	424.093	445.148	427.886	426.749	438.146	432.775	436.438	426.153	425.495	437.777	425.825
14	434.433	430.472	425.431	431.184	434.929	425.704	425.298	431.580	431.124	444.742	436.060
15	441.926	435.241	431.856	432.683	440.583	424.829	444.289	434.784	434.243	437.872	448.753
16	433.189	432.248	431.663	435.880	420.076	436.290	453.078	437.910	429.932	444.753	436.759
17	445.365	436.075	443.974	429.050	432.871	441.399	441.494	436.148	450.072	450.390	432.743
18	446.696	440.807	437.063	442.305	449.126	434.886	441.288	463.842	452.562	442.915	448.453
19	452.820	443.223	448.027	452.623	442.671	455.087	440.848	458.084	460.605	462.968	449.220
20	457.144	448.675	447.961	460.248	455.933	443.997	446.499	454.644	453.142	469.567	454.220
21	467.174	447.702	451.941	450.215	442.815	450.407	448.618	463.359	448.360	462.313	463.600
22	462.854	450.183	453.849	445.753	439.427	450.954	457.252	467.409	476.345	468.115	455.180
23	443.161	453.017	450.210	450.300	460.819	457.272	453.288	479.212	472.562	454.592	453.251
24	470.803	444.860	456.570	452.648	454.697	457.103	475.171	471.211	471.186	463.202	465.301
25	469.193	458.774	449.219	461.139	461.942	447.175	473.772	480.173	488.396	471.752	472.130
26	472.068	457.099	450.909	446.003	456.047	460.260	466.229	469.857	466.607	463.661	457.366
27	466.639	453.710	455.279	450.934	451.889	459.014	470.216	483.848	467.579	478.644	477.984
28	472.072	454.276	449.007	453.514	459.432	461.398	459.471	479.007	452.162	481.917	468.042
29	485.724	470.974	455.210	464.888	451.153	462.818	459.106	473.972	472.911	477.062	469.007
30	472.930	467.950	467.162	462.295	451.949	467.501	454.934	462.285	467.093	473.619	479.117
31	459.098	455.428	465.346	464.857	469.975	465.199	465.011	493.863	484.359	461.885	471.004
32	472.143	465.511	464.015	475.850	475.292	463.021	462.350	488.617	472.179	474.173	480.867
33	478.639	460.732	462.990	473.908	473.399	474.511	476.006	471.312	466.913	469.612	473.490
34	467.190	466.153	474.506	476.610	485.654	478.284	464.742	473.919	478.066	475.644	486.540
35	489.370	488.659	477.954	482.112	475.507	468.348	470.456	477.594	479.249	475.553	491.704
36	486.265	479.428	492.302	476.739	481.886	475.019	485.202	478.620	489.510	489.366	487.397
37	481.987	475.985	492.475	496.696	485.331	473.841	487.400	480.171	481.616	486.691	493.734
38	493.762	488.719	484.464	478.501	471.045	466.224	502.759	495.311	491.700	498.374	496.188
39	499.567	488.403	488.396	487.276	472.378	470.708	487.166	485.009	508.102	504.488	503.475
40	496.225	485.368	488.275	489.369	479.327	488.549	488.270	497.152	504.981	492.216	512.515
41	516.952	498.931	496.082	484.440	495.750	485.941	496.030	497.838	496.918	494.023	503.465
42	521.370	520.669	508.563	510.920	500.854	491.199	495.913	503.361	506.370	515.445	505.776
43	525.147	517.420	519.831	502.687	499.856	495.730	495.938	511.014	503.282	512.724	518.756
44	510.103	505.832	510.262	516.359	505.218	493.830	502.872	517.843	505.135	509.128	513.388
45	531.010	522.832	516.603	520.414	510.502	511.123	513.855	518.147	514.901	510.012	519.215
46	524.694	537.894	518.418	505.384	516.503	504.829	513.440	506.381	535.055	513.404	515.762
47	535.752	541.663	528.241	521.719	513.719	499.315	513.324	509.568	511.426	524.342	530.493
48	537.213	545.273	538.087	537.757	518.533	515.317	517.656	527.720	540.233	525.380	539.130
49	528.096	569.005	548.587	533.569	538.964	520.479	546.737	550.915	536.350	532.466	540.797
50	544.137	577.126	560.036	540.945	548.787	543.175	546.323	538.666	553.115	530.479	558.260
51	556.621	572.577	568.919	564.925	553.783	537.839	554.671	556.075	542.423	546.681	567.186
52	577.151	561.957	564.588	572.394	535.709	549.407	547.494	547.055	555.503	560.379	575.367
53	572.804	562.232	575.236	544.754	553.507	563.629	546.194	561.326	549.043	553.248	569.150
54	573.375	570.850	568.691	545.338	558.599	550.399	537.621	538.628	571.157	554.926	564.039
55	572.939	583.046	574.597	552.742	545.913	554.481	547.038	567.781	564.931	562.654	576.306
56	579.005	605.067	566.236	557.484	561.383	559.540	568.397	578.123	577.024	587.220	574.385
57	589.365	595.067	562.904	559.825	565.063	578.611	558.477	563.503	598.223	600.317	601.716
58	588.588	602.769	569.095	567.516	570.326	568.221	570.004	569.482	562.438	593.127	598.025
59	609.107	605.984	570.986	572.887	581.894	562.449	577.275	582.439	592.495	600.799	604.853
60	604.268	611.906	585.183	592.905	594.374	588.981	590.028	596.846	597.807	610.363	620.685
61	622.596	623.510	619.746	610.041	592.070	596.248	612.858	618.507	614.168	657.280	625.668
62	640.710	626.055	622.100	618.418	614.521	609.319	623.155	654.494	645.800	633.070	650.313
63	646.621	636.723	629.837	625.532	631.225	620.471	614.234	653.546	651.875	657.914	664.535
64	662.777	639.514	631.992	629.496	629.191	630.824	631.059	640.572	656.983	653.939	665.539
65	669.131	637.153	636.867	644.273	633.060	643.781	655.285	659.495	649.821	656.597	668.392
66	646.364	633.355	646.606	646.874	621.345	644.702	643.748	645.556	650.526	640.101	649.351
67	649.902	620.862	645.104	642.199	628.818	641.330	637.144	648.374	645.044	646.774	661.429
68	633.158	631.837	643.767	638.014	622.723	634.905	633.930	645.077	622.597	645.024	646.206
69	614.262	616.955	626.831	634.497	627.239	632.605	645.121	629.978	614.561	625.510	643.964
70	610.302	611.669	628.895	613.200	603.313	623.027	621.811	605.596	614.841	615.050	622.091
71	611.460	591.985	632.728	607.803	609.334	626.773	630.037	613.470	593.156	605.193	623.285
72	602.349	587.975	609.334	608.827	615.082	628.294	617.641	606.450	605.181	592.426	607.433
73	579.729	582.002	602.790	607.167	611.098	611.648	604.608	599.837	582.234	582.459	593.484
74	575.901	578.302	600.173	597.094	603.164	600.445	588.862	594.163	573.195	577.460	590.761
75	573.538	572.691	601.265	575.731	585.027	582.999	582.338	584.139	588.303	570.836	571.490
76	552.098	559.307	584.698	581.998	572.304	573.468	592.326	590.088	588.107	570.635	568.007
77	545.242	565.494	582.776	574.223	565.324	573.950	581.001	572.638	564.967	558.626	542.190
78	553.636	551.555	572.671	555.345	566.531	565.605	572.853	566.032	556.130	557.117	542.936
79	527.085	537.100	564.583	556.237	566.103	551.907	555.175	553.116	543.716	543.895	541.187
80	531.733	524.256	545.052	552.862	549.467	540.361	560.376	553.717	543.855	543.049	541.302
81	533.707	511.091	523.479	556.455	551.612	532.313	546.702	525.885	520.337	530.244	536.247
82	512.467	497.137	521.139	558.889	539.532	530.735	516.511	525.668	507.921	512.647	525.662
83	500.381	490.806	515.031	523.042	505.227	516.782	531.479	507.533	523.077	503.336	499.967
84	483.527	472.440	480.529	508.333	501.046	510.828	497.994	499.838	489.945	492.325	487.649
85	481.368	456.002	484.703	491.686	484.214	498.572	490.243	489.931	481.110	485.025	480.741
86	470.341	456.292	475.006	474.325	485.309	461.397	483.672	465.240	475.188	479.987	467.724
87	466.053	455.275	457.474	465.687	470.536	463.314	470.305	467.875	457.792	457.387	447.313
88	449.728	431.021	442.012	461.372	462.259	459.539	462.200	463.716	454.342	449.480	445.767
89	448.826	432.416	447.106	459.893	447.885	443.905	456.226	441.738	453.537	449.932	432.573
90	435.070	412.119	448.596	439.247	452.987	438.777	450.932	423.912	458.360	445.628	431.481
91	420.099	408.943	432.975	435.477	443.141	432.141	447.723	423.987	424.758	418.327	427.024
92	420.423	401.713	424.175	438.375	426.170	420.464	433.875	415.521	427.287	419.666	422.179
93	402.360	407.961	406.331	415.019	427.241	414.665	416.796	418.175	425.143	418.782	422.776
94	406.030	399.637	416.137	395.069	412.896	406.542	416.448	397.719	414.488	418.677	395.725
95	408.640	380.738	404.272	393.152	411.877	402.902	393.076	388.860	400.599	409.795	392.387
96	395.528	379.720	396.628	394.215	407.454	411.349	400.052	384.809	395.175	407.065	397.558
97	395.021	382.396	389.719	392.918	404.636	399.873	400.695	392.860	388.410	380.771	389.977
98	385.350	372.703	376.191	379.203	374.513	373.574	387.442	390.079	382.365	372.500	373.830
99	368.436	364.291	380.328	378.746	376.496	373.583	380.173	375.112	375.043	375.705	369.131
100	354.031	353.164	378.117	373.028	370.105	351.633	363.213	371.127	376.081	369.690	369.532
101	364.882	345.685	365.169	374.906	379.238	364.484	354.703	355.383	364.219	363.279	350.882
102	359.205	345.249	361.381	371.292	356.592	354.193	369.709	352.228	364.589	363.212	347.274
103	359.600	339.440	346.430	348.542	357.501	357.193	361.608	348.583	358.430	354.744	347.693
104	351.565	347.140	355.386	338.886	346.803	350.705	348.529	343.314	358.362	349.185	339.267
105	340.736	339.296	348.411	337.033	338.705	342.404	331.385	339.405	340.839	337.154	336.813
106	335.525	333.419	333.863	328.805	333.119	325.048	326.155	338.178	334.950	339.536	335.195
107	325.393	326.300	331.396	329.065	321.990	332.606	329.591	328.083	334.128	330.775	327.042
108	333.113	308.017	322.332	317.775	327.415	336.523	330.806	337.864	330.012	333.240	309.793
109	318.800	313.806	321.693	323.062	324.014	317.354	320.732	326.813	321.244	316.555	323.375
110	312.820	309.604	317.540	318.233	322.518	315.580	317.094	319.590	322.308	318.277	320.695
111	311.816	312.892	312.445	314.748	315.506	318.404	321.047	307.847	319.196	309.717	326.967
112	316.011	308.331	304.241	314.825	303.431	317.801	300.381	309.637	327.956	317.185	313.648
113	309.511	304.458	307.660	306.818	315.534	305.044	301.845	303.945	319.816	304.134	304.735
114	315.094	307.579	315.079	301.499	298.912	303.093	303.155	307.250	307.968	299.085	297.645
115	306.021	297.724	300.113	297.077	294.119	293.545	302.805	306.902	295.975	296.185	296.110
116	284.656	295.037	295.563	299.138	297.736	297.175	286.452	308.591	301.429	302.314	304.711
117	294.757	291.382	297.220	297.777	292.739	302.718	289.456	297.720	300.167	291.528	296.030
118	284.104	283.179	296.045	286.169	285.581	291.153	294.111	296.337	304.833	298.301	292.641
119	286.910	287.938	286.912	280.476	286.259	284.445	287.919	285.139	303.153	286.127	276.547
120	284.828	281.055	291.505	291.925	283.005	287.937	291.018	281.810	284.189	281.765	286.854
121	281.212	279.466	278.414	292.123	289.584	284.528	278.559	285.418	280.381	279.397	287.485
122	278.074	271.840	281.254	275.420	277.552	281.006	266.612	282.186	276.947	289.158	281.332
123	281.937	272.641	277.859	275.410	277.340	271.720	265.330	275.799	268.322	279.511	284.364
124	272.236	273.622	275.178	271.249	265.306	269.665	268.640	267.838	269.111	273.520	277.690
125	273.140	266.371	275.754	269.078	273.660	276.758	269.895	272.304	279.955	269.643	262.919
126	264.334	267.706	268.290	266.971	267.735	269.490	266.402	258.898	274.282	271.993	275.292
127	275.337	262.894	275.755	268.660	266.395	265.025	270.503	265.638	267.174	275.255	272.614
128	271.116	258.432	273.136	267.381	267.250	252.192	267.844	274.823	267.037	268.133	262.204
129	272.810	260.892	271.981	276.125	269.460	265.100	270.348	266.140	272.257	271.474	263.081
130	272.217	255.820	271.374	259.138	260.082	265.516	263.003	259.621	273.501	264.371	270.759
131	267.222	264.289	259.319	262.678	254.647	254.390	257.374	264.618	264.777	259.146	268.793
132	267.596	256.353	259.233	259.324	256.527	258.041	249.120	260.116	265.955	271.210	259.149
133	276.455	250.975	260.725	262.387	265.104	246.486	245.909	255.952	254.894	264.974	256.148
134	260.885	247.281	264.957	255.188	257.030	251.519	249.138	251.366	249.402	253.378	254.277
135	253.650	246.544	265.236	260.014	252.952	255.024	249.366	254.428	250.329	250.651	256.798
136	253.013	249.816	252.914	249.786	253.562	258.504	255.542	254.980	260.667	257.707	255.069
137	245.254	245.984	255.127	245.156	255.961	251.465	259.509	251.338	254.185	247.510	249.086
138	255.437	249.420	255.714	255.648	253.151	246.848	243.991	250.641	255.093	245.474	251.285
139	249.419	242.347	248.002	261.898	251.889	248.522	244.222	246.302	252.753	242.977	246.540
140	243.737	244.249	246.509	243.270	243.990	252.058	243.405	246.295	254.027	238.870	252.917
141	245.758	248.129	243.643	240.705	248.703	245.796	248.621	245.692	247.289	244.214	243.459
142	238.193	241.386	246.315	237.868	245.959	240.645	244.502	243.884	241.183	241.851	242.207
143	209.001	209.001	213.774	217.106	219.239	216.174	216.115	217.996	222.217	213.566	234.491
144	211.484	211.484	222.726	216.281	221.878	223.129	211.009	222.255	214.116	221.696	218.909
145	214.706	214.706	208.757	219.167	213.001	220.984	215.899	220.182	213.382	219.349	219.232
146	208.125	208.125	209.892	222.685	215.673	217.394	218.360	217.697	222.075	209.144	222.107
147	211.071	211.071	208.535	213.815	214.555	221.733	210.142	213.749	207.222	212.533	214.020
148	204.626	204.626	213.885	216.350	215.214	212.279	216.169	221.773	219.477	216.561	219.799
149	203.291	203.291	208.593	218.413	216.887	204.793	216.768	217.126	218.216	218.575	209.827
150	202.862	202.862	204.778	212.448	209.578	202.940	206.998	213.835	211.524	217.511	206.958
151	199.671	199.671	209.036	210.502	212.149	213.255	215.203	215.212	215.108	225.761	211.222
152	200.167	200.167	218.683	207.030	207.654	213.034	213.097	212.100	208.617	212.839	213.739
153	199.041	199.041	209.846	213.691	207.939	206.718	211.196	211.303	213.068	207.415	213.793
154	197.118	197.118	208.011	209.323	213.964	209.056	204.160	215.603	211.946	210.760	210.312
155	199.590	199.590	207.846	200.685	216.854	209.336	199.971	209.826	207.279	214.404	211.158
156	203.978	203.978	203.791	207.360	208.458	206.880	203.581	210.327	206.692	212.862	205.548
157	198.567	198.567	215.315	207.752	209.932	204.415	208.358	217.700	203.565	202.453	207.891
158	197.830	197.830	212.311	197.797	205.622	213.019	203.726	211.943	202.264	208.086	205.015
159	200.911	200.911	205.748	204.780	205.702	204.098	199.421	213.861	200.686	211.087	202.449
160	193.351	193.351	202.816	197.099	211.537	203.495	204.929	212.260	205.697	211.797	203.028
161	194.920	194.920	199.804	203.974	201.320	206.847	203.166	204.023	208.109	206.867	199.170
162	205.522	205.522	206.667	200.206	201.743	201.010	201.742	201.858	207.287	205.604	205.155
163	197.674	197.674	201.326	198.666	201.729	198.705	207.622	209.865	206.778	205.797	206.112
164	199.259	199.259	208.954	204.503	207.035	202.300	204.522	207.589	202.745	213.465	203.626
165	198.780	198.780	201.756	203.323	203.553	202.602	207.462	203.777	205.457	201.450	203.625
166	195.713	195.713	202.080	198.848	204.531	206.217	198.173	203.943	201.186	203.884	203.163
167	189.297	189.297	194.739	202.255	202.572	189.592	197.308	203.573	202.949	210.276	200.709
168	195.546	195.546	203.476	199.774	200.049	192.317	205.074	201.650	198.360	199.945	196.709
169	195.883	195.883	196.251	195.326	204.157	195.508	196.899	206.945	194.397	206.485	201.783
170	197.408	197.408	196.919	193.681	198.335	199.989	195.260	201.591	195.943	205.419	203.773
