 	Profile_Slice_1	Profile_Slice_2	Profile_Slice_3	Profile_Slice_4	Profile_Slice_5	Profile_Slice_6	Profile_Slice_7	Profile_Slice_8	Profile_Slice_9	Profile_Slice_10
1	619.650	619.650	613.797	607.427	624.983	633.473	625.918	624.093	625.868	651.379
2	613.346	613.346	612.450	601.625	639.461	619.096	624.204	619.591	634.176	637.812
3	600.549	600.549	603.836	601.281	635.344	616.476	618.955	626.363	642.939	632.015
4	608.245	608.245	609.421	606.761	617.293	616.800	620.308	616.477	621.969	634.167
5	612.371	612.371	599.757	599.221	631.050	629.851	625.669	616.154	632.595	641.001
6	622.318	622.318	603.636	595.184	617.940	621.684	618.239	628.216	630.582	643.066
7	618.712	618.712	617.702	593.154	626.220	623.280	615.925	632.759	634.380	644.177
8	599.727	599.727	624.982	609.113	630.424	617.430	623.846	621.148	632.602	643.843
9	615.692	615.692	601.856	610.418	628.940	625.211	622.023	620.832	640.971	639.708
10	604.982	604.982	623.155	606.815	624.409	619.654	634.571	633.001	625.701	632.163
11	604.221	604.221	615.981	615.602	613.936	613.740	620.694	623.877	635.092	636.665
12	628.128	628.128	607.086	614.782	620.553	622.296	620.586	624.275	634.590	635.440
13	623.581	623.581	614.519	596.235	619.026	618.562	617.627	615.576	625.868	633.909
14	611.099	611.099	605.098	600.622	617.904	616.748	617.381	618.905	613.148	630.317
15	603.760	603.760	611.895	596.047	606.038	632.796	627.252	618.231	617.532	632.168
16	600.774	600.774	611.072	594.980	624.725	621.632	617.040	637.186	608.419	638.752
17	595.246	595.246	607.965	585.761	607.660	616.367	608.193	621.017	625.288	629.393
18	601.872	601.872	595.697	598.076	618.004	609.871	599.509	624.660	628.437	626.584
19	606.691	606.691	584.872	595.755	609.560	608.780	612.408	619.462	612.674	635.532
20	597.105	597.105	580.555	592.780	614.445	609.356	609.690	606.656	610.943	634.567
21	601.788	601.788	588.703	588.669	616.943	600.289	600.862	605.533	605.832	638.660
22	596.997	596.997	600.767	597.094	618.112	609.305	614.071	604.804	610.868	640.706
23	610.310	610.310	596.163	597.612	600.171	606.808	610.972	613.110	621.896	656.676
24	600.554	600.554	605.710	583.407	601.897	601.924	605.572	616.650	621.395	641.482
25	605.538	605.538	596.070	605.753	596.714	604.490	609.286	631.182	619.120	634.887
26	609.296	609.296	587.556	601.717	616.291	609.858	609.477	609.087	615.281	630.478
27	590.044	590.044	590.362	597.298	622.310	600.518	623.463	604.849	616.763	625.722
28	600.843	600.843	596.316	602.347	602.835	597.447	614.383	608.279	627.281	623.499
29	596.667	596.667	588.736	598.263	611.242	607.837	605.100	613.569	622.016	631.511
30	597.605	597.605	596.457	601.269	626.366	610.892	606.209	612.762	617.262	627.098
31	597.417	597.417	598.568	591.429	613.789	611.337	600.192	620.072	617.283	635.425
32	596.213	596.213	601.393	590.422	619.427	618.324	600.790	620.508	621.577	623.285
33	608.398	608.398	597.638	601.202	609.574	603.326	601.056	616.716	620.370	636.749
34	602.840	602.840	591.282	588.489	609.418	597.624	610.362	615.256	631.155	635.192
35	615.168	615.168	590.924	576.730	620.401	595.881	614.563	611.734	645.786	633.514
36	596.823	596.823	597.749	577.305	617.541	595.558	601.544	610.912	637.482	647.212
37	599.147	599.147	590.722	584.255	617.728	588.626	594.678	619.287	627.304	629.417
38	590.107	590.107	593.308	586.553	610.206	598.385	609.439	614.850	619.879	635.935
39	598.600	598.600	586.569	599.531	602.519	610.179	608.650	599.495	627.927	628.273
40	601.022	601.022	589.003	593.608	614.264	603.198	607.829	600.744	621.601	650.731
41	598.543	598.543	591.247	585.028	609.541	597.769	605.803	604.389	626.377	634.266
42	589.497	589.497	587.494	597.010	614.127	601.056	599.490	606.493	609.570	630.861
43	597.116	597.116	589.525	592.515	603.387	595.147	598.033	601.742	614.206	614.354
44	591.494	591.494	584.397	590.345	611.733	594.064	603.727	603.128	616.085	623.540
45	593.496	593.496	598.645	578.952	614.217	602.089	590.556	596.713	606.987	609.503
46	594.338	594.338	591.531	578.711	618.084	608.469	587.328	604.598	601.460	614.539
47	595.408	595.408	597.027	601.721	600.794	610.113	602.939	597.689	608.152	612.506
48	599.803	599.803	601.861	606.620	603.870	598.501	604.165	611.280	615.891	616.402
49	596.982	596.982	598.474	591.190	600.306	599.194	599.579	611.464	619.977	619.195
50	590.792	590.792	588.083	585.540	608.096	609.484	599.796	605.475	613.422	620.072
51	593.460	593.460	590.898	586.284	615.124	601.614	593.693	608.347	608.055	618.750
52	609.776	609.776	596.555	593.958	604.349	606.136	607.683	607.160	612.900	607.313
53	605.721	605.721	595.885	596.473	611.185	599.349	607.812	603.517	617.099	626.186
54	609.423	609.423	598.166	578.761	610.531	587.138	611.357	618.376	617.263	609.079
55	599.012	599.012	596.056	581.328	598.616	606.971	618.982	617.281	609.147	608.228
56	597.400	597.400	604.045	594.951	599.837	610.453	605.503	607.824	622.297	621.577
57	607.710	607.710	606.865	601.806	607.590	616.854	610.897	615.017	628.586	624.747
58	610.256	610.256	599.242	599.575	611.950	625.488	608.177	626.736	622.525	619.860
59	605.792	605.792	606.667	602.211	608.561	622.878	611.676	608.423	625.192	622.790
60	609.698	609.698	607.072	596.182	606.578	623.010	613.081	612.126	627.809	627.390
61	605.976	605.976	599.485	595.299	605.634	608.781	608.982	636.371	642.391	633.995
62	607.349	607.349	606.045	593.167	599.503	612.615	622.128	613.240	620.130	631.148
63	603.357	603.357	613.695	594.265	610.162	621.183	621.874	609.552	626.022	619.582
64	600.572	600.572	608.066	595.520	613.732	615.532	619.774	620.510	633.409	624.073
65	602.228	602.228	609.282	601.670	634.578	620.274	613.806	613.411	629.051	627.872
66	608.029	608.029	600.732	602.285	637.506	625.895	614.122	634.332	623.085	622.710
67	615.637	615.637	594.291	599.850	625.604	623.971	619.985	617.062	614.756	633.861
68	610.166	610.166	595.361	605.644	632.852	632.838	613.673	611.120	625.261	635.544
69	607.499	607.499	605.121	596.273	626.798	629.745	607.730	621.458	636.771	622.385
70	613.468	613.468	617.732	593.123	619.067	628.295	616.078	623.403	644.293	623.523
71	617.060	617.060	616.216	600.696	611.163	633.682	615.094	621.754	649.959	637.394
72	602.926	602.926	601.713	590.486	623.422	625.965	624.446	629.174	632.006	626.662
73	617.607	617.607	611.003	592.616	634.203	622.246	636.230	633.336	625.892	627.561
74	626.918	626.918	594.661	617.440	632.227	616.113	627.477	635.496	641.659	630.500
75	608.012	608.012	605.201	612.962	637.237	636.400	622.635	633.667	640.483	631.180
76	616.534	616.534	606.700	622.949	627.024	631.862	627.179	633.873	630.743	622.097
77	632.660	632.660	618.386	600.378	626.420	618.260	629.621	623.736	631.147	642.816
78	638.508	638.508	613.527	605.400	624.934	627.778	628.726	623.517	638.246	626.116
79	624.509	624.509	615.409	614.492	639.587	629.659	624.154	643.112	636.288	629.254
80	629.601	629.601	621.387	624.821	623.349	630.773	632.808	631.282	649.101	641.515
81	645.654	645.654	628.908	622.308	630.228	620.216	632.944	635.616	666.152	645.172
82	632.354	632.354	619.477	624.445	625.687	633.799	627.603	638.423	659.373	644.884
83	632.968	632.968	636.796	620.714	637.295	628.652	631.515	642.710	653.625	654.253
84	635.203	635.203	616.400	612.063	635.203	641.171	619.004	645.546	639.529	655.386
85	628.587	628.587	636.475	614.979	625.406	634.780	623.063	633.960	637.550	655.948
86	632.787	632.787	634.416	622.590	624.908	633.271	618.266	620.796	644.325	642.912
87	632.346	632.346	636.275	609.399	630.181	637.342	616.018	626.145	645.304	653.845
88	635.467	635.467	623.610	600.141	628.862	638.248	625.538	637.009	638.506	652.203
89	643.800	643.800	625.353	620.548	639.540	635.957	629.883	625.878	653.662	646.545
90	637.828	637.828	629.547	622.695	641.288	626.477	640.575	638.698	652.912	658.177
91	645.061	645.061	623.165	627.382	626.442	633.189	619.611	640.011	646.887	653.907
92	630.157	630.157	615.785	623.868	617.770	631.297	619.621	640.780	656.646	639.735
93	635.223	635.223	614.437	621.970	644.456	636.503	622.434	625.684	635.722	644.887
94	633.161	633.161	636.142	616.702	637.799	635.096	619.694	630.112	641.702	645.664
95	646.401	646.401	634.336	636.913	641.799	630.898	630.294	622.578	642.548	640.103
96	641.579	641.579	646.420	639.277	644.205	625.344	634.561	621.079	627.592	656.130
97	660.578	660.578	650.711	640.856	653.169	632.666	625.067	623.760	651.463	643.978
98	659.422	659.422	652.996	637.915	635.653	622.122	614.950	633.297	664.558	652.827
99	680.103	680.103	663.166	643.190	640.553	623.277	634.754	649.665	680.735	669.180
100	682.758	682.758	655.244	643.538	644.996	642.824	635.562	643.795	684.623	665.680
101	696.415	696.415	660.583	652.946	646.090	648.306	640.441	671.144	683.776	671.938
102	694.457	694.457	667.605	674.875	664.381	646.868	661.730	674.174	678.614	678.996
103	694.488	694.488	658.595	681.815	661.735	652.448	680.514	679.443	673.787	692.459
104	678.226	678.226	645.955	663.739	677.521	668.018	673.418	672.953	667.261	693.804
105	664.053	664.053	630.430	651.692	676.662	684.068	675.994	677.879	663.035	685.572
106	661.500	661.500	637.514	648.920	678.123	662.561	676.623	662.953	651.921	678.845
107	646.744	646.744	629.623	644.951	674.856	652.993	649.488	662.570	634.374	665.627
108	651.471	651.471	616.813	642.004	656.882	661.162	653.108	657.962	634.468	663.299
109	632.901	632.901	615.447	641.242	630.888	647.838	624.624	636.414	632.317	666.604
110	621.416	621.416	609.905	626.485	637.006	632.004	625.005	634.324	622.891	642.439
111	604.506	604.506	601.966	624.076	635.606	618.717	624.924	621.648	632.597	650.391
112	618.960	618.960	604.047	601.446	602.869	626.818	616.352	611.974	617.925	635.926
113	603.959	603.959	599.155	592.388	610.381	607.735	591.494	611.939	618.012	639.543
114	607.002	607.002	589.186	595.123	606.957	591.755	603.252	608.063	612.411	647.073
115	595.847	595.847	584.006	589.538	610.977	608.693	589.828	601.372	605.918	628.670
116	591.615	591.615	574.970	586.014	611.910	605.112	592.551	595.860	609.705	628.331
117	594.357	594.357	576.692	577.817	607.472	604.282	595.872	588.931	608.562	612.284
118	594.595	594.595	586.423	587.477	591.818	596.756	587.327	584.382	600.775	607.675
119	594.325	594.325	574.513	584.146	589.303	590.168	589.924	584.132	590.555	618.573
120	576.518	576.518	576.264	591.827	587.197	589.913	583.135	590.826	602.108	602.332
121	583.022	583.022	570.864	584.724	585.700	579.818	583.627	587.335	586.935	603.260
122	572.310	572.310	556.197	568.345	602.290	582.715	583.949	587.911	588.491	590.714
123	576.576	576.576	570.658	568.334	591.424	588.218	575.431	571.171	588.159	585.834
124	571.887	571.887	572.116	570.246	588.053	576.738	566.574	568.726	570.729	588.227
125	558.131	558.131	559.886	558.164	579.877	574.615	579.070	571.436	576.408	591.709
126	563.285	563.285	563.735	554.819	571.779	582.671	569.461	576.328	583.919	592.203
127	564.432	564.432	555.581	567.217	573.477	573.405	569.605	571.325	588.111	582.726
128	552.460	552.460	546.761	555.721	577.123	566.226	572.725	561.528	573.700	588.448
129	562.717	562.717	559.237	556.457	583.496	556.346	568.182	577.152	574.048	579.042
130	560.034	560.034	557.028	556.677	573.228	568.707	545.890	576.064	572.205	577.867
131	549.344	549.344	550.488	553.837	569.739	565.788	554.597	564.975	571.411	578.463
132	540.888	540.888	553.719	560.369	568.070	559.435	551.304	558.301	568.092	576.830
133	548.531	548.531	553.799	547.751	566.317	556.518	552.463	549.551	559.865	559.276
134	546.416	546.416	542.826	546.760	562.429	549.118	567.552	564.236	555.458	567.121
135	539.105	539.105	548.731	551.649	557.842	559.773	554.580	557.657	558.912	562.353
136	533.655	533.655	537.781	538.156	560.260	544.809	550.400	551.596	575.771	570.215
137	549.796	549.796	545.968	546.346	567.539	547.282	554.347	542.563	573.865	567.445
138	546.325	546.325	540.326	540.653	550.585	556.234	546.445	556.421	552.502	554.524
139	547.582	547.582	553.018	541.815	554.166	541.201	542.497	561.086	552.053	562.769
140	543.645	543.645	540.819	541.554	563.083	547.903	544.283	555.155	552.039	560.133
141	536.723	536.723	544.445	531.477	565.454	556.496	548.922	556.394	547.300	566.736
142	525.373	525.373	550.456	544.612	557.907	544.575	558.983	554.671	551.511	569.498
143	543.798	543.798	537.686	542.233	564.766	540.297	547.781	556.107	554.118	565.863
144	537.864	537.864	541.780	545.339	548.529	541.872	546.024	542.758	548.397	552.864
145	550.429	550.429	535.570	552.026	538.727	544.135	550.602	536.127	546.689	551.113
146	538.316	538.316	532.038	536.673	548.147	545.638	536.404	532.880	555.476	553.217
147	546.101	546.101	529.041	536.184	537.945	534.685	533.548	547.641	571.912	546.064
148	533.024	533.024	533.050	546.089	554.382	534.077	526.186	549.913	548.027	539.587
149	535.554	535.554	534.810	530.538	540.509	537.899	538.694	543.483	549.618	554.805
150	542.631	542.631	534.555	536.504	536.940	544.564	535.705	545.433	558.314	561.320
151	539.574	539.574	531.739	523.073	544.524	543.772	538.798	549.940	561.655	557.345
152	544.830	544.830	527.435	524.607	549.831	537.736	539.537	541.042	550.391	549.871
153	549.393	549.393	537.979	527.838	550.110	537.355	546.416	533.673	545.175	549.244
154	538.249	538.249	532.159	532.950	531.539	545.248	538.397	533.181	547.205	545.876
155	530.971	530.971	523.003	533.777	544.305	547.338	542.286	549.894	551.321	554.292
156	516.300	516.300	528.879	529.526	544.776	542.033	539.557	533.477	544.293	547.074
157	523.190	523.190	518.578	528.966	539.447	536.922	525.421	529.283	545.868	542.984
158	524.466	524.466	525.390	527.905	541.516	535.837	528.162	525.633	544.034	545.772
159	528.135	528.135	525.338	525.316	537.376	536.236	518.646	528.391	548.413	550.920
160	533.309	533.309	529.751	521.901	544.762	537.478	532.047	537.949	536.057	558.542
161	526.705	526.705	514.915	531.754	535.459	528.002	538.502	537.854	535.998	556.812
162	524.461	524.461	522.176	515.891	530.018	540.055	543.751	530.174	523.459	558.079
163	517.983	517.983	517.373	527.142	533.091	532.743	530.515	527.164	535.160	542.019
164	522.745	522.745	514.155	520.812	529.480	531.414	530.895	526.870	525.705	531.515
165	526.624	526.624	518.292	524.110	536.084	527.408	533.291	530.321	531.376	544.015
166	535.422	535.422	524.299	508.307	535.247	531.035	533.165	527.857	524.029	543.098
167	532.383	532.383	513.898	512.534	530.986	515.918	530.838	532.437	541.564	533.076
168	514.407	514.407	521.986	514.152	531.733	518.123	537.342	516.134	540.668	533.648
169	523.256	523.256	514.480	522.494	535.325	528.129	533.370	536.800	526.595	543.695
170	528.863	528.863	508.166	508.962	532.156	526.561	518.698	532.471	520.702	542.477
171	521.479	521.479	521.271	523.874	533.330	532.140	516.468	530.952	526.833	543.235
172	519.702	519.702	503.484	523.056	529.392	529.337	528.588	530.215	529.568	527.754
173	516.382	516.382	513.801	523.203	526.901	522.112	517.853	525.699	537.684	530.028
174	523.204	523.204	525.009	523.161	534.170	539.121	520.973	522.633	529.332	532.049
175	528.711	528.711	514.431	519.015	526.224	527.873	524.666	516.812	532.204	544.816
176	518.156	518.156	511.978	514.598	537.053	533.189	532.590	519.106	527.752	540.939
177	526.911	526.911	519.097	511.715	538.471	530.634	537.865	534.973	527.374	542.898
178	520.974	520.974	520.387	521.527	533.050	521.758	518.373	527.490	545.363	533.195
179	519.444	519.444	524.121	513.211	526.084	517.301	511.971	531.401	538.694	542.918
180	522.326	522.326	527.279	520.173	519.696	523.589	517.275	527.357	542.056	524.186
181	518.365	518.365	509.564	522.186	514.774	535.491	530.135	511.425	538.450	537.290
182	524.325	524.325	523.614	527.729	525.237	529.575	529.470	519.969	530.719	524.445
183	524.373	524.373	525.079	521.131	524.318	512.472	525.417	521.242	524.614	524.746
184	516.843	516.843	510.322	519.911	519.815	516.545	527.624	527.441	528.913	522.335
185	510.776	510.776	499.084	512.678	531.091	516.128	528.615	518.742	528.712	535.559
186	514.580	514.580	514.002	512.384	523.495	523.698	519.005	525.453	530.589	536.486
187	514.208	514.208	513.860	518.495	531.613	512.109	524.330	519.646	521.278	530.391
188	509.584	509.584	503.424	512.008	516.771	507.258	515.171	514.717	522.551	518.379
189	516.652	516.652	508.610	511.796	518.260	517.955	529.700	516.456	517.415	529.500
190	514.158	514.158	505.080	509.543	534.431	525.430	524.746	527.783	525.988	544.855
191	518.893	518.893	509.651	521.554	532.349	534.805	514.004	523.062	514.816	529.991
192	503.753	503.753	506.409	528.241	520.390	526.464	519.327	521.057	512.560	527.855
193	510.617	510.617	506.838	515.650	516.637	519.607	503.593	517.883	532.884	523.952
194	515.875	515.875	528.995	523.299	523.188	525.386	516.399	512.541	532.999	533.684
195	515.349	515.349	516.283	508.998	531.500	525.380	521.117	511.979	525.747	525.690
196	513.408	513.408	511.113	509.168	506.162	529.772	516.339	520.587	521.064	528.163
197	522.204	522.204	500.944	512.984	520.192	525.862	524.265	519.336	525.623	536.225
198	527.670	527.670	517.525	508.273	530.349	517.465	521.544	515.558	530.128	524.679
199	516.998	516.998	510.986	504.869	524.963	516.224	516.999	530.474	524.277	522.682
200	512.181	512.181	517.370	508.399	508.013	514.302	525.679	536.729	522.762	525.680
201	505.983	505.983	513.620	513.518	516.742	526.551	522.188	516.201	521.043	536.519
202	519.147	519.147	518.766	502.816	525.566	526.858	524.447	523.432	522.263	533.610
203	519.128	519.128	508.241	509.567	526.212	517.166	509.639	529.608	537.567	536.149
204	508.812	508.812	503.403	518.328	521.835	522.641	523.987	510.580	523.007	532.792
205	508.933	508.933	508.637	506.514	516.095	511.815	517.221	518.970	527.568	536.040
206	510.195	510.195	513.122	508.444	529.116	517.793	524.275	525.923	524.241	532.626
207	511.880	511.880	507.878	498.007	527.152	511.884	519.258	513.773	536.124	531.913
208	507.234	507.234	513.274	498.206	524.272	519.033	524.277	511.438	534.445	540.011
209	501.529	501.529	510.678	498.977	524.480	519.303	513.849	519.659	528.997	535.609
210	517.074	517.074	506.878	512.105	528.181	509.015	511.506	512.465	522.635	523.787
211	513.430	513.430	507.642	515.042	522.282	511.128	523.938	520.343	532.831	528.073
212	508.538	508.538	517.787	507.934	526.274	517.247	518.838	512.657	532.511	525.374
213	513.105	513.105	514.373	513.042	525.548	512.283	516.826	511.706	528.955	517.603
214	514.901	514.901	511.157	508.785	517.677	522.103	516.775	516.772	529.076	521.489
215	514.573	514.573	503.569	523.822	516.918	512.396	512.017	510.647	525.702	535.166
216	515.487	515.487	499.727	519.078	519.627	507.711	516.562	513.617	520.921	522.391
217	519.335	519.335	504.996	510.867	517.007	519.798	516.791	514.037	520.721	522.847
218	504.478	504.478	519.104	505.338	523.625	508.500	526.035	521.234	523.628	532.777
219	510.396	510.396	507.436	498.107	514.808	513.715	521.434	512.486	519.157	515.205
220	504.641	504.641	506.967	517.827	529.508	509.868	511.230	512.605	516.114	529.363
221	515.221	515.221	515.078	507.020	536.942	513.712	503.121	527.913	507.069	522.387
222	509.481	509.481	499.304	499.954	523.280	524.429	518.115	504.881	519.258	525.327
223	492.047	492.047	502.052	504.715	514.400	519.041	502.285	512.831	517.460	523.863
224	499.301	499.301	506.670	499.650	523.340	516.100	503.563	509.984	517.734	514.580
225	500.410	500.410	506.698	495.998	527.058	524.912	512.541	512.965	510.201	514.557
226	505.044	505.044	511.259	502.862	516.742	522.925	502.748	516.435	525.201	521.065
227	507.268	507.268	508.570	503.946	511.358	507.634	507.963	513.492	526.462	528.332
228	507.983	507.983	512.149	513.040	522.477	512.690	505.613	521.195	514.761	522.551
229	509.416	509.416	509.167	489.832	516.027	503.471	511.057	520.014	517.139	517.751
230	504.476	504.476	505.228	505.689	517.021	514.504	512.802	523.922	521.330	528.973
231	504.871	504.871	510.738	499.965	516.340	507.045	503.922	533.430	520.790	526.877
232	502.041	502.041	503.830	489.754	518.548	503.169	514.582	517.039	517.943	519.946
233	505.765	505.765	515.763	497.596	513.726	515.103	514.908	519.749	532.674	530.046
234	503.732	503.732	493.416	498.574	511.567	506.320	513.910	511.821	516.886	521.011
235	504.960	504.960	497.454	505.057	507.679	515.392	507.378	509.365	524.188	517.922
236	502.746	502.746	495.793	504.044	503.524	513.303	508.345	510.968	522.810	528.598
237	499.040	499.040	494.053	501.292	518.127	504.995	516.064	498.446	522.391	538.522
238	507.696	507.696	506.039	508.970	514.605	517.434	518.859	504.636	508.639	514.463
239	503.408	503.408	507.020	499.671	506.310	503.287	515.955	512.079	509.892	523.401
240	499.996	499.996	503.040	501.228	508.029	510.994	498.060	505.206	511.451	525.896
241	503.550	503.550	504.605	500.566	518.637	513.551	504.134	506.340	513.900	512.913
242	504.580	504.580	496.942	510.473	523.100	524.033	507.089	507.570	524.488	510.266
243	505.535	505.535	500.568	512.063	515.167	511.449	520.435	514.025	514.689	509.293
244	508.184	508.184	502.177	497.570	505.096	514.832	515.537	499.274	515.613	512.993
245	498.163	498.163	508.493	504.634	512.280	518.219	512.969	500.570	514.019	511.329
246	511.782	511.782	496.392	501.332	508.605	507.145	512.221	505.687	519.554	526.347
247	504.226	504.226	503.525	501.536	504.655	510.265	501.309	508.604	510.301	511.931
248	512.499	512.499	502.573	491.905	509.854	514.395	507.235	521.014	513.347	511.610
249	499.025	499.025	509.358	510.706	514.634	516.125	514.066	511.324	511.371	525.662
250	504.151	504.151	505.967	512.825	518.223	507.037	509.365	499.151	516.858	533.812
251	505.773	505.773	512.477	505.971	511.648	513.339	511.814	506.460	519.009	529.067
252	506.941	506.941	506.359	505.828	514.366	507.037	503.835	511.667	503.088	519.027
253	489.402	489.402	506.725	500.866	517.646	506.953	509.858	518.381	504.916	517.491
254	508.580	508.580	504.633	503.215	507.314	505.907	510.865	514.159	509.777	525.521
255	497.312	497.312	499.758	495.115	497.434	507.301	504.770	507.895	515.482	518.947
256	504.183	504.183	484.913	499.152	506.806	512.456	505.392	511.855	498.677	526.330
257	503.950	503.950	488.930	504.954	511.291	521.387	513.762	506.033	513.683	522.676
258	497.405	497.405	484.368	509.216	507.826	504.835	508.385	508.257	507.915	523.775
259	505.970	505.970	493.749	507.900	515.896	522.164	507.273	500.917	511.181	518.959
260	511.813	511.813	498.273	507.323	508.825	509.199	519.959	499.240	506.189	529.862
261	511.347	511.347	505.532	498.667	519.195	511.913	510.635	501.631	510.935	522.984
262	511.210	511.210	497.572	489.020	511.932	518.991	508.178	500.540	512.788	520.253
263	507.877	507.877	500.123	494.195	517.494	514.628	504.272	501.691	513.283	519.977
264	511.255	511.255	504.298	493.915	518.812	515.683	508.393	505.275	512.575	514.064
265	508.001	508.001	507.886	505.481	518.423	506.704	503.524	500.678	505.096	521.326
266	509.240	509.240	493.418	510.418	511.175	499.010	501.720	499.452	510.476	510.875
267	508.306	508.306	496.083	502.847	513.355	504.911	499.189	505.122	507.987	506.229
268	503.301	503.301	499.315	503.315	510.092	499.501	498.114	504.087	515.095	527.513
269	502.357	502.357	497.958	507.551	506.484	508.512	500.342	498.839	516.941	516.218
270	494.186	494.186	499.826	497.052	508.915	498.580	495.750	501.200	504.341	519.839
271	510.682	510.682	496.598	504.733	516.390	510.378	498.374	499.090	508.141	520.410
272	504.861	504.861	495.463	501.399	513.300	513.914	497.188	485.607	518.345	507.534
273	509.062	509.062	506.674	503.327	519.442	515.014	497.861	490.113	514.039	508.710
274	494.752	494.752	504.770	495.507	515.681	507.460	505.264	510.964	513.197	505.895
275	509.948	509.948	505.787	505.286	496.534	516.162	510.817	502.648	512.522	508.216
276	508.874	508.874	488.440	498.423	502.684	508.868	506.504	513.661	520.966	513.759
277	502.893	502.893	496.306	494.113	506.369	506.658	508.389	503.945	530.077	506.760
278	491.943	491.943	502.959	503.228	509.116	491.254	498.812	506.589	503.660	514.639
279	512.018	512.018	500.476	505.070	509.561	505.154	504.114	495.060	515.714	521.461
280	491.700	491.700	497.709	496.878	513.780	505.618	502.995	504.232	514.505	507.646
281	504.023	504.023	504.542	491.319	512.065	498.382	496.616	505.420	509.946	517.788
282	501.578	501.578	507.315	504.716	511.648	500.817	487.461	511.676	508.047	520.002
283	498.561	498.561	488.214	495.174	505.255	495.393	492.600	506.698	505.883	507.862
284	491.057	491.057	490.015	497.630	497.832	503.842	509.899	504.909	506.230	507.400
285	501.740	501.740	497.724	490.017	502.275	501.234	510.131	502.607	509.109	510.579
286	497.393	497.393	503.454	495.231	516.312	502.198	507.917	503.183	507.562	527.980
287	506.857	506.857	498.320	501.379	508.353	497.225	502.251	508.901	508.744	521.567
288	500.748	500.748	493.346	501.140	513.080	495.466	501.573	500.377	504.903	514.707
289	494.802	494.802	492.688	502.613	507.653	512.344	502.062	508.083	506.516	506.359
290	487.779	487.779	488.408	499.675	506.078	504.419	496.216	499.631	520.575	512.761
291	499.228	499.228	502.917	497.175	505.804	496.037	502.200	509.476	515.921	527.356
292	499.742	499.742	497.494	495.780	510.804	499.697	500.003	510.626	513.523	525.428
293	485.440	485.440	498.958	494.773	524.634	506.223	507.523	504.290	506.867	528.963
294	503.849	503.849	502.169	502.649	509.295	508.773	501.915	501.015	503.170	511.697
295	511.647	511.647	500.942	487.152	498.407	509.059	497.428	504.846	509.411	510.481
296	506.121	506.121	491.263	501.904	501.074	504.393	503.491	503.625	496.156	518.376
297	499.461	499.461	492.340	500.706	514.397	500.173	501.236	510.974	513.243	507.754
298	499.205	499.205	501.220	505.312	501.050	503.358	511.460	498.478	498.584	505.261
299	483.379	483.379	501.150	492.525	508.948	501.471	513.983	508.184	498.523	507.197
300	494.144	494.144	492.996	495.897	499.990	499.319	501.911	494.534	510.634	504.847
301	497.814	497.814	503.574	498.927	507.021	509.530	495.858	490.359	522.813	510.775
302	493.671	493.671	494.430	489.681	507.817	501.168	504.765	486.757	512.552	512.284
303	494.923	494.923	493.249	486.616	519.978	511.956	508.262	491.414	504.492	507.521
304	497.460	497.460	495.952	497.535	510.166	507.765	497.173	494.972	500.071	505.930
305	510.953	510.953	497.560	493.675	506.678	493.887	490.281	513.030	511.774	509.927
306	503.048	503.048	499.868	491.977	506.516	504.959	492.554	507.759	509.136	518.313
307	497.454	497.454	485.159	494.809	500.823	505.428	488.105	501.327	507.753	509.773
308	484.188	484.188	491.024	504.273	510.819	503.046	497.426	504.552	513.467	514.532
309	480.616	480.616	499.394	508.646	497.841	497.737	492.810	487.510	509.255	519.187
310	487.806	487.806	489.380	500.886	505.612	500.135	496.159	497.578	512.035	506.812
311	489.911	489.911	494.089	494.519	495.730	500.586	491.563	497.023	509.720	500.557
312	498.698	498.698	499.515	502.733	507.424	504.061	503.014	502.785	498.980	504.816
313	487.882	487.882	493.939	496.643	495.543	508.199	499.192	515.215	505.980	512.754
314	492.051	492.051	487.278	485.106	506.516	508.028	499.084	498.671	515.076	507.352
315	502.466	502.466	504.773	499.750	506.094	503.154	502.440	492.080	518.351	522.795
316	505.131	505.131	497.299	496.235	503.326	497.960	494.075	496.327	515.281	517.858
317	497.310	497.310	489.300	495.939	503.207	505.771	503.138	505.843	512.696	507.214
318	500.677	500.677	497.568	488.798	508.907	501.125	495.895	506.874	501.283	516.362
319	495.504	495.504	496.513	500.485	510.807	498.167	488.891	497.626	507.709	509.784
320	499.678	499.678	494.687	491.888	498.843	498.542	476.269	486.636	511.571	517.975
321	493.377	493.377	492.943	490.105	509.077	501.596	489.216	497.479	516.613	516.635
322	498.632	498.632	493.399	482.715	515.201	500.025	501.549	507.702	496.813	518.788
323	497.628	497.628	494.679	483.913	508.593	502.689	508.942	508.149	495.637	516.362
324	497.053	497.053	500.792	497.704	504.517	492.900	501.146	498.774	506.363	514.374
325	499.736	499.736	494.063	499.439	503.296	498.995	497.884	500.323	500.694	519.756
326	489.143	489.143	496.962	492.511	505.279	489.198	496.801	494.562	500.976	511.334
327	493.889	493.889	494.968	488.044	502.619	495.369	501.485	497.525	503.398	500.940
328	490.220	490.220	509.207	500.337	499.317	512.499	505.436	492.280	515.555	500.245
329	501.318	501.318	501.395	506.743	503.634	506.130	500.646	496.950	508.824	506.972
330	492.200	492.200	500.576	493.529	498.798	501.715	498.362	508.178	510.173	504.216
331	497.052	497.052	494.023	491.334	491.016	491.534	487.752	499.742	505.678	515.906
332	494.188	494.188	511.619	490.359	497.979	487.639	494.510	490.984	509.210	512.070
333	502.087	502.087	488.273	489.029	499.948	488.442	506.819	488.612	507.299	509.090
334	497.366	497.366	487.460	492.198	520.323	500.409	497.637	489.921	507.473	509.031
335	498.500	498.500	500.051	501.589	516.636	504.335	511.213	497.237	519.775	509.116
336	500.116	500.116	490.642	498.993	508.553	504.660	495.902	496.670	506.558	509.766
337	500.421	500.421	495.552	488.804	492.071	486.944	502.223	501.399	506.954	506.827
338	498.495	498.495	487.968	497.433	505.430	486.943	509.742	498.722	507.325	502.700
339	499.572	499.572	503.617	488.653	511.632	502.848	501.338	496.809	507.641	507.343
340	497.230	497.230	494.901	499.407	504.479	488.494	506.562	498.206	507.921	520.685
341	493.052	493.052	500.075	491.251	505.887	496.058	492.364	495.257	509.215	503.654
342	495.813	495.813	508.649	479.065	496.676	499.806	495.860	499.462	495.496	507.856
