 	Profile_Slice_1	Profile_Slice_2	Profile_Slice_3	Profile_Slice_4	Profile_Slice_5	Profile_Slice_6	Profile_Slice_7	Profile_Slice_8	Profile_Slice_9	Profile_Slice_10	Profile_Slice_11	Profile_Slice_12
1	1829.960	1634.953	1812.530	1814.330	1804.804	1829.821	1799.860	1737.446	1758.189	1871.366	1859.442	1910.852
2	1835.345	1612.453	1795.156	1787.534	1787.276	1822.450	1794.818	1710.847	1734.394	1860.755	1870.260	1915.935
3	1824.534	1587.723	1776.267	1759.031	1806.617	1796.737	1789.050	1687.480	1743.681	1840.429	1848.748	1888.239
4	1838.466	1601.082	1787.671	1739.259	1797.085	1793.606	1783.502	1693.569	1758.854	1833.019	1847.734	1872.353
5	1800.180	1576.238	1776.128	1739.349	1794.915	1791.438	1771.080	1700.260	1729.492	1820.103	1826.839	1860.559
6	1820.014	1559.453	1744.727	1747.505	1783.916	1757.322	1775.922	1721.126	1731.966	1803.999	1835.690	1861.418
7	1806.296	1548.730	1714.431	1718.388	1765.388	1745.915	1768.993	1699.250	1721.758	1792.201	1823.067	1845.268
8	1814.774	1575.204	1687.583	1696.812	1753.992	1761.532	1761.883	1703.563	1728.624	1781.786	1805.010	1824.543
9	1795.991	1548.401	1685.712	1672.851	1746.121	1728.496	1722.217	1672.427	1714.783	1767.136	1787.624	1819.217
10	1789.745	1556.076	1663.537	1658.957	1728.324	1688.357	1705.492	1677.867	1710.095	1737.820	1751.034	1800.774
11	1797.458	1555.629	1654.680	1611.163	1681.122	1665.874	1677.298	1673.961	1686.110	1717.181	1739.514	1765.343
12	1783.848	1551.648	1654.076	1587.139	1644.672	1646.413	1632.460	1649.038	1662.717	1685.499	1739.929	1730.355
13	1777.409	1540.759	1631.310	1568.956	1633.373	1629.151	1630.391	1635.490	1617.570	1654.788	1729.570	1738.751
14	1741.386	1531.212	1627.256	1533.340	1609.138	1622.704	1599.356	1637.723	1618.220	1653.256	1693.983	1724.498
15	1746.702	1555.029	1633.421	1536.241	1577.956	1599.594	1610.015	1612.063	1607.750	1663.545	1669.643	1674.941
16	1727.329	1559.158	1606.105	1560.348	1584.350	1592.371	1597.452	1598.384	1635.254	1620.751	1653.603	1663.244
17	1684.872	1565.447	1615.546	1559.508	1553.693	1614.240	1609.166	1568.216	1597.813	1599.536	1613.618	1655.318
18	1687.352	1557.915	1622.256	1572.805	1563.607	1567.876	1584.211	1555.867	1589.068	1596.374	1606.203	1634.992
19	1669.566	1544.233	1628.982	1590.606	1558.731	1572.719	1594.553	1564.999	1579.062	1593.154	1602.643	1602.875
20	1667.671	1544.836	1635.644	1614.169	1577.682	1597.387	1601.147	1546.394	1571.941	1603.492	1616.608	1584.308
21	1651.722	1504.606	1609.892	1606.047	1594.101	1592.076	1587.447	1532.214	1582.701	1598.494	1573.960	1587.370
22	1611.225	1504.444	1613.257	1604.600	1585.814	1555.506	1590.269	1566.967	1569.071	1603.808	1573.876	1565.245
23	1625.877	1518.165	1605.751	1627.062	1587.845	1594.978	1603.875	1582.472	1579.735	1609.289	1569.159	1581.923
24	1600.862	1526.098	1598.260	1632.740	1588.923	1586.249	1589.442	1569.420	1577.687	1603.958	1577.400	1583.393
25	1588.637	1503.230	1573.032	1608.824	1577.598	1564.280	1579.994	1588.311	1585.906	1596.800	1576.524	1567.459
26	1567.111	1532.075	1570.091	1578.066	1592.931	1577.751	1586.489	1586.430	1575.959	1595.289	1570.623	1551.062
27	1592.696	1546.442	1554.056	1579.941	1586.515	1552.471	1583.827	1595.648	1590.286	1578.541	1591.299	1571.808
28	1563.809	1586.678	1561.074	1560.832	1548.686	1522.820	1578.622	1580.722	1565.047	1587.403	1582.122	1562.850
29	1555.898	1600.633	1556.164	1535.441	1528.238	1509.922	1558.415	1568.977	1550.537	1584.407	1590.405	1556.732
30	1542.617	1612.170	1570.099	1522.933	1518.186	1494.252	1548.525	1560.255	1539.684	1549.028	1584.681	1557.750
31	1536.566	1621.381	1563.379	1524.191	1497.748	1512.797	1536.338	1541.900	1546.604	1527.036	1540.586	1544.838
32	1506.612	1632.913	1593.785	1525.974	1515.891	1549.405	1490.663	1544.516	1525.317	1535.034	1558.388	1548.931
33	1499.838	1637.790	1621.125	1519.330	1530.534	1541.828	1494.932	1536.074	1511.634	1526.501	1538.683	1518.107
34	1506.724	1624.068	1647.186	1564.148	1531.393	1549.057	1493.990	1530.427	1510.718	1499.276	1538.766	1529.152
35	1501.393	1632.019	1680.656	1590.677	1537.594	1534.300	1505.823	1509.810	1495.236	1499.557	1538.676	1527.364
36	1486.554	1626.520	1681.266	1608.147	1544.410	1548.902	1510.914	1485.116	1511.085	1501.130	1530.531	1535.103
37	1484.586	1636.589	1671.258	1615.136	1554.796	1578.096	1523.355	1474.645	1472.451	1514.722	1544.010	1528.758
38	1465.056	1611.754	1665.226	1589.526	1549.793	1550.265	1518.800	1467.449	1480.517	1489.958	1529.347	1524.372
39	1456.709	1620.727	1688.985	1607.851	1565.900	1546.619	1536.366	1461.974	1456.612	1488.677	1526.885	1507.098
40	1454.157	1636.513	1691.440	1631.561	1581.301	1547.016	1583.581	1470.079	1445.959	1478.623	1498.308	1509.525
41	1438.029	1634.979	1667.442	1617.401	1585.423	1526.805	1570.225	1497.964	1441.463	1470.743	1470.110	1509.100
42	1437.725	1648.870	1668.704	1603.075	1580.577	1547.295	1582.409	1522.062	1463.754	1479.171	1454.316	1480.345
43	1443.796	1663.291	1683.850	1603.929	1584.355	1584.782	1579.885	1529.979	1484.051	1469.366	1440.354	1460.072
44	1454.853	1672.251	1705.460	1626.630	1614.901	1604.834	1613.934	1530.630	1492.871	1476.968	1454.269	1448.741
45	1450.812	1689.366	1723.101	1650.415	1600.858	1609.574	1641.622	1568.613	1501.624	1503.519	1458.023	1444.103
46	1439.718	1731.904	1745.568	1646.940	1610.035	1627.389	1650.555	1608.723	1526.916	1544.132	1452.067	1449.068
47	1451.255	1763.398	1745.761	1669.892	1595.185	1650.399	1653.270	1609.638	1534.396	1580.300	1457.065	1431.431
48	1439.407	1762.518	1780.585	1670.459	1627.071	1650.788	1691.008	1643.626	1576.284	1598.641	1487.806	1451.030
49	1453.325	1794.652	1812.735	1672.440	1638.834	1674.030	1689.320	1643.481	1578.149	1614.862	1525.006	1457.240
50	1455.929	1810.522	1783.783	1685.591	1657.085	1672.958	1700.789	1635.011	1596.481	1622.814	1538.860	1491.136
51	1463.120	1794.413	1783.884	1705.304	1678.063	1677.134	1688.333	1642.328	1620.513	1648.471	1592.538	1513.945
52	1465.840	1755.217	1769.339	1725.134	1688.836	1722.203	1727.889	1646.074	1635.729	1631.016	1622.201	1554.742
53	1493.824	1725.479	1754.878	1743.795	1671.487	1744.240	1779.565	1684.416	1649.117	1654.081	1644.856	1603.199
54	1523.135	1698.842	1707.726	1716.082	1678.139	1752.133	1745.991	1682.472	1689.615	1657.662	1645.700	1629.604
55	1532.007	1663.400	1690.903	1683.662	1690.234	1752.620	1728.572	1731.342	1700.333	1673.321	1667.001	1649.226
56	1558.353	1599.849	1657.601	1644.641	1680.228	1705.902	1743.057	1737.215	1721.281	1684.776	1652.639	1646.820
57	1577.429	1576.877	1625.165	1617.864	1627.552	1660.298	1685.592	1706.136	1738.525	1709.541	1651.530	1651.124
58	1615.493	1544.990	1624.171	1565.838	1625.256	1634.946	1669.565	1706.418	1691.689	1699.643	1663.400	1686.975
59	1649.840	1504.172	1590.699	1584.433	1609.919	1614.735	1632.618	1676.396	1707.218	1701.396	1676.598	1684.449
60	1658.213	1469.400	1577.280	1547.464	1543.873	1586.747	1613.581	1658.520	1685.384	1684.091	1660.211	1649.046
61	1703.680	1441.604	1541.699	1545.132	1543.815	1551.684	1582.450	1629.285	1644.539	1667.770	1648.695	1662.889
62	1732.431	1428.041	1514.185	1512.119	1513.894	1513.316	1552.750	1595.569	1612.530	1629.516	1618.007	1691.077
63	1701.200	1397.412	1480.523	1461.216	1496.711	1475.362	1520.525	1560.706	1578.857	1588.210	1565.351	1652.526
64	1693.997	1364.697	1454.917	1441.973	1456.850	1451.446	1490.046	1516.312	1554.526	1565.374	1557.871	1618.450
65	1690.246	1327.551	1433.132	1422.748	1420.304	1412.925	1473.098	1496.948	1542.766	1568.674	1542.133	1632.901
66	1585.867	1314.719	1382.669	1375.549	1396.321	1397.548	1433.336	1474.651	1509.541	1531.045	1542.674	1571.396
67	1576.806	1319.441	1366.110	1369.408	1378.993	1369.125	1395.351	1436.938	1480.486	1502.991	1519.524	1555.049
68	1568.464	1297.069	1325.973	1347.301	1336.059	1342.019	1377.862	1389.889	1432.064	1454.157	1472.184	1556.284
69	1529.073	1253.237	1299.179	1317.916	1333.598	1335.584	1342.772	1387.753	1440.488	1436.766	1439.320	1541.509
70	1528.535	1252.014	1258.904	1282.077	1305.483	1290.102	1342.895	1367.191	1396.497	1411.625	1416.787	1493.285
71	1487.239	1228.359	1229.174	1266.019	1290.154	1290.611	1320.304	1344.328	1381.966	1390.561	1390.051	1485.278
72	1502.157	1218.486	1235.625	1244.341	1275.885	1275.564	1307.569	1325.195	1381.520	1358.589	1393.485	1476.955
73	1482.706	1195.055	1237.571	1224.559	1248.944	1267.013	1286.616	1314.322	1330.010	1363.786	1393.098	1457.124
74	1473.892	1184.335	1213.925	1204.097	1230.400	1242.666	1277.192	1313.248	1304.597	1329.322	1399.585	1449.541
75	1450.714	1136.867	1188.370	1200.868	1219.143	1216.904	1260.457	1283.937	1291.886	1328.664	1383.802	1415.826
76	1418.400	1122.860	1175.265	1194.234	1211.818	1185.085	1245.779	1263.145	1279.544	1289.271	1344.764	1421.004
77	1406.356	1131.119	1156.461	1167.321	1190.175	1165.525	1221.952	1264.795	1265.482	1294.021	1341.784	1422.953
78	1397.317	1115.091	1128.877	1162.791	1161.503	1156.895	1212.243	1237.722	1264.921	1284.474	1332.240	1398.728
79	1398.981	1076.673	1106.135	1129.526	1146.981	1141.655	1200.261	1223.606	1244.754	1277.261	1318.896	1383.961
80	1350.688	1070.133	1114.358	1120.703	1138.497	1138.119	1178.552	1196.486	1217.025	1242.395	1305.568	1350.598
81	1341.775	1051.463	1092.627	1124.962	1133.486	1133.334	1169.032	1176.638	1227.433	1253.911	1310.806	1326.897
82	1317.911	1032.194	1080.770	1109.274	1125.515	1108.738	1167.640	1167.482	1205.557	1233.317	1299.159	1304.656
83	1309.191	1012.846	1064.085	1094.434	1114.552	1116.838	1144.963	1165.409	1196.797	1229.300	1263.448	1297.927
84	1295.203	1022.979	1072.291	1092.234	1094.892	1113.288	1136.906	1154.782	1171.315	1221.416	1281.010	1302.099
85	1273.797	1000.577	1079.120	1079.074	1085.791	1095.060	1107.779	1127.051	1150.989	1204.824	1252.707	1271.207
86	1252.427	1000.164	1044.281	1061.046	1081.531	1062.794	1101.879	1117.228	1159.221	1206.945	1247.821	1247.057
87	1232.612	977.161	1027.692	1037.642	1054.690	1052.520	1105.636	1101.107	1139.902	1174.051	1212.327	1214.812
88	1225.326	976.903	1000.942	1029.814	1031.627	1041.352	1084.298	1079.988	1117.104	1167.630	1216.633	1199.080
89	1189.350	990.584	1022.455	1030.898	1052.760	1026.817	1046.001	1061.988	1099.839	1144.910	1217.415	1191.148
90	1163.107	945.950	989.846	1020.598	1024.329	1023.749	1035.237	1057.272	1091.961	1115.050	1181.269	1194.529
91	1159.860	965.712	996.691	1032.496	992.235	1018.441	1028.262	1061.173	1082.351	1128.107	1161.212	1176.353
92	1141.144	960.813	995.031	997.367	980.055	1001.177	1022.883	1029.405	1054.626	1100.554	1149.993	1143.697
93	1137.564	925.122	981.093	976.651	977.124	990.858	1031.401	1030.495	1057.337	1084.177	1145.981	1127.392
94	1118.381	921.066	957.124	968.989	991.287	984.382	1000.311	1030.496	1054.886	1079.269	1129.446	1143.031
95	1101.199	928.641	947.897	961.396	980.561	968.362	1004.655	1007.741	1014.828	1060.833	1112.368	1140.068
96	1099.770	926.895	948.434	942.534	974.740	955.780	994.479	983.687	1021.674	1057.227	1102.915	1090.949
97	1084.531	886.923	925.573	953.625	953.241	945.042	964.182	987.931	1010.293	1050.104	1094.831	1087.925
98	1068.182	882.862	937.399	953.055	930.347	943.677	938.559	997.791	990.039	1027.952	1074.865	1073.588
99	1071.871	888.749	912.630	926.714	942.267	932.467	958.246	967.740	990.478	1024.346	1053.695	1043.197
100	1053.772	884.108	900.607	915.097	939.583	920.589	955.809	951.135	997.415	1014.280	1047.093	1029.111
101	1036.912	868.693	904.087	920.114	912.971	920.576	959.671	938.316	968.940	987.898	1016.646	1026.287
102	1021.011	863.688	883.983	907.676	906.682	905.146	933.216	925.446	951.062	987.325	996.445	1018.460
103	980.907	849.231	870.881	881.109	901.545	911.930	916.673	917.633	944.509	956.252	1005.259	1001.136
104	991.831	832.924	866.707	882.878	899.008	907.680	893.952	904.725	943.036	949.945	978.985	978.356
105	996.553	838.417	869.987	859.538	881.644	898.365	912.329	898.713	925.772	948.712	970.151	971.283
106	967.528	829.276	869.599	850.772	874.044	889.370	891.012	890.763	906.873	940.723	956.829	974.936
107	966.869	818.905	852.833	838.514	875.947	881.959	871.157	873.927	914.173	915.421	938.664	948.515
108	964.461	785.397	835.918	835.973	852.749	896.313	879.697	873.695	884.478	890.542	951.540	936.190
109	939.330	818.499	830.866	842.475	853.090	866.244	869.477	863.991	896.180	890.737	925.524	932.540
110	938.725	807.019	827.524	824.788	829.086	851.242	855.083	855.167	880.895	871.768	899.685	933.038
111	932.403	793.206	810.985	817.907	831.666	855.666	849.981	842.547	861.347	884.382	905.321	913.426
112	933.680	776.172	824.006	820.578	835.660	830.398	844.835	853.308	858.932	880.687	891.158	885.412
113	915.039	769.752	816.230	812.255	818.061	827.229	839.265	826.765	861.601	868.000	895.118	885.495
114	907.116	777.680	798.240	813.442	827.737	826.545	828.307	805.739	846.264	859.281	868.980	876.456
115	886.079	769.522	802.157	825.136	814.358	830.688	838.229	814.602	840.978	836.183	852.909	855.008
116	867.500	763.143	801.484	819.543	797.527	829.964	827.055	815.739	839.703	849.332	855.711	862.702
117	865.679	771.434	797.690	801.891	814.817	810.188	815.154	819.508	836.290	838.571	841.142	850.910
118	855.466	755.775	769.634	768.866	801.030	801.458	811.161	805.822	811.654	826.028	828.104	841.644
119	844.068	750.787	783.781	779.239	788.150	793.426	793.219	795.108	817.205	823.030	835.408	830.647
120	828.445	745.236	778.509	779.575	774.203	788.249	790.751	795.673	781.542	808.334	829.378	835.345
121	830.548	743.710	765.262	774.252	769.575	776.559	785.420	784.049	796.769	792.774	799.357	836.159
122	815.073	724.841	749.596	767.447	777.449	772.898	770.802	782.256	777.289	795.608	793.927	814.548
123	813.456	723.730	742.098	752.065	763.142	772.428	794.628	783.351	761.324	780.987	796.482	800.919
124	802.423	713.181	752.096	765.350	752.624	777.768	783.640	769.659	772.479	788.327	778.396	805.892
125	807.769	712.203	754.146	745.734	752.023	773.522	766.871	769.237	764.198	784.804	786.934	785.547
126	803.549	720.078	760.551	752.310	748.722	757.630	754.704	763.914	760.005	782.493	789.387	791.129
127	791.174	722.968	750.029	744.224	747.021	741.046	761.111	755.237	752.434	768.513	784.887	791.867
128	793.139	712.325	734.711	746.611	737.711	753.311	755.617	758.358	753.234	759.077	765.840	791.015
129	768.793	690.154	723.146	735.246	724.452	754.196	742.293	745.506	760.221	751.819	757.385	783.976
130	785.884	687.383	719.576	729.918	739.046	750.066	744.486	734.647	747.481	751.781	745.300	765.006
131	773.382	686.377	717.802	721.494	741.576	734.256	741.274	727.034	735.201	752.170	754.418	756.785
132	768.899	682.877	715.600	716.022	736.001	708.886	725.493	712.724	738.583	732.114	740.562	756.114
133	769.848	674.853	716.288	709.397	718.349	730.118	730.201	712.858	713.861	716.336	749.449	745.605
134	755.241	672.040	703.200	704.920	706.161	731.628	723.240	714.056	712.884	724.762	757.859	757.988
135	761.162	676.875	695.440	694.674	727.338	721.616	724.078	709.924	722.818	734.722	750.470	746.980
136	759.646	672.897	685.471	704.731	718.849	697.360	712.151	706.215	732.423	737.815	734.994	730.499
137	753.316	670.402	677.834	701.652	713.253	707.701	699.850	715.426	710.768	709.718	730.582	744.601
138	736.415	665.782	681.529	706.834	692.993	699.301	701.941	706.384	694.833	714.125	713.489	734.304
139	726.997	674.515	682.413	696.840	690.326	714.851	710.340	681.617	691.845	705.237	709.392	721.343
140	723.976	647.467	693.614	691.862	692.511	693.773	701.663	691.832	692.929	709.351	711.067	721.567
141	719.375	651.433	679.195	678.735	709.322	682.600	704.640	689.078	687.606	702.138	710.496	714.445
142	719.836	649.466	678.435	671.539	681.492	679.951	693.848	682.331	688.816	699.774	714.248	711.004
143	722.676	639.168	681.352	685.598	680.658	674.783	689.632	685.513	673.976	691.295	697.898	714.590
144	718.551	652.073	665.887	678.095	687.185	675.637	688.833	680.113	685.556	693.292	692.643	723.636
145	708.868	649.445	659.200	651.944	684.167	676.755	683.129	670.046	673.069	690.415	696.432	712.095
146	706.028	664.604	674.629	662.669	678.469	681.099	674.302	659.441	677.709	672.395	692.405	714.989
147	698.795	638.731	676.474	661.738	673.316	675.854	685.249	657.669	666.143	673.226	692.375	693.138
148	691.796	634.588	669.430	670.011	671.686	679.882	672.586	666.404	675.210	673.862	678.185	702.210
149	696.397	630.092	659.994	672.441	670.384	672.793	673.041	657.390	667.359	674.535	686.734	691.929
150	673.275	616.290	659.832	666.078	656.336	656.969	671.532	669.729	672.631	683.106	664.371	695.947
151	675.390	621.049	642.472	654.574	657.943	651.117	661.245	653.422	669.115	648.989	669.259	686.953
152	665.662	630.426	639.636	648.149	655.371	658.586	656.171	648.742	667.996	654.381	669.341	686.747
153	663.269	615.864	641.764	641.945	644.277	662.087	652.672	645.110	652.216	650.743	669.613	676.385
154	673.215	626.303	645.099	646.826	659.693	643.794	642.811	648.647	654.086	648.708	655.455	680.429
155	656.867	609.997	621.024	645.864	659.538	650.007	660.540	652.100	634.157	647.303	653.596	672.571
156	658.661	611.138	646.314	646.684	651.168	653.060	663.415	635.435	638.071	657.399	652.383	679.961
157	666.602	614.697	648.594	637.805	653.621	651.491	642.238	640.837	638.510	650.383	659.538	675.166
158	650.778	603.536	643.767	640.945	640.779	632.186	638.616	644.056	626.058	646.808	645.158	665.375
159	644.704	606.857	639.967	647.440	635.867	636.635	647.321	648.344	636.451	634.267	644.601	665.118
160	653.132	610.617	636.200	629.966	638.656	624.562	636.791	641.304	629.778	634.443	652.332	655.785
161	647.941	601.836	643.042	630.053	636.871	636.098	634.328	624.142	629.879	633.056	637.555	637.045
162	659.883	599.600	652.373	619.292	639.357	630.432	628.409	621.813	630.668	648.075	644.970	646.781
163	649.118	609.255	621.684	627.697	632.693	624.215	636.161	625.010	633.560	641.070	637.866	649.065
164	638.457	602.881	623.431	626.692	630.055	641.916	642.061	626.049	633.217	629.877	652.976	637.369
165	651.975	597.450	611.645	627.378	624.183	629.964	639.327	608.768	631.447	626.550	648.671	630.582
166	642.358	603.224	628.866	621.388	634.613	631.861	638.462	621.718	622.620	642.959	627.421	634.799
167	641.174	610.770	619.771	626.020	622.701	628.395	623.638	616.295	636.358	641.417	631.462	636.877
168	632.678	599.905	627.156	605.295	620.184	632.760	613.991	611.066	627.348	639.818	638.752	641.862
169	642.281	589.594	611.492	606.303	622.587	612.997	622.823	609.007	625.457	625.187	644.494	633.216
170	633.021	592.778	619.973	618.083	626.948	612.307	612.365	622.839	606.413	634.406	626.383	630.401
171	623.794	588.084	614.394	610.817	618.578	624.424	615.452	612.951	609.108	616.934	628.555	625.646
172	630.230	585.197	604.105	612.128	611.318	614.518	609.819	607.670	610.328	631.555	628.479	627.008
173	1887.769	1887.769	1900.566	1889.227	1758.046	1688.465	1536.598	1500.361	1461.707	1450.338	1455.465	1421.986
174	1915.545	1915.545	1945.134	1961.587	1838.744	1736.790	1580.643	1591.534	1562.318	1504.135	1491.614	1448.937
175	1868.167	1868.167	1962.494	2003.396	1899.691	1816.152	1659.980	1674.556	1626.667	1543.372	1549.233	1481.313
176	1826.213	1826.213	1924.231	2025.616	1952.025	1884.762	1762.665	1762.579	1748.964	1594.294	1566.186	1540.207
177	1789.398	1789.398	1904.402	2017.444	2026.445	1938.004	1806.805	1821.068	1849.250	1691.637	1617.229	1571.688
178	1702.195	1702.195	1850.237	1974.973	2022.173	1962.449	1849.941	1917.689	1853.968	1736.905	1682.453	1618.143
179	1673.374	1673.374	1797.266	1888.892	2011.571	1966.575	1861.677	1905.718	1899.397	1841.593	1717.109	1668.286
180	1638.870	1638.870	1761.705	1831.519	1983.366	1929.774	1872.884	1942.559	1932.811	1895.792	1788.010	1710.877
181	1616.478	1616.478	1730.614	1746.861	1936.814	1895.285	1868.675	1922.368	1949.674	1945.042	1885.599	1778.576
182	1568.031	1568.031	1681.870	1679.530	1873.050	1869.476	1854.492	1905.151	1972.016	2001.120	1987.771	1835.213
183	1565.664	1565.664	1643.679	1665.365	1827.222	1788.402	1810.525	1841.808	1911.577	2009.034	2058.565	1865.428
184	1570.927	1570.927	1628.677	1647.032	1778.049	1740.733	1757.807	1807.559	1875.441	1972.619	2028.240	1921.860
185	1543.434	1543.434	1610.627	1620.903	1734.196	1743.454	1730.716	1752.777	1841.755	1930.131	2024.973	1951.912
186	1525.445	1525.445	1612.752	1626.486	1710.042	1692.589	1691.903	1726.250	1828.163	1889.501	1942.201	1913.645
187	1515.675	1515.675	1611.443	1600.878	1687.629	1666.338	1672.415	1708.184	1788.570	1846.095	1871.782	1881.890
188	1531.095	1531.095	1596.724	1588.603	1666.571	1658.889	1657.043	1686.091	1761.330	1787.998	1790.476	1794.465
189	1508.156	1508.156	1592.261	1572.115	1637.835	1647.992	1623.664	1641.259	1712.137	1720.350	1738.331	1739.877
190	1506.882	1506.882	1619.182	1580.548	1635.182	1626.215	1623.577	1653.441	1690.877	1688.107	1699.774	1696.319
191	1497.517	1497.517	1596.523	1572.209	1629.840	1620.948	1599.136	1607.702	1644.408	1669.386	1659.074	1644.810
192	1486.174	1486.174	1564.129	1574.907	1592.233	1584.494	1585.797	1595.633	1640.662	1637.041	1643.770	1642.063
193	1483.721	1483.721	1572.629	1570.931	1592.752	1579.971	1568.364	1583.096	1624.604	1628.580	1648.170	1615.908
194	1498.196	1498.196	1543.812	1553.920	1604.284	1569.861	1566.417	1584.979	1585.462	1618.250	1606.543	1600.286
195	1508.113	1508.113	1516.685	1538.851	1573.928	1551.786	1575.888	1537.069	1600.619	1611.699	1585.462	1580.161
196	1517.413	1517.413	1560.774	1554.242	1585.246	1553.095	1544.982	1542.887	1571.942	1595.542	1583.743	1583.676
197	1507.289	1507.289	1577.204	1552.268	1575.017	1541.224	1517.647	1539.299	1577.915	1556.969	1559.255	1551.395
198	1496.606	1496.606	1572.565	1540.632	1559.005	1519.364	1512.516	1517.760	1561.486	1561.461	1571.384	1530.091
199	1493.341	1493.341	1559.091	1538.248	1556.955	1514.143	1504.996	1508.656	1537.494	1559.053	1562.238	1520.240
200	1519.269	1519.269	1572.787	1531.251	1542.185	1532.043	1500.056	1506.544	1528.478	1552.506	1557.866	1515.388
201	1535.030	1535.030	1576.174	1540.985	1537.077	1526.334	1509.233	1479.095	1515.362	1548.567	1529.505	1517.568
202	1507.320	1507.320	1555.887	1546.333	1537.443	1519.865	1526.533	1488.248	1516.748	1508.729	1514.735	1510.894
203	1517.307	1517.307	1580.567	1566.677	1563.097	1532.285	1518.942	1504.376	1511.188	1524.377	1530.296	1472.331
204	1555.757	1555.757	1585.724	1599.912	1592.123	1551.094	1525.489	1532.247	1522.302	1542.085	1535.842	1463.406
205	1563.909	1563.909	1594.607	1578.102	1586.254	1542.260	1514.894	1535.921	1529.791	1536.106	1520.129	1480.017
206	1575.339	1575.339	1610.691	1580.927	1588.615	1534.865	1540.877	1523.821	1532.429	1557.271	1517.911	1471.379
207	1574.870	1574.870	1607.110	1588.942	1591.870	1555.775	1549.327	1508.946	1546.768	1546.517	1501.279	1476.876
208	1581.058	1581.058	1629.168	1598.897	1607.327	1582.255	1553.158	1518.785	1541.799	1544.037	1532.029	1465.942
209	1579.617	1579.617	1663.919	1593.515	1609.227	1573.680	1569.657	1546.982	1565.336	1557.317	1531.900	1475.340
210	1617.256	1617.256	1669.031	1620.986	1633.895	1599.981	1616.877	1567.200	1599.380	1533.689	1538.191	1504.050
211	1606.362	1606.362	1675.136	1633.390	1635.601	1638.353	1636.944	1570.877	1576.552	1556.304	1533.465	1490.484
212	1632.536	1632.536	1664.233	1636.987	1647.593	1628.076	1639.088	1586.476	1588.742	1536.507	1520.156	1500.477
213	1658.283	1658.283	1697.920	1647.976	1652.501	1656.016	1646.969	1599.275	1614.405	1582.571	1538.819	1503.652
214	1679.578	1679.578	1709.119	1638.913	1654.353	1651.303	1672.129	1601.863	1608.115	1601.269	1563.554	1505.718
215	1702.130	1702.130	1728.115	1664.318	1675.251	1676.327	1668.251	1627.911	1627.168	1616.735	1568.518	1505.322
216	1725.741	1725.741	1730.240	1651.314	1665.038	1690.346	1657.858	1616.111	1618.258	1613.981	1557.997	1506.348
217	1739.800	1739.800	1740.100	1667.547	1695.558	1705.940	1666.760	1608.404	1618.758	1639.825	1553.689	1542.252
218	1779.141	1779.141	1744.767	1684.840	1674.925	1684.879	1672.516	1610.987	1617.819	1648.538	1607.940	1529.305
219	1802.850	1802.850	1783.821	1687.428	1669.084	1698.073	1685.383	1605.333	1638.295	1655.658	1598.578	1563.938
220	1842.389	1842.389	1804.125	1699.483	1679.198	1721.240	1704.850	1619.551	1626.783	1659.876	1608.066	1574.088
221	1862.783	1862.783	1829.459	1724.989	1663.760	1696.344	1700.185	1627.994	1643.799	1692.594	1595.492	1569.863
222	1902.054	1902.054	1822.165	1717.160	1706.988	1706.995	1695.393	1633.564	1631.753	1706.722	1597.007	1583.871
223	1936.284	1936.284	1840.546	1747.920	1724.432	1699.926	1706.710	1626.648	1649.609	1678.664	1644.218	1583.399
224	1984.838	1984.838	1865.755	1795.151	1728.000	1745.853	1744.978	1652.358	1673.156	1705.809	1658.865	1592.569
225	1994.693	1994.693	1896.690	1815.809	1757.310	1765.785	1766.506	1659.116	1649.096	1705.891	1660.375	1619.507
226	2045.981	2045.981	1978.772	1825.866	1816.309	1804.464	1773.957	1679.217	1685.322	1711.043	1678.533	1633.291
227	2116.200	2116.200	2014.755	1866.036	1836.579	1843.364	1818.474	1687.031	1670.981	1711.492	1688.091	1626.729
228	2171.961	2171.961	2046.935	1919.781	1882.061	1866.590	1862.264	1699.242	1692.097	1712.628	1713.454	1653.559
229	2205.850	2205.850	2149.767	2004.539	1936.065	1921.680	1930.725	1745.751	1706.795	1735.289	1690.832	1656.952
230	2303.233	2303.233	2213.800	2058.724	1981.971	1955.539	1945.900	1776.977	1739.666	1765.054	1714.354	1674.973
231	2347.702	2347.702	2290.059	2146.258	2027.897	2004.630	1966.486	1807.524	1772.959	1808.422	1743.778	1708.194
232	2420.131	2420.131	2329.861	2219.091	2074.659	2110.045	1999.803	1867.337	1836.710	1810.228	1757.722	1716.702
233	2500.938	2500.938	2432.961	2263.536	2189.361	2159.752	2069.408	1887.661	1886.265	1882.815	1794.933	1747.602
234	2544.037	2544.037	2484.903	2344.252	2244.300	2216.580	2110.430	1924.221	1916.093	1931.630	1814.438	1770.913
