 	Profile_Slice_1	Profile_Slice_2	Profile_Slice_3	Profile_Slice_4	Profile_Slice_5
1	257.931	257.931	243.366	244.257	239.690
2	248.044	248.044	251.002	229.915	246.028
3	243.556	243.556	247.830	251.864	251.300
4	246.347	246.347	245.560	247.714	244.999
5	249.648	249.648	244.526	253.625	248.262
6	251.638	251.638	240.847	241.088	244.084
7	248.557	248.557	247.859	241.351	244.573
8	252.160	252.160	240.730	250.255	250.866
9	245.349	245.349	240.033	250.272	242.432
10	248.138	248.138	241.165	247.977	243.424
11	256.404	256.404	249.241	248.925	246.170
12	252.095	252.095	252.232	251.909	258.018
13	253.483	253.483	249.011	244.507	251.074
14	248.230	248.230	252.108	246.481	250.608
15	247.749	247.749	248.899	251.172	244.167
16	257.326	257.326	243.140	247.969	238.375
17	246.656	246.656	247.987	248.317	259.465
18	254.094	254.094	243.997	249.093	251.603
19	250.613	250.613	240.806	244.133	243.616
20	245.084	245.084	242.946	244.864	246.785
21	241.771	241.771	249.345	245.085	251.388
22	246.599	246.599	245.441	247.508	252.733
23	250.935	250.935	247.891	241.173	248.478
24	251.600	251.600	248.260	244.462	244.176
25	257.115	257.115	245.523	244.532	256.154
26	257.183	257.183	248.570	257.205	244.127
27	249.149	249.149	247.243	251.006	250.088
28	253.234	253.234	245.974	238.510	243.775
29	250.641	250.641	240.054	242.192	244.183
30	252.036	252.036	246.904	243.626	248.517
31	252.126	252.126	249.355	247.445	251.573
32	246.195	246.195	247.665	248.861	242.666
33	253.244	253.244	242.750	242.465	250.499
34	250.696	250.696	245.757	244.723	245.438
35	252.137	252.137	249.104	246.346	241.074
36	245.358	245.358	241.668	250.807	252.432
37	245.525	245.525	250.311	246.808	247.850
38	243.916	243.916	243.136	246.575	252.010
39	248.557	248.557	252.273	240.809	247.593
40	253.970	253.970	250.851	248.401	249.032
41	255.504	255.504	251.103	251.353	239.890
42	243.945	243.945	241.066	255.675	237.255
43	253.921	253.921	247.119	256.973	252.186
44	253.977	253.977	248.168	249.708	251.504
45	246.258	246.258	251.013	243.805	252.951
46	242.484	242.484	245.952	247.606	255.183
47	248.527	248.527	246.556	247.119	253.665
48	245.179	245.179	252.374	256.097	241.276
49	253.369	253.369	256.646	250.396	242.081
50	252.334	252.334	245.995	246.799	255.929
51	247.847	247.847	242.406	254.491	247.219
52	254.450	254.450	250.356	250.309	246.660
53	250.828	250.828	243.783	252.115	241.366
54	243.494	243.494	258.590	236.477	240.728
55	239.612	239.612	249.201	249.541	244.846
56	245.401	245.401	240.353	247.939	246.920
57	243.964	243.964	245.233	247.772	242.431
58	256.393	256.393	246.688	245.744	244.233
59	246.140	246.140	254.358	250.411	252.937
60	247.659	247.659	247.731	242.125	248.766
61	251.290	251.290	244.780	243.508	244.070
62	245.749	245.749	244.341	246.961	240.892
63	245.489	245.489	245.920	251.616	239.242
64	245.816	245.816	246.013	247.317	240.008
65	248.949	248.949	244.161	247.610	247.845
66	252.248	252.248	254.471	252.031	260.334
67	250.279	250.279	248.435	249.541	254.708
68	256.280	256.280	241.079	251.435	251.760
69	256.700	256.700	249.030	251.696	247.368
70	256.039	256.039	241.536	247.888	248.101
71	249.993	249.993	253.481	240.398	254.835
72	246.226	246.226	257.845	245.867	248.816
73	258.406	258.406	255.602	246.446	255.236
74	254.603	254.603	248.562	236.925	258.008
75	253.204	253.204	257.297	247.090	253.240
76	248.603	248.603	255.932	251.255	237.884
77	253.184	253.184	248.185	252.010	240.365
78	249.326	249.326	252.481	253.520	248.752
79	253.199	253.199	250.397	251.173	246.479
80	255.110	255.110	251.725	247.915	250.833
81	250.986	250.986	247.070	251.495	254.748
82	257.888	257.888	247.611	253.323	248.875
83	255.703	255.703	251.799	242.307	249.457
84	255.379	255.379	248.732	250.018	241.013
85	258.298	258.298	248.966	253.857	243.362
86	248.224	248.224	244.667	255.492	247.332
87	249.640	249.640	244.170	248.500	252.229
88	238.324	238.324	254.236	255.067	250.709
89	248.509	248.509	252.255	252.762	256.938
90	260.189	260.189	247.348	244.711	245.406
91	255.070	255.070	243.184	246.907	252.418
92	251.504	251.504	250.103	246.942	249.177
93	256.013	256.013	245.127	247.809	248.339
94	249.399	249.399	246.622	252.506	255.408
95	244.612	244.612	252.038	254.855	250.313
96	246.265	246.265	250.374	254.401	248.573
97	249.905	249.905	252.199	247.248	245.807
98	248.847	248.847	254.844	249.713	254.629
99	257.699	257.699	246.379	254.790	251.152
100	253.704	253.704	234.940	253.443	247.920
101	257.927	257.927	237.009	247.123	246.229
102	259.762	259.762	254.519	257.696	253.619
103	260.475	260.475	253.545	244.775	255.117
104	252.974	252.974	252.308	256.757	252.341
105	251.846	251.846	249.046	251.054	248.946
106	251.742	251.742	260.059	254.812	251.684
107	258.756	258.756	257.506	256.721	257.369
108	262.947	262.947	254.046	249.523	253.726
109	260.879	260.879	247.772	257.384	244.929
110	250.314	250.314	244.789	260.742	253.743
111	250.656	250.656	252.500	258.033	251.663
112	257.351	257.351	250.544	250.684	251.790
113	259.626	259.626	243.859	249.016	253.873
114	256.903	256.903	247.232	247.255	252.880
115	253.144	253.144	255.251	245.030	255.027
116	255.036	255.036	249.408	244.086	249.832
117	257.848	257.848	252.288	257.445	251.832
118	256.507	256.507	254.147	258.933	243.766
119	246.208	246.208	255.003	252.435	250.759
120	250.935	250.935	256.818	245.925	256.884
121	256.560	256.560	241.423	253.188	260.028
122	249.332	249.332	256.425	247.805	256.964
123	265.610	265.610	251.176	250.435	259.330
124	260.307	260.307	255.069	258.531	249.858
125	252.816	252.816	255.650	263.892	262.058
126	261.430	261.430	258.107	253.277	264.187
127	266.607	266.607	262.513	261.360	258.605
128	265.952	265.952	263.625	258.922	251.924
129	262.546	262.546	251.192	259.241	241.522
130	253.101	253.101	258.165	264.909	262.507
131	259.776	259.776	265.387	253.296	259.098
132	260.879	260.879	266.139	256.028	254.642
133	261.482	261.482	262.834	255.900	260.265
134	255.795	255.795	265.531	253.262	248.984
135	253.979	253.979	262.751	237.557	255.894
136	263.472	263.472	256.422	253.361	258.953
137	255.315	255.315	257.607	255.739	250.669
138	260.240	260.240	265.351	257.412	253.804
139	264.734	264.734	266.936	258.981	256.413
140	267.026	267.026	271.844	264.394	260.021
141	262.567	262.567	259.422	262.980	259.721
142	264.996	264.996	269.492	264.157	255.243
143	260.843	260.843	259.888	264.340	262.758
144	264.434	264.434	253.697	260.743	267.683
145	263.045	263.045	255.985	259.158	263.836
146	258.767	258.767	257.908	259.448	260.172
147	254.469	254.469	262.808	258.424	262.707
148	261.931	261.931	262.131	267.102	261.178
149	257.442	257.442	259.010	255.936	272.357
150	259.027	259.027	262.173	265.633	267.221
151	266.256	266.256	261.825	256.875	261.128
152	266.835	266.835	252.833	265.019	259.914
153	263.717	263.717	254.865	256.642	252.143
154	266.194	266.194	260.699	257.207	261.439
155	276.011	276.011	268.352	257.751	262.633
156	271.713	271.713	263.062	253.544	259.959
157	272.024	272.024	265.434	269.420	258.451
158	259.638	259.638	271.097	263.914	253.527
159	262.324	262.324	269.647	264.085	259.357
160	270.442	270.442	264.518	263.860	268.169
161	269.656	269.656	266.330	263.775	268.594
162	271.010	271.010	273.390	267.409	264.772
163	268.162	268.162	267.903	274.182	260.994
164	269.624	269.624	269.329	270.142	263.062
165	275.325	275.325	264.788	277.036	261.962
166	273.189	273.189	274.360	274.246	274.344
167	276.693	276.693	272.990	267.019	271.488
168	284.848	284.848	272.859	278.571	276.870
169	269.307	269.307	270.167	273.248	279.482
170	277.162	277.162	272.729	273.704	271.393
171	279.168	279.168	268.151	273.601	270.855
172	285.675	285.675	279.194	272.563	269.428
173	277.128	277.128	281.527	268.645	278.432
174	269.511	269.511	279.688	279.574	277.778
175	272.804	272.804	272.595	273.134	282.564
176	275.370	275.370	274.138	276.650	284.029
177	268.428	268.428	271.536	280.823	283.026
178	270.007	270.007	276.652	272.687	275.488
179	278.339	278.339	283.123	276.811	280.555
180	268.474	268.474	277.707	272.257	290.267
181	293.556	293.556	283.643	280.774	291.150
182	295.399	295.399	292.141	283.009	290.153
183	290.041	290.041	293.886	283.385	294.913
184	291.662	291.662	293.456	284.389	287.388
185	296.938	296.938	287.638	284.652	296.818
186	299.225	299.225	290.472	289.082	296.368
187	307.033	307.033	295.523	290.872	291.989
188	311.278	311.278	301.568	290.537	295.815
189	311.342	311.342	298.506	305.592	294.025
190	307.609	307.609	304.080	308.801	304.892
191	307.200	307.200	305.419	303.977	299.150
192	320.324	320.324	311.987	312.988	303.370
193	317.841	317.841	311.739	320.633	304.710
194	318.632	318.632	308.679	316.187	304.845
195	329.216	329.216	308.122	311.228	304.417
196	329.700	329.700	306.446	327.454	315.099
197	337.626	337.626	320.252	334.930	316.442
198	341.926	341.926	308.941	328.635	333.271
199	342.755	342.755	316.280	319.977	320.715
200	351.530	351.530	312.088	323.228	316.440
201	368.794	368.794	311.196	317.323	322.006
202	364.884	364.884	309.123	315.973	334.589
203	355.830	355.830	305.126	313.352	326.975
204	358.829	358.829	299.966	311.753	322.080
205	336.740	336.740	308.218	310.062	331.076
206	337.763	337.763	308.264	320.115	324.180
207	335.111	335.111	306.639	318.709	326.697
208	326.512	326.512	315.202	324.820	323.096
209	332.855	332.855	313.358	323.338	335.344
210	336.420	336.420	319.659	328.454	324.509
211	327.830	327.830	321.690	328.110	319.117
212	328.927	328.927	321.216	322.595	337.570
213	332.498	332.498	316.332	335.492	346.653
214	339.224	339.224	324.582	321.355	324.826
215	345.102	345.102	331.969	324.850	326.708
216	341.796	341.796	333.431	324.509	330.101
217	346.495	346.495	332.678	324.799	328.272
218	341.550	341.550	345.769	321.775	328.792
219	345.114	345.114	343.975	323.612	324.782
220	351.661	351.661	334.976	332.179	325.499
221	359.926	359.926	333.668	329.678	330.515
222	360.188	360.188	332.785	328.098	333.012
223	351.561	351.561	330.645	334.463	344.236
224	343.016	343.016	331.212	341.009	335.036
225	350.592	350.592	334.579	330.609	324.408
226	346.109	346.109	331.619	326.866	325.736
227	342.221	342.221	325.691	325.369	338.571
228	340.451	340.451	337.959	334.373	340.197
229	341.357	341.357	332.987	338.648	334.313
230	337.195	337.195	326.942	320.809	337.028
231	335.479	335.479	319.997	321.972	335.648
232	331.026	331.026	324.513	328.444	336.129
233	334.880	334.880	319.038	317.275	334.172
234	330.548	330.548	323.046	332.142	328.831
235	341.119	341.119	334.481	336.309	331.383
236	344.666	344.666	333.142	348.585	326.501
237	340.408	340.408	338.590	333.542	330.981
238	341.993	341.993	339.964	338.585	340.804
239	355.819	355.819	339.822	336.152	342.467
240	353.851	353.851	343.904	326.883	335.983
241	356.999	356.999	348.030	321.632	335.952
242	347.160	347.160	343.021	343.152	347.317
243	344.860	344.860	345.926	329.842	339.634
244	339.998	339.998	349.271	333.094	350.164
245	352.509	352.509	357.282	340.869	352.951
246	353.862	353.862	349.117	334.718	355.932
247	348.887	348.887	346.038	342.748	352.636
248	367.697	367.697	356.708	353.039	347.136
249	366.921	366.921	350.336	347.741	349.897
250	368.486	368.486	348.181	342.320	342.303
251	384.556	384.556	343.357	360.005	364.771
252	378.361	378.361	367.871	359.452	360.576
253	369.407	369.407	358.734	353.507	358.810
254	371.215	371.215	352.896	347.509	365.518
255	364.323	364.323	359.597	351.037	360.905
256	370.091	370.091	372.647	352.189	367.817
257	383.030	383.030	365.944	356.344	350.332
258	384.514	384.514	374.436	362.554	361.779
259	388.445	388.445	384.567	353.864	377.408
260	379.826	379.826	374.340	353.814	371.519
261	390.625	390.625	366.845	361.923	371.018
262	387.727	387.727	375.406	372.175	375.176
263	388.610	388.610	379.124	376.900	374.272
264	389.816	389.816	385.086	375.001	363.749
265	383.050	383.050	381.129	373.288	379.936
266	387.871	387.871	380.917	355.433	375.210
267	377.703	377.703	377.642	373.130	362.903
268	390.341	390.341	377.453	380.341	377.264
269	400.802	400.802	389.882	379.086	386.156
270	397.007	397.007	397.445	372.425	391.202
271	412.992	412.992	408.174	377.749	407.006
272	410.576	410.576	409.668	370.419	395.138
273	415.766	415.766	391.827	377.175	403.388
274	404.985	404.985	392.629	365.701	401.154
275	405.981	405.981	399.383	381.078	389.434
276	413.795	413.795	396.727	378.810	398.546
277	393.432	393.432	393.213	375.035	387.473
278	392.792	392.792	395.550	385.862	388.444
279	405.781	405.781	378.383	391.347	365.797
