 	Profile_Slice_1	Profile_Slice_2	Profile_Slice_3	Profile_Slice_4	Profile_Slice_5	Profile_Slice_6	Profile_Slice_7	Profile_Slice_8	Profile_Slice_9	Profile_Slice_10	Profile_Slice_11	Profile_Slice_12	Profile_Slice_13	Profile_Slice_14	Profile_Slice_15	Profile_Slice_16	Profile_Slice_17	Profile_Slice_18	Profile_Slice_19	Profile_Slice_20	Profile_Slice_21	Profile_Slice_22
1	172.881	172.881	167.457	174.749	170.893	177.028	173.533	174.624	169.127	166.693	171.450	169.924	164.882	174.210	168.962	169.840	161.755	164.971	173.612	169.699	166.370	166.435
2	166.356	166.356	167.409	173.560	167.868	176.763	173.372	167.396	167.669	172.063	167.827	173.831	167.397	166.086	171.250	166.089	161.910	165.405	171.045	166.445	163.751	173.750
3	172.354	172.354	175.820	175.482	168.558	174.658	185.801	174.941	166.703	168.035	172.479	168.695	170.117	174.626	172.116	166.855	170.745	169.095	168.156	166.906	168.615	167.924
4	171.355	171.355	174.738	176.120	173.172	170.988	173.057	170.690	166.770	176.180	169.479	164.728	167.885	169.999	170.847	166.681	166.820	169.812	169.294	171.763	174.171	169.865
5	172.919	172.919	174.311	175.210	175.601	168.910	164.928	173.920	172.371	171.136	164.472	175.869	170.176	169.101	172.854	175.978	166.377	168.123	167.054	172.683	175.461	171.475
6	167.462	167.462	170.563	171.837	176.764	169.135	170.302	177.731	168.357	171.064	167.577	174.605	169.440	168.955	172.302	169.265	165.550	168.942	163.187	180.807	164.510	174.369
7	170.587	170.587	170.006	170.133	166.575	169.997	172.646	169.411	168.494	171.521	172.293	172.038	167.436	177.145	175.547	168.463	166.274	171.261	173.973	171.539	167.805	168.438
8	168.236	168.236	169.670	174.087	174.766	168.823	174.697	172.566	173.428	171.128	173.043	168.963	169.026	177.509	172.608	174.310	172.201	165.337	173.345	167.067	168.704	171.691
9	170.686	170.686	166.907	166.473	171.996	170.398	173.147	165.743	168.128	169.844	175.296	167.347	168.588	170.218	172.625	173.849	173.018	163.620	167.384	164.980	171.546	174.466
10	177.233	177.233	171.138	167.268	172.666	170.349	168.234	169.397	166.222	168.692	174.018	165.860	164.530	171.392	174.566	166.445	158.718	165.926	171.868	169.688	175.077	173.028
11	175.407	175.407	169.885	175.591	174.473	175.920	170.863	166.886	165.249	175.173	176.169	171.904	169.941	178.080	173.788	169.069	161.865	165.489	171.592	176.475	176.288	176.186
12	173.594	173.594	170.007	174.927	173.381	172.194	170.945	166.724	168.084	174.522	172.530	171.254	171.642	176.630	174.416	175.033	166.889	170.186	172.384	173.594	166.904	166.969
13	168.308	168.308	170.640	174.615	170.344	170.840	173.339	168.928	171.965	170.848	170.415	172.535	167.025	172.884	168.809	177.142	167.956	173.492	174.160	174.691	170.630	171.403
14	171.175	171.175	175.536	170.026	174.508	175.776	172.222	173.618	173.545	171.133	175.115	172.094	174.101	171.607	167.363	174.659	170.163	174.750	166.097	168.258	171.812	174.832
15	180.302	180.302	174.366	171.924	175.109	169.879	171.273	169.057	173.904	174.099	173.416	170.450	170.663	172.703	179.065	170.002	170.084	173.891	174.066	174.192	169.628	174.196
16	178.342	178.342	173.444	171.561	180.478	172.314	176.614	171.779	171.948	175.947	173.810	170.513	166.351	174.210	183.585	168.933	168.298	175.488	172.673	171.192	168.520	172.898
17	179.509	179.509	180.776	176.924	175.799	174.217	176.966	169.673	166.815	172.469	177.165	175.287	167.911	176.106	180.537	174.214	166.746	179.709	174.298	164.109	177.382	173.387
18	172.394	172.394	166.546	173.856	176.026	176.881	176.808	171.612	171.932	178.681	170.809	177.259	170.661	173.739	177.456	172.793	167.360	168.052	171.388	170.365	173.144	174.115
19	172.550	172.550	171.327	177.184	172.485	170.540	176.284	175.853	171.267	168.942	166.742	180.768	174.412	171.951	176.379	171.441	166.837	174.425	170.167	174.974	174.673	171.348
20	168.828	168.828	176.005	177.559	174.989	174.340	175.156	171.637	167.161	172.839	176.874	174.297	171.644	173.496	173.247	173.923	176.436	173.840	167.708	169.868	171.362	172.712
21	173.816	173.816	177.938	173.163	175.527	179.284	175.032	170.618	171.394	169.880	174.406	176.704	180.690	172.028	177.757	172.980	173.529	181.519	170.841	175.226	177.701	175.763
22	177.521	177.521	177.238	174.920	177.107	181.827	170.486	177.194	177.271	170.205	171.739	181.962	173.998	171.303	182.278	176.605	178.766	173.671	178.276	170.138	176.051	172.924
23	184.104	184.104	176.322	170.271	179.968	175.739	175.417	179.023	180.131	174.055	178.107	178.667	177.274	173.127	187.355	171.324	178.062	179.287	179.725	178.876	176.439	174.889
24	179.207	179.207	178.078	173.383	184.427	171.943	174.929	179.546	173.603	168.166	171.969	175.815	175.778	172.025	179.324	175.944	172.354	176.046	176.681	167.883	170.885	173.806
25	179.445	179.445	178.497	182.594	178.228	178.295	171.249	178.065	173.313	171.727	168.597	176.098	176.331	171.965	174.390	177.571	176.007	170.299	168.087	160.775	179.776	173.623
26	178.038	178.038	174.459	180.556	169.723	175.311	172.250	172.929	177.470	184.225	177.302	179.726	171.523	182.085	182.325	179.193	172.700	175.616	174.064	176.135	173.712	174.151
27	169.392	169.392	178.979	178.171	177.215	177.011	173.381	175.780	179.554	184.534	181.529	177.694	172.943	185.759	181.598	174.477	169.806	177.254	176.506	180.656	175.917	174.003
28	170.214	170.214	179.481	180.284	181.292	176.849	178.241	179.804	172.202	173.971	179.167	177.313	168.145	175.236	183.141	180.857	172.084	173.869	171.507	182.771	176.158	174.516
29	179.410	179.410	180.189	179.949	179.839	173.412	176.017	178.594	177.671	175.610	179.791	181.432	170.337	180.898	183.064	180.710	175.779	176.843	173.412	174.812	177.014	176.462
30	172.308	172.308	180.618	172.829	180.261	180.103	177.199	178.285	182.748	182.993	192.501	176.987	177.072	186.523	181.347	174.615	177.478	174.086	178.211	179.666	177.039	178.886
31	172.273	172.273	176.745	174.475	178.093	176.611	176.527	180.943	174.731	183.220	181.376	177.004	172.866	180.500	184.836	180.804	173.852	181.592	176.867	181.348	173.924	179.841
32	181.928	181.928	175.531	176.949	185.678	177.832	186.913	177.725	174.569	182.394	181.729	179.699	174.682	175.611	188.973	183.425	172.710	180.303	176.081	172.371	172.167	182.459
33	186.023	186.023	183.389	178.071	176.046	177.632	178.609	172.961	180.855	181.484	178.752	178.506	181.249	181.496	179.209	178.458	179.536	181.646	171.724	177.779	178.826	181.962
34	187.914	187.914	181.194	181.334	179.352	179.558	183.127	172.604	179.364	180.418	172.088	182.760	181.471	185.222	178.153	181.633	175.762	180.766	171.467	177.851	175.014	176.673
35	180.274	180.274	180.499	181.217	181.905	178.393	178.981	173.708	179.719	177.579	170.967	182.712	174.262	178.539	172.986	176.017	173.345	179.127	180.964	177.755	177.515	173.955
36	176.487	176.487	183.028	187.495	181.302	179.768	178.521	182.814	177.569	186.714	176.982	180.227	175.600	184.680	182.005	186.360	173.022	176.712	177.034	173.108	179.477	177.722
37	181.597	181.597	182.141	186.612	182.140	182.349	179.710	179.479	183.607	190.717	178.541	178.662	180.651	182.634	177.121	181.781	174.635	180.227	177.811	183.166	181.252	186.020
38	185.530	185.530	185.425	183.706	175.545	179.196	173.618	181.648	179.785	184.037	179.743	183.251	178.214	180.537	183.541	174.572	179.244	175.361	177.238	177.984	180.707	182.253
39	185.609	185.609	186.474	183.599	182.978	184.283	178.644	185.721	187.565	176.457	181.927	181.788	183.149	183.792	187.712	175.499	178.868	176.065	178.261	183.167	182.071	183.671
40	189.112	189.112	182.031	184.199	185.540	183.061	179.925	183.470	179.280	178.939	180.178	187.252	179.586	191.242	179.753	181.742	177.128	182.974	175.474	179.971	179.992	184.094
41	183.479	183.479	180.649	185.428	188.590	178.683	179.438	177.337	180.038	177.955	178.049	184.194	176.988	188.375	183.802	181.414	176.902	180.575	178.665	180.710	181.921	179.295
42	186.460	186.460	187.539	189.490	188.873	177.537	182.143	182.499	185.363	179.301	177.582	183.432	175.973	184.114	188.333	181.236	182.260	180.332	178.491	191.426	184.855	188.701
43	189.510	189.510	187.164	186.476	186.870	181.022	186.788	184.780	180.132	183.073	183.402	182.764	183.975	192.802	188.255	191.543	180.347	179.687	180.626	181.427	179.015	186.342
44	191.968	191.968	183.677	177.997	182.526	186.037	177.063	183.897	187.985	181.506	181.014	176.949	175.392	189.791	188.820	181.776	175.394	180.777	180.625	175.794	184.079	191.384
45	181.291	181.291	185.540	184.553	182.169	186.949	185.147	180.750	180.866	184.523	188.713	187.735	183.754	188.530	185.074	189.541	176.872	185.685	183.296	183.021	180.970	190.040
46	183.815	183.815	190.340	185.486	184.769	187.570	178.511	187.645	181.104	184.563	187.000	186.021	181.538	192.243	185.496	189.990	176.229	175.517	182.305	183.762	185.001	190.714
47	183.845	183.845	187.249	184.598	190.114	182.760	188.312	178.695	191.677	185.090	184.630	187.322	180.162	186.737	187.839	191.394	180.407	186.636	184.820	181.070	183.744	186.650
48	191.265	191.265	186.037	195.082	190.343	185.685	189.439	186.441	193.835	187.778	189.809	188.945	187.473	190.291	193.473	193.863	187.294	189.597	185.797	187.578	187.372	191.798
49	193.440	193.440	194.034	200.344	189.282	190.650	188.671	195.096	186.969	191.846	198.403	190.204	183.071	187.324	201.187	194.774	186.611	183.313	184.037	182.019	192.589	192.391
50	190.055	190.055	189.993	198.244	196.456	190.334	193.499	193.917	188.823	192.285	191.991	192.987	190.823	198.751	197.072	195.113	189.165	180.711	188.651	178.920	191.853	192.310
51	189.846	189.846	194.602	189.318	194.566	185.422	194.183	197.836	186.497	187.834	194.352	196.013	184.142	190.267	186.971	199.533	182.263	192.012	184.934	181.061	188.383	193.359
52	193.461	193.461	194.961	188.854	194.578	194.482	190.909	194.716	196.323	191.135	195.046	191.860	185.092	193.228	192.533	195.840	191.863	189.023	187.454	199.053	189.296	195.893
53	191.131	191.131	196.490	190.458	191.101	194.123	192.572	188.226	187.587	196.858	190.397	195.953	177.833	195.075	201.469	191.389	190.846	189.483	185.167	191.314	190.904	192.094
54	185.008	185.008	195.763	192.704	190.154	189.532	197.771	192.930	188.629	198.059	193.167	196.853	195.735	199.410	199.142	192.899	186.429	186.501	196.738	192.957	197.421	192.648
55	189.660	189.660	197.072	199.816	192.880	192.834	195.548	192.763	190.412	197.053	193.510	194.837	190.804	198.876	197.195	198.030	187.277	195.561	195.247	190.692	194.430	189.359
56	200.971	200.971	195.460	197.744	193.636	197.096	198.213	196.051	193.887	198.999	195.717	190.058	192.042	204.107	202.354	192.247	188.210	195.178	197.964	191.652	190.613	197.930
57	201.079	201.079	200.877	197.227	202.156	195.040	197.569	198.758	193.219	190.082	200.014	195.879	194.219	201.961	210.032	199.194	190.185	193.550	193.734	198.218	189.877	196.923
58	196.001	196.001	200.698	195.733	199.804	196.928	198.964	195.998	198.684	190.543	198.491	198.554	198.069	203.595	201.685	196.621	184.118	190.155	197.076	187.099	194.093	195.668
59	196.603	196.603	196.779	197.915	204.767	201.742	203.227	199.932	195.859	194.859	195.618	197.381	192.669	197.346	211.415	205.044	193.021	200.294	191.693	190.034	197.147	199.092
60	195.532	195.532	204.775	202.736	201.667	198.278	196.897	205.717	199.335	195.914	196.734	198.473	202.550	194.430	208.005	203.452	195.956	197.319	196.855	188.616	196.679	202.121
61	206.916	206.916	209.809	203.110	200.618	199.425	205.566	198.681	199.853	197.697	198.916	196.460	193.789	204.363	209.530	203.771	196.101	192.520	193.931	196.239	191.970	199.759
62	206.002	206.002	212.285	197.661	204.254	198.185	200.591	202.943	208.583	194.472	201.722	193.345	194.781	206.934	207.844	209.188	192.622	199.013	198.759	196.491	195.187	197.460
63	208.969	208.969	208.190	201.272	204.569	199.339	204.615	207.330	198.991	198.109	199.700	199.546	200.607	211.501	212.636	210.450	197.117	203.820	198.626	202.101	203.134	205.297
64	205.624	205.624	210.298	208.872	201.183	199.275	213.550	209.607	209.336	202.588	202.840	203.927	202.818	208.509	208.979	210.070	202.341	202.540	204.430	200.523	206.520	198.822
65	209.938	209.938	214.636	207.222	204.102	205.222	214.208	210.225	206.452	200.443	210.405	198.173	197.154	211.976	214.362	214.511	205.981	201.424	206.184	206.914	209.852	202.025
66	213.587	213.587	213.454	207.543	206.872	198.059	212.709	207.831	202.945	204.048	206.384	205.868	202.032	212.245	209.754	216.688	205.585	194.733	202.809	207.637	206.942	207.388
67	205.806	205.806	214.893	213.430	219.062	203.917	208.835	204.224	203.712	205.060	205.092	205.093	200.704	214.426	211.793	212.594	201.507	208.861	203.242	203.215	211.929	207.021
68	205.947	205.947	212.148	210.948	213.611	209.608	217.835	213.108	208.740	213.543	209.898	206.554	206.760	217.478	215.639	222.738	208.353	210.459	202.848	203.792	203.863	211.417
69	211.292	211.292	215.136	208.537	207.786	217.091	217.388	219.759	208.056	207.788	204.614	212.940	203.261	219.793	209.719	218.958	208.714	207.092	202.194	204.098	206.114	202.493
70	210.980	210.980	210.615	211.077	206.351	220.208	230.654	218.360	214.033	210.922	207.902	218.442	206.871	219.888	220.491	227.455	203.781	208.748	208.503	210.801	206.172	208.538
71	216.424	216.424	225.826	219.650	218.025	222.829	240.043	219.059	212.696	209.545	216.308	216.361	215.468	219.480	223.420	233.428	215.025	209.055	206.772	216.433	214.193	214.277
72	219.996	219.996	228.634	221.995	223.207	225.086	238.507	223.216	210.407	218.004	208.451	223.481	200.990	224.380	225.791	228.085	225.194	225.396	206.136	214.798	212.667	214.838
73	221.335	221.335	228.393	221.501	229.467	229.507	243.364	225.458	219.617	218.939	217.251	214.783	206.125	218.604	226.091	232.348	218.570	221.038	210.137	221.898	216.283	222.513
74	225.980	225.980	234.779	231.712	229.637	241.849	243.555	224.659	230.927	213.457	215.207	214.602	207.093	221.304	230.529	244.536	231.527	223.110	219.339	230.507	219.605	227.438
75	219.714	219.714	234.891	239.805	231.941	241.141	259.310	230.179	229.929	215.027	221.172	209.567	219.428	228.727	236.333	236.412	231.536	224.361	221.133	217.756	226.593	223.471
76	224.138	224.138	236.985	237.341	244.673	242.317	262.260	247.652	238.100	219.057	229.204	219.615	228.244	234.431	238.983	234.044	230.589	225.061	224.467	223.622	228.693	228.006
77	223.660	223.660	243.483	240.750	248.111	240.092	260.195	248.911	243.894	218.131	234.422	232.145	223.173	235.566	244.373	238.622	230.892	227.785	229.110	221.863	217.582	238.972
78	242.583	242.583	252.221	246.731	253.063	252.606	263.395	254.372	250.673	224.250	230.658	237.417	228.379	248.664	247.106	247.163	237.669	230.818	233.962	226.456	226.822	243.798
79	237.281	237.281	261.212	257.947	258.560	255.815	263.030	262.608	261.923	236.144	235.794	239.281	240.072	251.468	252.463	247.750	250.209	237.232	238.218	238.131	227.898	244.095
80	235.156	235.156	260.354	275.857	255.687	264.062	252.568	262.825	264.344	246.219	237.504	247.667	239.712	255.327	253.982	263.871	242.702	243.228	232.070	239.504	234.115	242.209
81	242.529	242.529	258.826	268.865	262.123	259.227	245.667	265.415	267.345	250.404	248.280	238.595	232.431	260.862	258.618	256.842	244.901	244.591	232.619	238.097	232.309	240.192
82	254.332	254.332	259.134	275.781	260.875	244.003	251.497	272.203	269.631	246.466	249.463	250.046	234.689	261.460	257.675	259.717	243.540	240.331	235.470	244.453	238.151	233.026
83	254.849	254.849	262.376	268.535	251.142	241.281	250.613	258.027	265.947	250.550	263.480	262.126	231.984	261.618	256.265	257.432	240.403	234.676	239.852	244.340	235.301	234.642
84	251.994	251.994	261.422	255.687	251.698	253.684	249.907	257.543	260.763	263.075	251.187	267.475	240.735	260.490	250.741	250.329	251.151	237.875	236.450	244.338	235.208	242.831
85	257.606	257.606	252.167	259.196	243.865	242.479	234.617	252.961	252.753	263.143	266.931	261.744	255.108	256.098	241.512	251.656	250.121	248.118	238.579	251.468	242.816	250.081
86	253.280	253.280	247.471	247.234	241.610	242.033	231.674	246.704	251.974	258.981	275.889	264.266	257.813	259.804	241.994	243.631	249.190	246.548	242.742	252.684	249.658	244.974
87	240.876	240.876	236.373	243.313	237.727	235.490	228.581	239.672	250.422	254.839	267.031	256.278	252.547	252.044	232.518	231.692	242.054	246.772	250.148	243.417	247.793	239.999
88	233.118	233.118	241.512	244.708	246.391	235.419	231.127	254.330	241.394	255.207	263.737	252.230	256.728	245.920	231.416	236.929	258.152	254.123	255.163	248.391	242.708	245.347
89	239.831	239.831	248.700	234.293	245.985	229.497	234.907	246.554	238.436	257.596	251.609	256.589	250.684	244.741	236.161	230.065	252.205	257.497	249.597	241.158	239.763	256.726
90	234.729	234.729	234.961	243.521	231.416	232.031	223.352	235.463	230.968	254.565	252.991	260.852	250.289	245.969	230.438	223.872	247.109	258.997	261.491	245.001	236.924	246.699
91	232.159	232.159	236.407	238.343	240.005	244.519	229.871	237.040	237.784	255.053	256.544	255.726	247.362	238.910	229.541	228.245	239.373	250.551	264.255	240.555	241.062	240.428
92	232.485	232.485	240.928	235.884	235.139	241.198	228.882	235.167	238.203	237.688	249.396	253.602	245.960	233.976	232.535	231.677	234.629	240.894	257.283	228.824	235.583	244.786
93	227.198	227.198	238.699	230.958	239.892	233.027	231.203	235.914	233.560	238.839	244.906	249.361	252.363	242.589	226.317	229.393	239.013	242.416	256.076	235.255	234.838	244.888
94	231.877	231.877	239.627	224.491	233.806	236.690	233.822	230.239	241.249	235.479	244.014	248.985	248.695	240.358	224.342	227.433	225.057	227.622	243.093	228.298	232.066	238.635
95	225.713	225.713	232.063	229.162	229.588	236.703	233.990	232.110	240.552	241.105	239.123	247.167	244.019	235.375	227.638	228.546	219.279	235.570	231.377	226.756	232.955	234.793
96	234.620	234.620	235.815	235.460	231.849	233.181	231.159	231.348	238.697	246.971	242.759	241.324	240.122	231.669	229.097	226.661	221.193	228.416	243.646	231.671	239.190	228.580
97	228.096	228.096	232.675	231.523	226.842	226.055	227.701	230.398	253.710	247.177	237.351	234.737	243.627	231.932	227.184	226.852	216.267	230.221	234.375	230.100	234.793	241.395
98	228.489	228.489	236.669	226.490	220.985	234.144	224.192	226.881	239.664	239.894	236.064	240.180	241.465	240.535	238.562	216.889	219.622	224.564	233.412	228.872	227.309	229.488
99	221.691	221.691	237.153	230.756	222.465	224.722	231.135	237.579	238.837	231.566	234.761	238.053	237.983	230.678	230.074	222.992	216.117	229.227	225.460	223.267	228.700	228.462
100	222.573	222.573	226.191	226.211	227.763	224.100	229.731	232.535	242.299	227.675	238.652	235.899	241.559	236.393	228.940	223.884	223.133	225.724	231.061	222.522	238.898	223.454
101	223.279	223.279	226.099	225.106	227.023	226.362	218.809	227.952	230.389	236.855	237.614	234.923	235.883	223.508	227.892	221.168	219.362	215.305	223.728	221.537	225.411	226.972
102	228.687	228.687	221.489	219.361	225.353	226.369	220.638	230.083	225.438	229.120	235.236	234.319	231.685	218.365	224.744	217.549	224.901	221.970	223.823	213.416	228.600	228.392
103	222.312	222.312	217.052	220.226	224.302	227.732	222.434	226.950	233.276	228.797	231.741	224.596	225.978	223.587	230.759	223.478	229.544	229.470	225.822	227.378	217.860	221.571
104	215.201	215.201	218.056	222.145	222.935	214.574	211.636	220.825	230.392	230.726	230.613	226.772	219.938	225.643	218.580	216.545	215.415	222.293	223.702	222.995	227.962	224.623
105	225.787	225.787	218.457	219.598	217.888	216.571	215.470	221.507	226.039	225.127	223.530	226.254	225.321	220.889	216.563	211.999	209.726	218.947	224.616	218.417	225.758	216.014
106	217.692	217.692	215.625	220.990	215.391	219.090	214.572	225.607	226.045	218.773	219.241	214.564	221.239	217.395	217.684	216.429	215.549	219.408	222.229	219.304	219.436	217.749
107	214.295	214.295	215.728	214.653	212.642	210.231	208.100	222.195	216.014	226.543	220.684	212.940	220.652	222.098	215.490	213.143	211.585	214.288	224.702	221.235	213.782	217.910
108	218.688	218.688	216.048	211.297	208.958	208.765	208.386	214.692	217.118	225.370	209.413	216.486	223.218	220.302	211.510	219.744	210.455	214.463	223.742	218.058	214.954	215.193
109	214.094	214.094	213.815	215.803	203.496	209.098	207.146	205.742	213.800	221.729	207.502	213.993	216.651	213.396	214.459	211.461	208.848	215.918	218.265	214.689	215.364	216.570
110	209.522	209.522	212.590	214.883	208.829	217.686	206.925	206.159	213.476	216.576	217.578	217.485	211.383	211.868	208.905	212.306	213.692	211.003	218.475	208.515	213.075	217.659
111	208.019	208.019	207.266	213.452	213.998	209.324	206.753	207.862	210.271	214.095	214.826	215.746	211.599	208.089	212.302	210.772	213.559	213.708	217.927	212.121	206.323	210.638
112	206.862	206.862	214.078	202.082	214.041	207.244	196.198	199.700	209.657	217.757	212.434	212.567	215.048	210.458	208.227	209.985	216.849	216.946	214.179	216.651	207.908	208.820
113	210.436	210.436	201.156	200.729	204.441	211.462	203.579	208.196	216.926	217.999	209.041	214.588	213.498	210.174	208.857	206.486	205.588	211.860	208.057	210.511	216.910	210.235
114	206.176	206.176	200.053	206.121	201.983	204.203	201.533	209.161	214.389	212.005	212.282	216.588	208.142	201.936	208.797	208.213	207.192	212.950	214.658	204.047	214.384	204.872
115	202.084	202.084	212.105	204.130	197.016	200.388	199.589	202.789	215.607	208.221	216.248	217.972	202.643	210.517	206.578	204.458	205.875	211.505	207.252	214.144	205.190	196.796
116	206.933	206.933	211.422	204.488	209.606	205.641	202.827	206.883	213.604	205.071	208.742	213.456	204.608	213.360	200.356	203.298	203.991	209.336	208.340	211.931	202.556	203.984
117	209.774	209.774	203.342	207.744	206.490	200.281	203.529	202.610	207.976	209.168	221.344	206.024	210.531	209.054	199.635	205.425	203.643	211.481	208.640	212.933	201.612	209.397
118	207.655	207.655	202.921	211.048	201.518	201.749	199.184	209.160	201.961	211.088	210.981	206.017	208.826	217.608	208.019	205.273	200.917	203.954	212.229	206.561	200.867	205.146
119	220.252	220.252	207.247	214.273	199.569	205.868	208.530	211.693	208.841	214.715	208.561	209.291	205.230	206.741	208.862	204.266	200.624	202.033	206.737	203.289	205.644	202.380
120	212.118	212.118	207.347	204.624	201.168	207.912	211.401	203.349	207.315	212.319	213.374	204.383	204.428	201.559	211.106	208.518	207.831	199.079	210.345	206.904	204.513	205.241
121	198.935	198.935	202.786	205.827	198.715	198.939	198.956	205.258	208.479	211.886	212.190	206.622	205.128	205.806	213.346	208.493	215.304	199.195	211.907	206.769	204.867	203.106
122	203.804	203.804	207.451	202.280	200.303	198.145	206.106	204.398	207.349	210.919	212.984	209.907	198.019	209.385	207.146	207.153	202.443	196.672	207.342	204.755	206.986	201.291
123	203.797	203.797	204.065	202.813	202.063	202.450	205.231	204.774	208.655	208.960	204.825	209.208	208.103	210.509	205.543	207.374	216.956	200.724	209.175	207.953	205.589	198.931
124	203.560	203.560	204.551	206.428	206.365	202.975	202.826	198.839	204.247	211.628	208.255	211.854	205.697	212.409	213.061	207.059	202.226	208.737	205.096	203.205	201.690	210.220
125	207.389	207.389	202.852	210.473	201.464	201.139	200.516	214.414	208.255	202.666	211.768	208.909	202.992	204.998	216.565	212.750	201.078	206.569	205.792	208.915	204.186	211.520
126	203.762	203.762	200.376	209.152	203.413	210.956	200.261	205.827	205.266	204.066	211.436	205.998	203.475	205.666	210.856	212.432	206.143	209.189	205.485	213.682	204.517	211.460
127	207.369	207.369	200.728	204.450	201.507	211.594	206.399	202.467	205.956	202.335	205.473	204.100	207.120	206.408	210.528	215.560	211.820	204.237	216.794	206.482	212.062	208.502
128	203.441	203.441	199.477	202.520	208.585	208.648	208.994	205.832	206.952	206.682	213.485	205.675	205.548	209.147	215.901	204.052	210.706	206.436	212.471	205.396	201.130	212.989
129	202.512	202.512	215.874	203.756	211.492	209.640	212.483	209.112	212.084	214.411	221.685	215.262	210.605	211.773	215.158	209.025	199.871	208.990	210.865	207.511	206.083	200.119
130	212.058	212.058	207.363	204.389	211.636	215.880	214.728	210.303	221.166	211.812	225.188	220.459	203.180	217.059	217.448	214.395	210.424	210.492	205.676	208.813	213.312	204.187
131	210.651	210.651	214.510	206.619	210.046	218.293	213.975	214.525	217.373	215.250	219.739	210.781	201.253	218.007	218.135	213.313	215.313	208.257	210.847	203.747	220.503	213.654
132	207.829	207.829	206.044	203.060	209.903	214.695	206.012	209.954	212.655	215.772	220.209	215.260	209.003	220.334	220.824	218.773	215.057	214.964	218.064	203.225	209.161	205.804
133	210.099	210.099	213.034	208.221	213.132	221.426	213.089	209.639	210.910	215.172	216.875	218.800	216.340	207.052	220.044	227.533	212.298	213.807	207.192	208.580	211.264	215.982
134	212.348	212.348	204.646	211.572	217.429	212.113	213.836	209.849	212.066	216.936	210.667	213.716	203.568	213.103	218.927	223.434	208.330	213.811	213.755	208.031	207.776	208.836
135	217.157	217.157	207.525	210.517	224.815	205.646	207.191	217.329	206.816	220.119	210.610	212.171	203.024	213.148	221.229	213.570	213.369	214.483	204.233	213.029	208.503	214.262
136	218.127	218.127	207.926	209.661	216.850	215.757	210.203	209.008	211.623	213.942	216.306	214.574	211.192	210.971	216.470	221.830	207.694	214.364	211.811	211.620	211.523	212.997
137	213.153	213.153	205.552	211.469	219.877	222.795	214.691	209.528	207.241	221.477	218.279	219.103	219.551	212.040	223.122	218.057	204.362	215.572	218.906	211.788	213.231	218.247
138	214.549	214.549	213.135	218.244	212.339	202.301	212.413	209.849	208.527	216.598	216.941	214.202	216.630	215.616	216.251	214.355	212.837	215.055	222.428	208.766	215.632	212.021
139	209.909	209.909	213.364	217.070	207.665	206.600	207.549	207.172	211.887	220.247	207.995	215.853	212.327	221.534	212.017	212.985	210.680	210.617	208.168	207.933	215.898	211.565
140	218.736	218.736	211.875	210.934	211.881	216.242	204.601	203.672	209.206	219.598	207.943	210.015	210.983	214.993	208.033	218.255	214.719	215.428	212.650	216.150	213.596	211.308
