 	Profile_Slice_1	Profile_Slice_2	Profile_Slice_3	Profile_Slice_4	Profile_Slice_5	Profile_Slice_6	Profile_Slice_7	Profile_Slice_8	Profile_Slice_9	Profile_Slice_10	Profile_Slice_11
1	455.220	455.220	474.226	468.684	475.752	482.128	489.600	485.195	475.159	505.813	503.216
2	450.305	450.305	467.551	469.919	493.305	479.423	493.905	483.890	479.765	504.743	499.748
3	454.554	454.554	474.535	466.562	496.397	486.656	495.422	484.488	474.732	489.302	499.544
4	469.450	469.450	469.039	464.706	482.604	480.654	491.965	486.410	468.857	492.262	498.689
5	461.542	461.542	475.927	470.322	480.739	485.936	490.598	485.802	478.315	496.680	495.010
6	475.259	475.259	467.737	486.079	486.683	504.914	492.687	487.144	480.837	500.755	496.531
7	457.045	457.045	470.213	484.473	481.916	495.530	487.178	489.184	485.250	499.102	500.925
8	463.855	463.855	476.080	474.295	483.029	486.540	487.515	483.208	490.809	504.939	495.491
9	466.216	466.216	472.901	456.221	485.161	485.169	482.134	492.430	483.725	514.441	502.429
10	458.024	458.024	464.116	467.957	470.088	470.343	495.682	484.176	488.180	500.628	502.282
11	478.628	478.628	468.852	475.873	483.017	481.820	493.415	479.836	488.518	513.964	500.375
12	477.347	477.347	466.762	465.176	484.554	499.761	494.929	476.557	490.781	504.739	494.860
13	472.191	472.191	474.639	477.934	496.182	474.708	493.053	479.389	496.889	507.735	503.464
14	472.288	472.288	464.679	462.328	488.316	471.894	492.917	488.309	496.874	510.595	507.235
15	474.496	474.496	472.615	465.990	490.434	475.677	487.118	493.684	501.603	496.685	507.699
16	482.788	482.788	482.281	483.902	491.022	483.833	492.704	492.426	489.703	496.802	503.281
17	476.457	476.457	477.974	482.376	486.525	486.850	489.443	496.527	477.487	502.997	505.840
18	475.257	475.257	476.275	477.524	487.924	489.993	490.394	491.894	484.872	512.241	496.122
19	476.061	476.061	474.682	474.413	482.449	484.711	486.274	490.590	484.963	496.726	510.393
20	474.840	474.840	484.966	474.043	490.649	487.569	486.885	496.086	499.792	493.361	515.129
21	462.365	462.365	484.780	467.432	488.444	485.898	490.344	483.089	489.133	514.117	498.250
22	467.331	467.331	475.608	484.037	491.309	491.367	481.430	487.128	490.433	511.997	509.227
23	455.142	455.142	478.766	479.292	489.100	484.837	488.184	487.832	493.091	490.937	505.374
24	451.125	451.125	478.353	480.721	495.499	486.536	493.639	494.558	495.381	506.605	501.097
25	469.505	469.505	476.280	470.053	502.968	471.552	498.748	488.341	500.312	509.701	502.448
26	460.378	460.378	473.858	471.131	494.060	479.816	498.329	479.474	498.004	508.360	503.355
27	462.550	462.550	480.204	464.128	489.591	491.051	491.276	490.374	491.893	508.702	511.901
28	467.075	467.075	483.893	486.096	481.452	495.656	496.295	499.397	486.908	497.983	513.838
29	473.064	473.064	482.340	475.182	491.344	491.909	486.887	493.687	488.103	496.377	512.073
30	461.233	461.233	480.377	470.563	491.846	490.093	489.627	489.408	481.514	504.708	510.511
31	473.058	473.058	471.467	475.708	479.542	488.948	500.016	506.375	491.006	505.927	505.808
32	466.752	466.752	470.058	480.372	477.272	489.094	500.147	492.959	498.592	508.204	508.500
33	464.526	464.526	480.212	483.020	487.957	480.111	484.867	481.127	482.921	501.445	517.787
34	463.642	463.642	482.154	475.305	499.289	488.470	494.168	501.193	490.458	502.152	502.774
35	471.984	471.984	481.429	469.671	492.649	487.370	484.930	503.081	481.460	514.870	510.190
36	473.884	473.884	486.553	475.571	499.348	498.558	489.699	497.831	483.755	506.353	497.884
37	471.318	471.318	484.789	487.009	501.887	497.469	496.816	486.743	483.259	501.805	497.464
38	470.340	470.340	475.063	473.206	494.370	490.006	494.396	497.366	495.751	494.843	512.854
39	473.837	473.837	480.222	480.066	488.515	485.778	501.018	491.562	492.958	508.024	507.112
40	463.826	463.826	484.560	482.671	486.535	481.755	499.921	491.521	481.547	515.531	506.755
41	468.988	468.988	482.081	485.209	491.058	490.855	497.537	496.940	491.810	510.367	513.185
42	473.280	473.280	475.932	473.644	494.539	490.141	499.340	494.650	493.293	509.946	507.412
43	461.939	461.939	468.821	479.840	501.220	483.999	497.096	502.643	494.567	510.737	506.276
44	468.378	468.378	479.800	484.785	495.473	487.911	494.691	498.413	492.190	501.931	511.742
45	466.502	466.502	482.551	478.426	494.271	493.233	492.654	488.706	509.630	509.224	514.458
46	468.065	468.065	484.657	468.897	481.300	498.677	489.599	497.699	501.807	513.621	509.011
47	470.282	470.282	467.241	464.212	489.409	502.054	505.319	496.623	489.531	503.931	507.430
48	477.419	477.419	474.890	471.402	492.418	497.189	493.503	497.706	497.857	509.685	501.270
49	473.491	473.491	467.189	473.793	487.553	498.918	496.950	497.060	502.551	509.599	511.910
50	480.125	480.125	469.550	477.835	493.582	494.459	501.552	491.084	495.156	506.234	522.451
51	464.169	464.169	475.923	489.001	483.316	496.095	502.104	499.492	494.887	506.605	508.948
52	470.173	470.173	470.025	485.508	491.623	498.279	489.883	490.587	492.252	509.828	519.644
53	476.756	476.756	470.511	478.178	507.390	498.584	488.981	493.303	497.120	501.902	511.250
54	481.425	481.425	483.300	481.254	494.912	488.796	488.638	495.821	489.658	520.446	510.229
55	467.598	467.598	483.982	483.982	491.754	504.375	499.815	492.145	488.361	532.211	515.206
56	461.039	461.039	478.592	489.182	493.310	502.851	492.636	498.832	495.477	511.081	502.820
57	473.611	473.611	476.547	477.589	499.413	496.624	501.586	500.477	492.352	504.971	513.340
58	466.982	466.982	477.855	467.766	509.967	499.732	493.172	495.243	494.044	517.191	519.741
59	477.572	477.572	476.768	473.051	494.646	488.159	503.073	501.183	504.030	513.078	514.409
60	484.559	484.559	479.870	474.795	500.762	490.397	503.012	494.899	507.281	517.357	509.892
61	482.792	482.792	484.395	483.467	490.399	498.878	493.342	506.240	512.294	512.059	523.689
62	471.026	471.026	477.391	489.109	495.467	494.352	491.299	506.298	507.645	503.871	513.653
63	469.817	469.817	479.934	477.291	493.048	496.193	501.008	502.688	497.864	510.634	513.562
64	474.484	474.484	490.216	484.315	493.115	496.792	497.600	496.917	499.484	524.031	519.865
65	473.838	473.838	481.983	485.707	496.832	502.371	492.860	487.704	498.122	519.013	518.177
66	481.517	481.517	474.999	489.179	499.458	504.669	488.236	500.099	493.556	516.701	515.462
67	482.199	482.199	488.686	483.301	494.934	499.183	501.493	496.926	498.137	518.029	517.456
68	486.281	486.281	488.055	475.323	494.694	502.789	504.258	497.085	500.607	511.918	508.738
69	486.347	486.347	495.238	494.401	500.471	518.540	497.971	508.785	491.205	515.427	508.078
70	476.864	476.864	494.918	480.624	492.269	510.863	504.527	501.229	491.785	518.733	511.216
71	476.540	476.540	486.450	487.062	507.332	511.975	497.534	496.601	494.470	515.072	521.495
72	478.477	478.477	492.307	503.093	491.167	504.863	502.853	501.309	499.690	509.825	517.567
73	473.930	473.930	490.536	499.625	483.226	492.547	501.779	495.153	498.611	506.674	517.532
74	471.154	471.154	481.273	485.144	498.958	503.592	495.713	491.542	483.422	516.557	510.735
75	479.914	479.914	483.342	484.034	494.985	497.054	481.868	494.352	500.712	523.621	526.826
76	474.794	474.794	499.340	484.721	500.381	506.865	499.182	503.439	506.893	512.404	524.548
77	474.987	474.987	486.048	483.145	501.314	496.112	502.125	521.403	508.257	526.473	530.229
78	472.637	472.637	493.409	488.308	504.445	488.975	506.981	490.069	495.123	519.676	517.073
79	476.226	476.226	490.420	490.991	505.439	500.125	522.849	505.373	489.011	534.443	505.872
80	476.042	476.042	492.601	484.736	495.941	503.788	516.680	503.966	488.238	522.884	523.838
81	486.159	486.159	484.939	486.513	507.939	497.247	498.404	511.456	484.434	530.667	532.088
82	471.833	471.833	488.748	492.219	500.676	504.074	518.522	513.633	492.414	512.177	523.913
83	473.477	473.477	485.455	483.355	489.182	496.507	508.941	496.954	494.284	529.814	522.421
84	476.126	476.126	491.693	487.131	504.169	502.817	503.972	513.116	488.794	526.869	515.977
85	483.478	483.478	488.100	499.469	507.801	502.402	504.426	510.443	497.612	525.032	521.171
86	486.871	486.871	493.053	487.963	505.473	515.796	502.655	510.311	512.769	531.198	523.269
87	481.202	481.202	498.328	490.478	506.991	506.005	504.410	504.224	503.629	519.747	523.257
88	490.762	490.762	487.492	497.736	512.591	495.241	504.826	506.973	491.765	518.081	526.311
89	484.175	484.175	495.624	499.436	504.323	512.572	514.112	507.606	506.212	527.312	525.269
90	485.103	485.103	508.220	495.482	503.924	506.349	506.254	509.620	500.286	521.434	526.475
91	484.774	484.774	490.229	497.364	506.752	503.942	497.114	498.976	493.734	513.808	520.082
92	488.743	488.743	493.578	492.389	509.593	513.544	513.773	504.857	507.017	521.290	526.174
93	476.581	476.581	489.940	496.273	513.692	508.351	517.868	508.399	500.716	524.496	522.962
94	487.514	487.514	499.508	494.632	504.982	497.216	512.042	518.684	494.261	524.948	511.881
95	483.214	483.214	498.902	501.127	518.259	506.590	517.760	504.008	501.609	527.241	519.365
96	489.335	489.335	494.107	495.008	513.619	514.830	513.572	520.130	501.297	524.873	515.531
97	487.830	487.830	491.852	498.716	508.406	510.837	520.693	511.301	497.034	520.591	516.558
98	498.291	498.291	489.655	494.781	505.646	508.506	510.790	509.663	499.765	530.561	517.623
99	484.808	484.808	502.778	498.409	521.645	513.201	511.705	511.200	496.566	529.027	536.417
100	477.643	477.643	496.993	491.016	516.906	508.672	510.765	512.219	512.969	512.069	539.362
101	488.178	488.178	502.866	487.388	515.314	505.749	508.065	510.946	508.141	518.858	531.496
102	477.895	477.895	506.534	485.957	509.324	514.530	519.108	515.425	504.584	527.326	523.183
103	482.663	482.663	485.919	500.301	504.601	514.919	516.630	506.109	510.408	516.439	535.939
104	499.862	499.862	490.120	501.925	513.972	516.496	512.561	507.309	511.381	528.527	536.988
105	497.182	497.182	500.218	485.921	519.350	514.853	511.881	506.554	509.461	527.571	534.700
106	501.880	501.880	484.192	493.333	523.593	506.590	518.023	513.378	521.000	530.078	537.326
107	489.735	489.735	495.834	493.537	523.424	514.684	529.216	523.111	506.691	525.862	536.153
108	497.015	497.015	497.144	498.633	508.159	508.088	522.538	524.519	507.467	534.676	525.315
109	502.373	502.373	496.897	501.399	515.144	511.706	504.866	518.797	511.700	525.208	534.042
110	481.506	481.506	488.884	498.651	509.899	521.549	508.978	513.931	511.847	528.086	536.497
111	492.579	492.579	504.162	507.721	517.555	513.994	516.501	518.676	507.394	517.689	532.065
112	496.856	496.856	498.527	510.951	515.246	505.889	511.577	508.763	513.561	540.260	543.730
113	503.650	503.650	494.690	505.379	526.324	516.792	517.018	522.071	507.751	530.202	539.353
114	508.444	508.444	510.921	505.813	526.965	525.313	525.079	523.120	520.978	531.909	533.812
115	505.286	505.286	503.082	514.435	521.953	515.882	514.175	521.698	510.917	533.755	528.551
116	505.090	505.090	492.163	504.824	521.056	509.763	519.573	520.468	509.308	527.260	543.665
117	502.654	502.654	501.477	505.969	517.476	512.892	529.378	514.213	506.935	541.447	542.190
118	498.216	498.216	510.003	500.107	511.062	523.335	517.903	520.508	516.503	528.763	531.434
119	501.757	501.757	500.379	505.508	521.417	528.786	517.491	528.775	520.953	539.011	522.217
120	494.638	494.638	495.914	505.827	522.830	532.952	523.777	519.788	513.365	537.493	540.576
121	494.336	494.336	484.437	500.897	524.030	507.043	517.988	519.261	521.708	534.224	536.845
122	497.112	497.112	502.904	497.849	539.243	523.623	523.289	519.142	518.072	525.768	531.447
123	501.141	501.141	500.799	503.589	524.642	521.088	527.584	524.171	518.314	541.587	533.453
124	507.521	507.521	513.922	507.569	518.809	517.482	532.155	529.067	509.589	531.941	532.148
125	502.394	502.394	508.107	509.939	535.462	525.274	523.003	523.576	519.166	529.566	529.822
126	505.189	505.189	520.008	520.135	529.869	527.002	538.441	521.918	515.676	523.118	527.592
127	499.274	499.274	517.587	513.221	527.651	529.004	528.443	529.541	507.155	539.198	538.615
128	507.193	507.193	512.112	522.138	524.593	531.514	532.630	533.513	524.975	533.808	547.607
129	507.485	507.485	509.053	514.758	521.630	523.117	530.172	534.147	522.096	536.061	552.834
130	499.597	499.597	508.927	507.929	537.297	517.510	526.477	531.296	519.384	543.368	538.285
131	505.666	505.666	509.268	515.238	542.300	521.788	522.237	532.396	534.878	543.186	535.563
132	508.548	508.548	505.959	515.864	531.182	530.079	523.298	532.531	528.823	548.068	550.560
133	499.553	499.553	507.341	521.418	540.563	535.895	520.473	519.365	521.499	547.797	559.734
134	519.694	519.694	513.918	515.541	544.113	537.078	526.118	527.757	511.084	549.976	554.090
135	506.737	506.737	528.773	513.450	535.224	544.794	522.631	529.688	521.504	535.093	547.182
136	518.866	518.866	516.932	524.723	539.787	536.945	520.158	537.762	530.421	545.312	545.697
137	514.929	514.929	514.354	521.973	538.656	528.875	535.128	542.039	525.613	541.560	545.022
138	509.719	509.719	521.962	517.049	530.854	533.864	533.721	539.870	523.132	552.145	543.688
139	513.390	513.390	515.162	517.742	529.262	524.067	545.548	533.741	520.237	547.826	552.845
140	507.025	507.025	519.672	512.168	546.201	531.386	540.173	538.177	532.909	545.235	553.410
141	509.282	509.282	520.890	512.761	543.093	536.368	543.441	551.889	537.788	537.479	558.610
142	509.004	509.004	520.988	525.862	548.838	527.847	545.480	529.870	533.571	543.154	553.691
143	511.058	511.058	534.097	515.082	543.897	531.488	534.475	535.354	527.732	541.017	557.167
144	526.861	526.861	524.195	538.214	527.708	549.052	526.740	535.649	522.403	550.198	563.639
145	521.347	521.347	514.295	533.363	530.627	549.429	532.113	536.735	523.963	535.766	558.405
146	523.302	523.302	527.071	531.225	537.177	533.015	532.736	538.816	527.284	557.463	554.618
147	520.175	520.175	516.680	520.747	545.584	540.347	526.729	549.663	531.181	545.935	546.117
148	528.644	528.644	521.647	530.382	542.615	547.189	541.834	542.588	533.035	549.987	536.282
149	525.192	525.192	529.098	536.876	535.219	532.303	538.965	540.589	534.758	552.287	557.231
150	524.218	524.218	531.286	536.441	531.771	543.033	541.537	548.007	536.214	542.060	566.845
151	524.850	524.850	525.397	537.172	544.498	544.546	534.813	550.384	528.124	542.118	561.100
152	525.232	525.232	530.674	528.121	547.034	543.839	551.181	550.475	527.569	546.927	552.093
153	525.636	525.636	534.142	528.812	545.337	545.693	555.166	548.289	532.579	551.478	542.453
154	520.767	520.767	536.336	534.058	551.806	555.976	546.666	544.245	531.675	556.326	559.709
155	537.431	537.431	546.608	535.823	558.729	553.967	548.874	548.330	537.489	563.254	567.928
156	533.905	533.905	545.604	537.151	558.142	544.116	552.382	545.238	542.305	559.148	549.370
157	527.380	527.380	539.425	535.826	553.268	551.746	546.041	557.365	554.186	554.829	559.352
158	533.623	533.623	541.354	538.679	552.520	553.925	550.793	551.167	548.818	564.514	571.270
159	533.998	533.998	552.395	531.093	558.518	555.757	563.836	542.576	550.370	559.955	561.313
160	525.589	525.589	560.971	535.897	566.712	553.680	547.178	558.579	550.102	558.408	574.143
161	538.044	538.044	537.005	544.992	551.250	553.463	566.435	551.677	547.614	570.760	571.994
162	546.056	546.056	547.090	531.497	550.619	553.141	543.307	557.536	546.643	580.375	575.287
163	538.140	538.140	543.433	541.886	560.245	561.968	552.791	573.002	550.520	577.857	565.897
164	542.585	542.585	544.021	547.891	559.459	556.950	560.499	560.082	553.143	581.778	551.544
165	549.560	549.560	550.160	543.443	552.369	561.603	562.005	566.306	561.530	579.859	556.779
166	549.454	549.454	543.905	552.606	560.546	557.900	555.058	560.901	549.955	571.754	566.263
167	546.203	546.203	549.545	552.198	562.677	547.748	557.682	554.545	551.964	569.893	582.944
168	544.155	544.155	557.860	572.325	562.891	569.676	562.929	571.704	554.185	588.018	580.187
169	538.996	538.996	565.179	567.059	570.183	577.077	579.450	570.374	560.481	576.448	584.212
170	542.154	542.154	559.283	559.924	570.380	560.087	564.641	559.642	554.399	577.222	589.561
171	553.154	553.154	574.207	559.533	575.080	573.160	571.286	573.170	557.433	577.000	589.475
172	559.458	559.458	563.562	547.515	584.999	566.791	566.917	574.763	568.981	577.675	580.909
173	558.067	558.067	565.981	570.833	581.531	596.711	575.073	576.393	568.630	593.300	590.000
174	563.376	563.376	567.457	566.049	577.394	579.683	579.313	577.863	555.777	583.101	582.265
175	562.503	562.503	573.220	580.519	578.662	588.561	584.686	581.304	565.866	582.409	585.702
176	566.862	566.862	572.629	586.925	577.776	589.718	579.422	577.206	576.037	587.442	589.876
177	565.815	565.815	573.132	568.522	573.010	588.268	579.018	582.283	564.329	596.167	604.040
178	576.835	576.835	575.647	578.417	581.901	591.426	591.548	582.524	564.640	591.559	595.509
179	572.332	572.332	577.565	576.375	583.764	591.338	589.529	582.003	579.849	585.026	600.314
180	575.519	575.519	582.379	576.684	592.081	594.500	594.583	588.055	566.228	594.370	601.263
181	574.425	574.425	576.824	588.204	584.446	592.776	593.651	589.904	578.402	593.374	605.633
182	584.377	584.377	585.818	589.034	596.139	597.270	600.163	591.967	581.944	605.138	608.292
183	583.810	583.810	603.584	590.628	595.146	597.224	604.251	598.145	582.041	611.497	610.232
184	581.176	581.176	592.807	584.842	600.890	599.993	606.036	588.165	587.020	621.073	610.006
185	593.831	593.831	585.618	591.872	600.194	601.378	622.391	593.674	597.147	623.380	619.409
186	590.688	590.688	589.603	601.055	596.426	614.813	608.867	601.574	584.535	617.813	598.338
187	599.212	599.212	600.293	597.676	602.595	602.398	627.149	608.570	592.250	600.792	614.155
188	597.965	597.965	602.492	593.927	599.830	594.850	630.574	622.563	593.604	607.099	613.139
189	590.227	590.227	595.190	601.394	604.623	610.336	619.990	609.476	604.511	621.805	631.039
190	588.304	588.304	597.990	603.441	636.928	600.882	629.041	608.167	599.900	630.521	620.820
191	602.061	602.061	603.304	612.329	622.139	606.049	634.514	612.110	609.780	629.643	621.060
192	607.815	607.815	615.361	619.828	631.102	612.684	615.499	616.567	606.246	638.642	637.784
193	619.087	619.087	607.559	624.597	620.161	630.142	607.704	613.905	604.928	641.913	643.376
194	610.823	610.823	615.005	618.850	621.972	638.413	623.009	631.104	608.020	630.782	647.444
195	619.882	619.882	636.506	615.970	625.100	626.156	627.803	625.324	598.242	630.581	659.284
196	633.159	633.159	641.204	623.425	643.074	653.164	625.464	648.022	605.438	646.582	643.425
197	622.818	622.818	639.915	626.599	653.299	641.981	631.602	645.438	623.097	647.680	653.790
198	628.039	628.039	634.183	640.380	641.468	633.654	638.384	634.640	614.016	644.126	656.833
199	632.684	632.684	652.613	629.211	648.959	627.570	643.392	649.466	621.601	637.684	662.643
200	623.650	623.650	625.208	641.406	648.988	648.911	663.946	648.197	619.606	661.876	668.355
201	641.025	641.025	629.895	649.712	665.042	656.092	664.943	648.269	628.080	661.242	675.043
202	644.733	644.733	646.978	636.112	660.532	664.498	666.758	667.964	627.435	661.489	674.696
203	668.316	668.316	652.534	662.612	676.576	676.726	665.638	674.111	636.162	674.649	677.118
204	652.793	652.793	660.668	660.885	669.326	658.911	664.560	681.651	634.716	671.660	669.685
205	660.786	660.786	674.830	666.708	674.311	674.302	692.564	676.387	626.766	674.686	667.950
206	661.710	661.710	674.857	669.360	678.327	690.916	696.685	693.767	652.554	677.380	679.384
207	674.667	674.667	671.334	674.276	694.350	689.855	694.668	696.230	656.155	696.395	685.136
208	682.660	682.660	680.013	677.335	693.350	700.329	683.283	712.351	649.734	714.902	694.983
209	700.755	700.755	677.668	678.128	684.043	703.008	704.224	703.356	670.764	715.041	699.009
210	702.598	702.598	696.946	694.553	705.790	691.815	710.852	716.547	671.050	722.872	707.053
211	686.211	686.211	703.591	699.436	705.193	708.679	714.576	716.794	669.215	735.068	714.354
212	692.229	692.229	697.082	719.316	711.830	716.734	723.353	730.760	674.547	723.100	724.353
213	710.286	710.286	704.074	707.284	726.317	728.043	721.895	733.461	681.790	735.714	737.801
214	722.931	722.931	711.502	708.031	723.619	728.758	729.323	741.743	690.534	733.639	741.044
215	733.842	733.842	733.147	717.848	718.257	730.404	736.789	746.045	681.679	737.700	726.568
216	732.864	732.864	731.737	714.862	725.048	726.397	755.206	754.113	689.302	757.821	747.535
217	739.414	739.414	732.336	712.808	726.535	732.634	752.905	755.806	714.232	754.931	751.280
218	759.625	759.625	734.993	725.019	743.063	742.259	744.575	761.133	717.347	774.651	754.508
219	746.438	746.438	750.765	732.221	748.725	739.623	745.901	757.064	712.610	769.654	758.192
220	746.349	746.349	743.745	740.922	742.208	751.665	746.272	759.512	730.071	783.532	760.403
221	748.860	748.860	752.210	746.834	755.575	777.081	749.682	762.406	738.129	790.828	778.216
222	781.407	781.407	747.898	732.278	765.490	759.401	748.328	766.380	731.001	777.020	784.156
223	781.092	781.092	774.672	757.253	758.910	763.780	775.183	772.990	740.325	789.576	798.191
224	806.391	806.391	792.773	759.897	768.680	782.884	788.356	768.720	742.777	790.411	805.265
225	823.300	823.300	785.205	766.410	779.997	792.202	802.737	784.451	765.890	801.421	789.617
226	843.961	843.961	802.745	784.111	813.475	800.502	792.652	791.107	789.511	802.100	797.406
227	880.510	880.510	806.414	813.188	823.041	830.749	813.185	810.896	774.532	810.702	803.810
228	891.174	891.174	825.563	836.762	832.785	849.489	826.211	827.564	780.285	829.493	802.870
229	937.100	937.100	872.467	881.247	869.116	876.553	847.035	843.323	796.666	838.295	807.048
230	948.028	948.028	918.088	916.924	899.465	900.361	872.006	854.120	803.095	838.366	823.450
231	940.913	940.913	932.227	946.457	937.267	923.490	897.369	894.088	834.058	865.221	846.266
232	936.621	936.621	953.229	987.996	941.254	917.759	888.514	901.117	833.889	863.032	845.568
233	915.525	915.525	969.095	967.212	960.937	921.684	893.539	920.684	856.180	890.925	869.306
234	893.508	893.508	955.353	936.385	942.378	914.639	877.744	911.156	887.151	910.411	904.007
235	896.687	896.687	926.811	933.600	937.735	928.182	863.864	916.139	908.587	928.300	917.047
236	861.431	861.431	921.499	900.711	931.656	906.051	855.498	890.854	912.410	952.580	934.810
237	850.373	850.373	913.020	893.353	935.906	898.319	862.619	875.582	906.771	936.917	926.448
238	849.957	849.957	909.479	893.413	915.823	892.484	864.296	867.024	912.570	937.592	928.627
239	870.955	870.955	919.456	880.650	924.830	908.360	866.183	874.207	913.422	898.663	917.211
240	869.894	869.894	926.866	868.615	925.166	894.391	869.464	874.604	892.469	881.770	910.637
241	886.486	886.486	924.282	868.176	947.916	886.180	884.808	863.537	890.333	873.291	894.681
242	882.388	882.388	925.838	881.757	944.349	887.534	879.220	868.534	865.837	882.005	884.256
243	878.891	878.891	948.097	882.302	928.494	908.939	885.656	874.337	877.631	882.981	885.841
244	883.278	883.278	921.036	886.072	951.870	904.669	878.988	881.887	866.498	898.650	888.780
245	873.585	873.585	912.785	891.851	943.915	888.051	868.219	862.926	864.777	892.247	874.209
246	870.367	870.367	907.198	876.182	941.814	862.866	872.813	865.939	856.140	862.250	892.105
247	856.205	856.205	892.580	881.745	936.732	845.560	872.288	853.149	853.900	858.167	866.947
248	840.663	840.663	884.736	880.416	907.859	835.102	852.315	848.518	849.211	861.334	866.996
249	849.125	849.125	876.751	860.498	918.394	847.388	836.254	857.621	833.923	855.264	862.003
250	816.681	816.681	856.934	874.580	903.971	835.511	831.086	850.704	834.584	855.531	859.059
251	800.912	800.912	855.606	874.761	894.186	844.553	836.810	833.658	830.932	853.476	870.609
252	797.600	797.600	883.649	865.125	868.857	826.542	822.863	838.593	827.088	871.182	867.070
253	815.121	815.121	862.683	887.535	855.920	830.411	811.614	836.074	818.004	869.010	869.886
254	813.766	813.766	859.961	879.436	866.481	821.873	801.311	821.101	811.381	865.343	853.980
255	794.123	794.123	855.908	870.448	845.348	799.944	797.620	812.771	796.991	852.696	849.063
256	794.238	794.238	862.450	841.919	837.069	811.552	809.000	826.439	806.346	840.635	837.159
257	779.571	779.571	838.325	856.245	818.080	817.250	817.440	815.013	804.648	837.235	833.904
258	786.305	786.305	854.581	838.322	820.291	813.826	811.827	822.144	798.453	830.756	838.776
259	762.185	762.185	833.280	843.994	818.236	800.871	816.768	816.817	783.056	804.317	827.456
260	771.301	771.301	824.850	825.840	814.990	804.448	820.376	814.653	782.064	827.461	824.122
261	763.691	763.691	816.159	831.602	801.437	817.032	816.399	817.356	782.741	814.700	821.762
262	774.602	774.602	812.275	806.821	809.630	812.287	799.463	816.292	786.385	821.930	811.593
263	762.013	762.013	815.244	782.080	810.227	801.113	804.432	797.383	787.387	811.560	829.325
264	763.241	763.241	789.395	781.896	799.301	795.432	787.296	788.214	764.298	810.343	815.190
265	763.594	763.594	795.815	780.933	796.055	802.302	789.674	773.777	768.372	809.613	801.080
266	757.831	757.831	783.322	786.545	792.227	804.074	786.714	793.386	774.172	812.038	797.330
267	754.038	754.038	783.480	781.340	782.396	798.850	792.385	810.108	784.821	803.414	798.088
268	756.258	756.258	776.325	783.577	791.405	795.542	808.474	812.046	771.365	803.109	796.625
269	750.050	750.050	781.616	797.963	797.282	801.563	819.822	793.244	783.822	818.892	805.188
270	751.234	751.234	775.122	774.794	796.001	797.704	809.692	790.707	777.825	791.674	795.291
271	753.532	753.532	763.152	760.053	799.822	803.041	813.162	807.185	760.843	811.225	806.017
272	766.142	766.142	773.557	778.785	792.941	804.411	812.356	801.479	779.462	811.923	820.198
273	770.165	770.165	782.581	785.542	797.036	786.898	792.459	792.995	782.578	820.392	823.284
274	761.362	761.362	787.891	774.054	792.699	804.893	805.520	786.663	797.427	802.882	824.223
275	760.446	760.446	783.753	783.143	802.110	802.397	815.052	805.617	791.950	819.608	827.163
276	767.319	767.319	783.610	770.110	814.626	818.249	800.056	793.929	777.541	818.212	833.283
277	755.696	755.696	774.965	779.335	797.289	815.033	800.381	799.690	780.291	815.146	822.557
278	760.995	760.995	775.472	782.235	798.334	801.127	809.826	800.018	770.793	808.228	814.880
279	768.857	768.857	767.612	786.608	795.868	811.869	816.919	790.126	776.802	816.757	815.808
280	769.995	769.995	771.715	786.562	797.202	798.598	810.848	786.459	798.858	815.464	822.605
281	767.728	767.728	764.479	773.443	803.933	809.762	802.867	778.676	790.274	801.109	811.458
282	771.969	771.969	789.555	757.645	803.365	799.417	802.623	802.282	774.062	798.130	818.163
283	785.969	785.969	782.475	773.486	801.757	810.152	811.928	800.742	772.527	805.609	831.052
284	765.953	765.953	775.509	777.402	786.744	793.416	787.583	791.909	775.415	819.808	840.276
285	773.875	773.875	779.870	778.152	786.873	795.629	800.128	789.290	784.924	823.989	831.936
286	769.813	769.813	777.115	773.460	792.254	798.465	802.573	803.414	787.278	832.900	832.226
287	768.827	768.827	783.634	776.043	793.088	810.234	804.880	811.147	778.812	836.852	841.348
288	760.318	760.318	772.330	771.335	806.462	831.718	809.723	794.151	785.601	819.199	847.998
289	765.444	765.444	781.697	783.355	804.941	817.636	808.599	801.700	788.768	824.240	832.193
290	767.959	767.959	774.399	766.468	789.907	802.892	802.261	797.466	804.527	826.941	856.126
291	774.541	774.541	779.108	774.732	798.179	796.419	814.331	814.539	801.995	838.561	843.724
292	767.959	767.959	794.953	775.722	796.362	815.914	823.261	806.837	785.949	819.561	834.041
293	766.022	766.022	782.089	772.115	802.439	806.019	811.437	813.332	801.282	825.269	831.097
294	777.900	777.900	795.314	778.245	805.331	814.699	820.997	801.683	792.136	828.699	840.931
295	779.102	779.102	781.009	779.998	799.480	816.362	821.664	805.357	812.642	828.070	844.014
296	811.421	811.421	799.761	807.946	813.021	823.440	828.420	830.770	803.956	842.177	836.361
297	816.078	816.078	805.404	812.898	827.763	830.076	827.193	828.522	800.318	836.349	835.797
298	824.847	824.847	810.513	807.966	835.561	830.768	839.893	833.903	802.143	839.258	846.865
299	810.546	810.546	818.204	813.087	828.027	830.943	825.406	831.907	805.969	847.765	846.555
300	811.293	811.293	819.734	824.749	829.595	853.055	812.243	829.527	824.847	840.651	841.066
301	827.881	827.881	821.618	815.439	827.471	851.618	845.860	855.058	828.188	842.189	846.426
302	830.873	830.873	827.931	836.329	839.259	844.147	849.689	846.668	837.826	859.731	843.739
303	837.079	837.079	847.730	823.772	838.166	850.592	859.580	844.768	835.102	863.814	852.611
304	846.476	846.476	871.524	838.833	864.704	839.348	847.945	866.811	817.151	867.086	847.998
305	842.168	842.168	858.971	841.773	863.594	853.848	868.482	865.844	847.349	880.265	854.212
306	853.204	853.204	856.352	849.819	871.210	865.725	893.719	874.466	851.108	884.147	885.484
307	861.226	861.226	853.049	853.592	875.634	881.739	894.245	879.614	857.957	892.527	888.949
308	878.108	878.108	866.147	868.085	896.572	892.252	898.909	901.739	858.379	887.978	892.601
309	891.811	891.811	881.089	867.153	902.950	893.142	918.634	896.688	860.600	893.486	895.494
310	888.169	888.169	884.587	875.920	898.860	907.303	913.598	903.901	881.938	917.269	898.942
311	903.605	903.605	898.784	887.434	909.131	918.794	923.520	917.997	886.019	902.395	907.284
312	910.649	910.649	893.330	906.329	907.852	933.006	920.966	925.560	876.649	920.764	907.367
313	922.004	922.004	919.006	926.568	912.072	946.480	921.742	942.184	884.691	901.164	909.344
314	934.726	934.726	936.407	916.645	928.291	954.623	939.770	944.042	919.564	912.881	931.255
