 	Profile_Slice_1	Profile_Slice_2	Profile_Slice_3	Profile_Slice_4	Profile_Slice_5	Profile_Slice_6	Profile_Slice_7	Profile_Slice_8	Profile_Slice_9	Profile_Slice_10	Profile_Slice_11	Profile_Slice_12	Profile_Slice_13	Profile_Slice_14
1	197.189	197.189	202.825	199.616	202.150	197.343	199.433	201.887	196.193	197.037	204.321	202.292	194.022	199.092
2	203.712	203.712	203.249	203.107	201.486	200.167	196.538	197.095	194.298	195.567	205.985	191.976	206.861	202.781
3	202.807	202.807	204.923	204.926	201.952	199.267	194.920	202.670	193.930	200.528	202.615	202.760	202.430	202.567
4	200.480	200.480	208.475	204.958	205.994	197.339	198.521	204.806	198.650	199.996	207.028	203.218	199.324	199.240
5	198.897	198.897	203.411	202.252	197.339	201.604	205.481	204.044	203.104	200.141	196.819	198.845	199.819	202.536
6	201.247	201.247	201.293	199.150	194.786	196.339	191.071	199.216	198.459	197.171	194.786	200.674	202.479	198.672
7	200.345	200.345	201.659	198.418	196.308	194.552	195.904	199.809	194.753	198.190	193.330	202.303	201.020	197.678
8	198.297	198.297	202.106	197.974	201.693	201.669	193.262	204.001	199.649	197.864	200.082	198.260	203.863	196.639
9	195.918	195.918	198.607	198.199	202.536	193.786	193.414	197.552	193.738	197.694	197.110	196.966	201.833	198.149
10	195.582	195.582	198.635	200.369	202.961	196.402	198.975	194.872	196.148	197.686	197.320	198.459	195.142	197.575
11	190.378	190.378	200.200	198.184	195.744	199.369	195.916	200.911	199.353	195.557	193.009	199.378	203.896	195.230
12	194.046	194.046	205.228	196.582	193.903	202.729	196.884	202.119	200.436	199.702	196.507	197.110	202.609	195.972
13	195.423	195.423	202.091	194.233	196.319	200.585	202.335	195.107	202.864	195.407	197.630	200.087	199.619	188.890
14	195.758	195.758	200.431	196.755	198.328	196.426	198.999	195.229	200.922	197.866	200.205	196.395	197.602	196.549
15	190.559	190.559	197.756	200.400	198.160	193.609	193.583	198.164	196.767	191.176	199.206	193.314	200.625	196.126
16	193.006	193.006	192.534	204.906	199.351	198.692	192.805	197.051	196.993	195.335	195.396	200.189	200.343	190.850
17	190.489	190.489	201.199	198.343	191.640	197.344	196.097	196.713	201.729	195.808	202.406	201.706	197.953	195.211
18	194.610	194.610	197.196	194.781	197.097	197.030	197.758	204.213	198.669	191.717	198.753	205.434	201.262	189.383
19	195.821	195.821	192.131	196.111	205.797	194.612	193.482	201.411	196.915	196.897	194.816	200.119	195.372	188.707
20	194.561	194.561	200.744	198.158	200.354	198.091	196.511	197.098	198.835	197.412	199.945	198.933	196.904	194.386
21	195.046	195.046	199.235	193.450	202.874	201.119	195.272	193.944	200.663	199.324	197.956	196.875	201.482	194.800
22	194.315	194.315	197.366	190.304	200.864	197.683	196.705	195.420	196.081	198.994	198.100	200.323	198.811	193.648
23	191.660	191.660	197.619	194.815	196.402	199.915	197.924	195.988	200.160	197.975	199.883	201.012	197.617	194.398
24	195.390	195.390	197.288	195.818	196.251	199.636	197.011	197.752	196.482	201.851	197.630	199.724	198.862	192.898
25	195.889	195.889	201.062	198.704	199.740	196.155	197.442	194.811	196.317	198.362	196.116	194.182	196.158	195.014
26	197.101	197.101	194.217	195.533	195.320	192.641	190.781	192.585	194.419	195.073	192.521	194.560	198.944	196.916
27	193.224	193.224	188.534	192.793	196.032	192.862	189.000	199.378	193.974	196.409	195.809	199.902	198.637	193.997
28	190.548	190.548	196.257	192.380	195.346	193.493	196.668	196.086	191.888	196.793	194.009	200.416	193.834	196.497
29	193.075	193.075	193.860	200.307	192.699	194.578	198.297	195.791	191.710	193.862	191.868	194.351	197.888	193.880
30	196.747	196.747	197.075	198.711	198.291	197.543	196.018	196.978	193.943	197.358	198.892	192.168	194.671	196.347
31	189.612	189.612	197.202	198.679	197.098	197.293	195.787	190.364	193.639	187.988	196.080	196.489	194.741	188.616
32	194.606	194.606	197.266	198.781	195.633	193.420	193.965	188.895	191.600	194.736	197.725	198.053	197.487	190.999
33	198.247	198.247	193.448	204.109	193.529	198.746	194.360	195.252	193.058	196.316	199.994	198.730	197.368	187.161
34	201.664	201.664	195.639	206.565	193.718	197.520	197.054	194.087	197.709	196.286	193.193	205.202	192.585	193.903
35	194.281	194.281	193.031	194.937	195.986	202.227	196.819	194.223	192.039	192.319	196.854	198.594	196.214	191.124
36	197.227	197.227	196.842	198.087	199.296	199.326	197.940	194.622	197.743	195.297	198.844	197.026	194.619	193.348
37	199.815	199.815	193.452	194.195	202.781	198.658	196.651	198.982	197.908	190.886	193.737	200.506	190.222	196.691
38	201.348	201.348	191.269	196.152	198.551	200.057	203.798	206.297	200.525	196.173	194.999	196.740	191.304	197.973
39	200.776	200.776	191.800	198.426	194.347	205.420	197.275	203.373	205.210	198.390	196.568	199.565	189.860	194.525
40	193.295	193.295	192.058	200.559	197.824	202.070	194.090	201.594	199.259	199.684	197.103	195.907	189.198	195.773
41	190.402	190.402	195.955	196.115	201.246	199.212	199.052	195.575	207.133	196.150	193.678	190.762	191.353	196.787
42	188.193	188.193	200.056	196.404	199.865	199.258	195.306	198.072	199.511	196.923	198.025	191.694	191.231	193.582
43	194.186	194.186	198.400	193.622	202.914	199.064	197.843	194.247	198.790	201.088	201.123	197.396	191.738	200.137
44	193.288	193.288	196.126	195.280	204.472	200.251	199.398	195.406	198.365	195.095	195.291	195.187	187.228	194.274
45	192.179	192.179	199.050	198.256	200.752	197.879	193.915	200.367	196.992	188.599	199.270	195.716	192.186	188.350
46	189.123	189.123	193.621	196.568	197.040	201.307	189.821	203.012	198.503	196.221	198.056	196.858	192.542	193.430
47	183.376	183.376	194.945	195.520	197.111	198.713	191.071	194.485	197.635	196.046	193.144	197.739	193.766	192.124
48	189.097	189.097	196.290	193.839	199.766	199.499	189.446	195.796	193.435	189.314	199.093	192.753	186.615	194.589
49	189.796	189.796	189.466	193.349	196.435	195.798	196.205	193.586	197.951	196.448	197.690	195.183	189.472	187.843
50	188.201	188.201	191.776	199.143	203.171	200.447	197.018	192.091	197.874	196.375	195.649	188.112	190.401	191.810
51	192.841	192.841	191.652	196.771	196.389	202.887	194.270	198.193	194.469	198.177	191.141	191.519	188.750	191.216
52	197.546	197.546	192.823	195.144	196.436	199.563	186.370	193.442	190.360	196.853	184.136	194.537	189.691	194.597
53	193.624	193.624	190.711	196.724	197.940	199.300	192.893	188.293	194.829	195.099	186.149	189.058	193.014	200.840
54	188.103	188.103	187.966	189.180	200.826	195.137	191.119	187.768	186.393	196.352	189.452	191.517	186.555	191.894
55	189.407	189.407	196.011	189.441	192.721	194.943	186.485	190.808	182.693	195.180	193.565	193.482	192.520	188.678
56	188.138	188.138	190.746	192.828	193.316	192.987	187.307	190.264	188.932	191.390	188.488	195.811	187.077	185.648
57	190.695	190.695	191.895	192.569	196.203	194.214	185.697	195.350	187.460	195.642	186.734	194.141	187.489	184.374
58	186.034	186.034	197.492	193.122	187.509	192.271	185.770	193.685	192.111	186.779	182.985	195.968	197.468	191.077
59	188.915	188.915	191.173	193.483	189.428	195.125	187.513	183.742	188.280	192.358	189.120	189.567	189.292	187.779
60	191.272	191.272	188.418	194.219	191.057	187.641	186.030	186.508	189.335	193.509	185.879	192.787	184.983	188.675
61	191.626	191.626	188.691	195.064	189.174	194.410	185.719	186.050	185.365	194.929	194.254	188.459	183.869	184.422
62	188.387	188.387	191.945	195.982	189.627	196.860	184.774	187.231	191.055	187.101	189.707	188.402	181.875	189.264
63	192.368	192.368	192.958	186.047	191.128	189.456	188.893	185.403	191.688	187.131	184.624	186.370	188.298	189.223
64	194.993	194.993	195.887	191.879	194.213	185.284	189.479	190.422	187.821	193.803	193.278	183.243	186.444	190.877
65	188.930	188.930	193.735	191.919	184.532	188.279	186.594	182.896	186.559	187.897	189.716	184.026	187.266	190.350
66	183.315	183.315	190.600	194.305	186.811	185.632	188.307	187.529	185.676	192.456	189.556	189.627	182.778	183.106
67	191.030	191.030	189.918	186.629	183.937	184.192	186.899	184.784	191.790	186.562	192.846	191.285	186.678	184.596
68	188.815	188.815	189.040	187.978	185.047	187.441	185.685	183.248	191.284	189.761	190.672	191.274	183.220	183.909
69	189.401	189.401	191.964	178.859	186.200	189.840	184.476	184.082	188.131	184.705	181.522	190.753	186.054	186.795
70	187.197	187.197	188.602	186.672	189.500	187.832	189.593	181.680	185.419	188.637	181.502	187.945	186.011	185.786
71	188.432	188.432	189.139	192.649	190.872	187.384	188.832	182.780	190.057	191.422	186.641	187.700	183.480	188.575
72	188.728	188.728	187.564	186.204	183.190	188.131	190.972	181.780	184.292	183.104	191.270	186.391	185.415	188.667
73	187.905	187.905	184.370	189.349	187.470	186.326	189.337	184.077	182.242	186.297	185.804	186.289	183.741	186.852
74	187.879	187.879	187.873	188.347	189.341	185.898	184.122	185.024	182.382	182.762	180.935	187.535	186.350	184.928
75	185.179	185.179	185.817	185.405	186.680	182.912	184.114	185.209	190.425	187.873	185.075	187.127	189.256	185.785
76	189.549	189.549	185.679	190.210	189.458	188.638	186.784	185.171	187.454	185.367	189.222	189.151	188.259	187.247
77	192.843	192.843	187.923	186.310	189.406	192.441	186.196	186.591	184.757	186.724	193.835	186.126	186.760	185.398
78	180.238	180.238	187.266	184.497	190.077	187.128	189.753	187.339	181.433	187.188	189.491	183.532	190.638	183.686
79	184.333	184.333	186.467	190.801	184.098	189.157	184.503	183.875	184.519	187.353	189.629	180.745	183.421	189.163
80	178.348	178.348	188.848	186.280	182.404	189.321	183.581	188.275	183.191	174.239	190.538	185.542	184.636	188.711
81	185.637	185.637	185.135	190.186	191.047	193.592	185.205	184.698	183.285	183.245	186.096	182.399	182.073	183.667
82	184.829	184.829	185.570	182.426	186.602	186.328	190.059	187.812	183.533	187.295	181.281	184.975	181.232	184.574
83	181.324	181.324	186.381	178.554	183.079	186.372	189.462	189.805	187.360	187.514	188.791	187.646	185.419	183.620
84	179.800	179.800	182.980	179.405	181.372	186.502	187.501	183.110	187.216	184.220	185.945	183.878	188.315	180.738
85	179.794	179.794	185.014	183.346	180.853	188.382	188.211	184.871	187.622	185.499	180.067	186.703	184.423	184.604
86	183.205	183.205	186.129	187.892	182.960	185.660	188.359	184.147	187.487	189.595	181.258	188.371	186.306	180.557
87	187.225	187.225	183.299	183.923	182.213	193.417	185.261	179.844	185.151	190.292	188.295	188.194	183.164	184.338
88	180.246	180.246	181.352	181.255	183.254	192.711	183.782	183.729	180.475	185.190	185.435	183.659	185.169	184.251
89	181.140	181.140	179.394	186.394	184.101	185.399	184.100	181.555	185.751	184.647	181.630	185.326	183.332	183.759
90	181.118	181.118	181.931	187.962	184.994	184.627	181.415	181.594	186.814	184.633	184.164	185.719	189.222	178.261
91	180.902	180.902	186.664	184.478	190.564	184.419	184.078	184.221	182.822	191.129	187.778	186.668	183.952	181.427
92	179.465	179.465	183.462	184.784	187.593	182.255	180.255	189.787	187.368	182.943	185.119	185.284	180.996	179.223
93	174.965	174.965	186.049	183.800	180.630	184.736	187.431	189.998	183.026	185.692	183.056	183.233	182.173	179.079
94	177.964	177.964	182.043	187.998	185.025	184.601	179.814	183.672	184.365	182.066	182.188	185.169	181.937	175.556
95	181.841	181.841	183.524	188.362	185.180	187.817	184.892	184.574	186.856	185.108	179.853	183.498	183.477	183.146
96	177.470	177.470	187.744	184.600	180.567	185.239	186.919	181.922	183.651	191.066	178.011	181.898	185.649	182.848
97	181.465	181.465	182.143	185.837	179.308	182.459	185.706	182.089	181.012	182.365	188.618	191.830	179.624	180.527
98	185.306	185.306	185.411	188.280	181.866	185.043	185.865	180.827	181.366	184.060	188.235	194.062	183.771	182.429
99	180.892	180.892	185.339	184.445	185.179	179.008	180.133	181.009	185.188	181.597	179.893	181.573	185.683	178.483
100	178.063	178.063	184.902	181.327	185.225	182.208	176.655	181.633	183.033	183.473	178.931	179.786	187.808	181.965
101	182.972	182.972	181.888	181.033	188.878	181.892	179.544	189.595	183.614	181.215	183.195	183.274	184.151	179.097
102	179.658	179.658	179.602	181.640	189.764	184.030	184.968	180.802	181.925	182.295	185.339	183.349	186.992	177.768
103	180.140	180.140	178.576	184.154	182.542	184.409	182.119	180.226	180.689	180.909	180.772	187.155	185.486	180.174
104	179.325	179.325	178.710	185.772	181.896	186.189	178.492	179.448	181.652	186.941	182.431	178.749	182.676	177.853
105	181.038	181.038	178.906	177.489	184.471	185.933	184.604	182.278	178.987	182.314	182.091	183.133	185.552	177.049
106	175.767	175.767	178.524	180.733	182.859	182.957	177.419	182.295	184.351	178.727	179.262	183.347	176.716	183.667
107	178.915	178.915	181.775	177.632	185.615	179.084	186.055	186.167	185.579	185.301	181.332	177.018	185.915	177.725
108	180.928	180.928	179.110	181.772	180.976	178.425	187.991	182.796	186.648	180.502	181.793	184.009	181.952	175.813
109	180.123	180.123	184.664	183.537	178.460	178.278	182.560	184.239	183.190	181.472	182.440	183.719	181.042	175.195
110	186.165	186.165	184.168	184.832	184.477	185.445	181.239	181.549	178.503	183.570	179.262	182.837	182.924	175.204
111	180.453	180.453	179.047	179.046	184.126	184.853	184.975	186.440	178.245	174.831	183.203	183.312	180.867	176.482
112	184.310	184.310	182.468	177.046	186.978	177.081	181.272	183.335	181.696	181.098	181.994	186.552	179.365	181.571
113	185.009	185.009	179.966	177.106	184.515	184.886	179.424	178.808	185.977	185.027	185.483	186.246	186.191	180.759
114	180.165	180.165	179.133	180.272	185.538	181.565	181.621	179.640	183.670	186.961	187.211	184.978	189.246	186.399
115	177.756	177.756	183.495	177.107	182.557	181.899	178.968	181.100	185.111	184.965	188.813	185.584	183.769	179.072
116	174.462	174.462	176.471	182.169	189.674	183.979	180.888	187.250	185.910	178.500	191.445	179.135	178.942	179.789
117	177.853	177.853	176.327	181.840	181.970	183.060	179.200	184.032	181.296	176.595	185.540	181.983	183.861	183.220
118	177.839	177.839	181.324	184.359	185.490	183.989	176.473	179.781	179.876	178.391	182.662	177.627	185.556	179.645
119	177.762	177.762	183.041	183.604	183.460	180.859	189.538	184.046	184.095	177.433	180.625	176.097	189.164	182.741
120	181.905	181.905	183.250	181.480	180.063	180.511	187.405	183.108	182.862	179.548	180.031	177.607	182.589	179.851
121	177.106	177.106	180.586	184.754	181.190	186.550	181.622	177.988	174.067	180.760	180.247	182.989	179.975	178.859
122	171.651	171.651	179.066	180.915	177.982	184.972	181.134	181.629	177.746	175.169	182.312	181.012	184.194	176.363
123	175.108	175.108	184.307	183.300	178.691	185.591	180.632	182.869	182.414	178.725	181.719	178.775	179.156	178.391
124	176.372	176.372	181.956	181.722	179.924	180.916	181.389	176.414	180.963	180.230	178.234	178.457	179.635	182.828
125	178.189	178.189	175.857	181.084	181.864	183.160	182.621	180.430	178.989	172.663	177.382	184.200	180.867	179.599
126	172.886	172.886	178.538	178.790	184.085	184.589	182.037	182.014	180.374	181.681	180.348	183.275	174.638	179.114
127	175.881	175.881	176.485	177.535	181.053	179.362	178.913	179.442	182.773	179.741	177.248	177.912	174.634	178.818
128	179.378	179.378	181.415	177.586	183.847	178.289	182.966	175.983	181.094	179.119	179.409	179.234	176.905	177.542
129	172.714	172.714	180.864	181.023	182.401	173.185	177.049	175.428	182.624	179.732	175.268	179.035	173.338	178.392
130	172.042	172.042	178.896	174.512	182.722	177.732	178.119	173.571	182.118	182.326	177.987	183.347	178.934	183.173
131	172.266	172.266	177.990	176.002	179.904	177.410	175.169	176.207	184.545	179.898	176.357	176.832	181.706	181.994
132	177.904	177.904	180.057	177.367	181.492	175.493	180.576	180.718	182.664	179.239	178.944	176.309	185.562	175.005
133	177.888	177.888	185.136	181.626	182.059	174.732	183.055	185.321	173.716	181.558	183.881	181.242	181.831	174.456
134	177.479	177.479	180.774	181.051	175.686	179.697	178.999	184.317	178.469	177.198	182.691	183.171	176.631	176.551
135	174.621	174.621	180.034	181.136	177.253	178.329	178.799	180.587	179.735	180.422	181.920	178.742	181.215	179.765
136	174.668	174.668	177.803	181.259	181.614	182.471	181.651	177.238	181.892	180.908	178.770	178.525	181.933	178.370
137	178.277	178.277	180.392	176.914	182.270	176.055	178.415	177.139	179.206	177.074	177.751	179.060	181.349	173.199
138	176.351	176.351	182.081	180.108	173.834	180.752	176.976	176.621	180.801	177.916	178.707	187.885	181.265	170.968
139	174.138	174.138	182.884	177.196	173.496	178.057	180.124	175.391	176.864	177.961	182.523	181.495	176.658	176.351
140	172.715	172.715	181.309	179.893	178.889	175.000	178.779	178.054	182.607	183.963	178.131	184.708	174.356	177.033
141	178.086	178.086	179.082	179.674	177.555	177.216	176.794	182.578	174.307	182.947	181.023	179.874	178.467	179.568
142	177.967	177.967	176.496	174.978	177.927	179.459	177.540	186.349	175.922	179.397	183.692	181.149	177.010	177.662
143	177.566	177.566	175.994	175.620	180.950	181.127	175.540	180.518	176.320	179.987	181.889	179.381	185.592	175.035
144	174.887	174.887	174.477	185.005	180.011	179.807	177.111	177.707	175.508	173.758	183.400	173.347	179.622	178.406
145	178.166	178.166	178.726	178.365	182.490	179.106	175.983	180.086	179.616	177.555	180.260	177.455	178.363	176.862
146	174.485	174.485	177.092	182.480	176.254	177.598	181.388	178.612	179.600	182.017	178.211	177.464	179.353	174.070
147	174.280	174.280	179.277	179.385	177.359	176.544	178.192	181.383	171.668	181.114	176.644	177.875	174.928	177.973
148	177.999	177.999	177.197	179.888	179.228	176.177	179.561	180.119	179.940	180.511	178.887	180.913	178.949	173.330
149	175.848	175.848	176.531	181.689	175.910	181.947	181.807	182.168	178.057	173.122	173.989	175.384	180.887	175.619
150	172.787	172.787	181.563	179.526	177.736	180.332	180.491	181.365	180.895	176.825	181.472	180.825	181.229	177.024
151	173.575	173.575	178.462	182.141	182.561	174.414	177.092	177.978	173.644	175.135	176.363	181.858	177.445	175.994
152	174.140	174.140	176.254	180.977	180.159	177.991	178.573	181.830	181.781	181.574	181.572	181.918	175.239	174.909
153	176.569	176.569	173.194	179.215	183.629	176.367	177.081	175.976	178.157	180.679	177.400	181.731	176.491	175.685
154	175.598	175.598	178.381	181.017	177.249	178.585	177.462	179.087	177.835	176.830	177.603	178.537	180.943	174.956
155	171.355	171.355	175.131	175.633	175.149	180.142	180.393	178.075	177.494	185.535	178.609	171.192	177.651	174.140
156	176.214	176.214	177.142	182.062	176.248	179.382	173.873	181.455	178.071	179.884	180.567	173.967	179.472	175.398
157	177.378	177.378	183.822	178.420	177.080	177.897	177.061	185.087	180.626	177.007	177.253	180.259	178.435	170.820
158	170.091	170.091	178.555	178.329	177.418	175.856	174.714	185.765	178.288	176.930	179.498	182.704	181.462	174.464
159	173.566	173.566	183.289	178.678	178.505	179.697	172.823	184.312	180.474	174.107	183.913	175.407	179.297	175.402
160	172.910	172.910	176.915	180.251	179.863	179.120	179.019	178.908	183.475	180.813	176.496	175.432	179.490	177.329
161	177.216	177.216	179.123	177.422	179.805	173.427	180.506	178.968	180.448	178.134	177.986	177.322	178.396	177.883
162	172.625	172.625	175.514	181.523	177.803	176.605	180.658	178.894	178.555	182.757	173.936	174.557	177.515	176.570
163	172.226	172.226	178.632	179.390	174.300	174.796	174.062	177.937	179.519	180.139	174.864	179.148	174.090	174.000
164	171.112	171.112	181.682	182.611	176.956	177.788	176.530	174.341	178.168	175.123	173.180	179.739	173.955	172.458
165	175.406	175.406	178.194	176.454	175.031	175.175	176.467	178.234	178.084	174.506	177.122	175.998	171.561	177.991
166	178.444	178.444	180.702	170.383	176.787	174.623	175.838	178.465	179.370	172.567	177.552	174.428	173.347	175.100
167	173.538	173.538	177.018	175.568	175.593	178.385	175.681	174.380	182.304	176.389	175.698	177.485	174.947	176.054
168	173.355	173.355	178.388	176.904	174.588	178.368	180.258	177.588	176.537	175.583	172.185	178.020	176.813	173.919
169	173.737	173.737	179.302	175.816	174.866	176.739	176.906	179.643	181.788	182.583	173.270	176.562	173.292	171.252
170	174.430	174.430	176.623	179.285	175.045	174.372	175.328	179.459	177.583	176.948	175.610	175.516	173.310	175.385
171	174.240	174.240	178.017	170.779	173.942	172.520	174.360	179.088	177.150	178.045	181.768	181.663	176.368	173.119
172	170.748	170.748	174.991	179.641	182.860	174.894	177.205	182.395	180.591	176.737	177.057	180.009	176.755	178.522
173	170.685	170.685	178.012	179.134	177.526	176.882	176.801	174.760	177.846	174.115	174.200	176.200	174.749	174.533
174	171.893	171.893	177.235	173.726	180.314	176.151	175.395	182.102	179.309	175.920	175.020	182.869	172.834	171.660
175	175.011	175.011	178.608	176.587	173.909	175.241	180.028	177.179	173.595	178.924	176.992	180.440	178.306	174.239
176	173.574	173.574	179.972	175.809	176.048	177.350	177.470	173.585	168.773	180.282	181.876	179.387	179.045	171.121
177	174.279	174.279	174.125	176.307	176.412	182.723	176.917	176.674	173.577	179.318	177.887	177.844	183.281	173.816
178	171.143	171.143	176.839	179.085	174.726	181.582	176.173	173.616	174.089	176.072	178.586	173.772	178.837	173.631
179	170.950	170.950	180.440	177.488	179.830	175.830	172.061	175.970	178.730	175.679	176.365	181.308	177.397	176.030
180	176.834	176.834	173.246	178.014	179.803	175.880	170.449	176.708	171.452	178.905	177.926	177.320	173.729	174.122
181	170.325	170.325	171.040	175.811	182.047	174.382	172.219	176.068	176.738	177.144	174.526	175.165	176.286	170.870
182	172.931	172.931	174.930	182.140	180.317	176.913	173.781	175.102	177.424	178.274	174.762	172.056	179.805	171.853
183	170.485	170.485	175.599	177.991	175.816	175.105	178.183	182.453	174.609	173.973	178.279	174.984	179.111	174.199
184	169.930	169.930	179.570	177.388	180.237	182.516	172.882	179.332	173.259	174.284	177.248	180.024	170.160	175.425
185	177.968	177.968	170.984	174.491	173.715	176.772	172.308	175.174	173.015	177.836	176.376	178.983	175.850	172.878
186	180.033	180.033	173.141	173.264	169.451	170.565	173.944	169.908	170.028	174.600	177.032	174.508	173.341	172.045
187	174.703	174.703	173.867	172.193	172.030	175.666	175.973	173.757	174.757	173.053	176.742	181.128	172.706	169.542
188	172.284	172.284	179.795	174.463	175.718	176.080	174.601	177.129	169.556	174.486	173.585	179.372	173.686	172.231
189	173.675	173.675	184.005	171.599	176.624	172.652	173.188	176.713	175.730	175.695	175.074	180.632	175.435	174.234
190	174.257	174.257	175.560	176.290	176.397	173.855	182.893	176.677	175.936	173.407	173.532	178.085	175.590	176.794
191	170.798	170.798	174.430	177.092	175.489	175.438	185.168	181.016	175.249	177.837	179.119	175.827	176.437	173.099
192	175.730	175.730	174.199	178.098	176.960	179.667	182.094	175.694	178.358	175.828	177.994	180.259	178.241	173.538
193	173.353	173.353	177.219	181.683	180.726	177.756	170.531	183.316	172.121	174.934	181.707	176.075	180.927	175.184
194	171.029	171.029	172.127	176.381	177.572	175.949	173.799	178.527	175.639	171.742	174.548	179.724	176.302	171.758
195	167.797	167.797	174.245	176.428	174.585	177.473	173.192	175.772	178.223	176.503	181.156	175.198	179.551	170.367
196	171.020	171.020	185.477	180.247	175.924	178.519	172.257	175.476	177.812	175.380	175.137	177.168	174.883	172.703
197	170.872	170.872	179.750	172.202	172.536	176.459	173.402	177.061	174.667	176.615	178.135	177.970	176.525	169.161
198	175.400	175.400	178.717	176.411	181.102	171.880	172.482	175.372	175.320	175.484	177.156	180.193	170.706	172.749
199	174.416	174.416	176.263	174.401	178.368	172.730	174.084	174.230	177.590	177.662	176.251	177.274	173.383	175.210
200	171.288	171.288	175.906	175.806	178.083	178.377	178.400	175.432	174.901	172.409	174.456	172.099	176.607	178.015
201	173.598	173.598	173.194	176.747	179.064	176.968	175.505	177.499	173.106	177.429	175.977	177.914	175.910	172.498
202	176.725	176.725	174.026	178.379	174.872	178.354	174.154	169.750	175.732	173.831	174.344	179.286	172.884	172.794
203	170.034	170.034	174.818	173.269	180.728	173.214	172.724	170.930	180.436	175.723	174.751	174.339	173.211	171.498
204	174.629	174.629	173.146	177.649	176.133	174.385	176.671	174.626	175.792	174.210	175.948	184.331	173.762	174.005
205	169.138	169.138	171.015	173.491	176.616	174.215	173.193	175.692	177.670	177.365	177.436	176.587	178.236	175.511
206	171.404	171.404	176.034	173.555	177.458	175.318	173.908	179.863	172.939	181.318	178.754	176.194	172.243	174.071
207	170.157	170.157	174.933	170.722	173.599	178.008	178.125	179.976	177.836	175.522	173.451	177.454	175.301	170.610
208	165.199	165.199	174.968	171.746	177.537	173.918	170.364	177.198	172.701	175.621	175.031	178.391	175.063	173.063
209	168.558	168.558	174.799	174.198	173.043	178.470	168.955	172.938	176.926	179.164	179.223	175.726	181.523	166.571
210	173.645	173.645	177.512	175.896	173.502	176.250	173.700	177.473	179.751	179.088	173.072	177.635	177.671	169.779
211	172.559	172.559	182.569	173.879	176.922	169.557	176.501	178.494	172.100	176.997	181.114	175.574	175.340	172.190
212	174.744	174.744	179.724	172.802	174.885	170.465	179.676	175.489	176.403	174.368	180.803	172.764	171.544	175.056
213	172.362	172.362	174.186	176.188	174.148	167.731	177.532	181.716	174.488	173.710	176.086	177.395	174.795	175.226
214	170.055	170.055	170.706	171.182	174.720	175.351	176.946	178.242	175.523	172.667	174.255	171.695	171.546	172.992
215	174.784	174.784	172.109	174.978	175.031	176.717	174.634	174.336	177.738	178.935	176.960	172.828	179.029	171.711
216	169.495	169.495	176.590	175.642	176.917	173.546	176.475	170.374	175.539	174.900	180.002	179.494	176.671	170.889
217	171.526	171.526	177.447	174.478	180.409	179.439	173.651	174.322	171.270	176.353	178.179	182.513	178.333	173.551
218	173.553	173.553	174.514	173.046	171.378	178.919	173.355	176.276	173.320	172.217	179.114	176.477	171.770	174.419
219	177.696	177.696	173.421	174.066	173.603	172.907	177.392	177.571	175.441	179.307	174.490	175.398	172.271	176.812
220	172.389	172.389	169.377	169.943	176.190	169.878	169.468	172.098	176.926	170.562	175.284	170.455	171.319	176.736
221	170.783	170.783	170.420	177.000	180.262	175.434	169.223	174.198	176.819	177.696	174.356	176.605	173.776	171.632
222	174.108	174.108	172.979	175.100	174.107	178.044	172.241	178.805	177.184	175.612	175.435	174.946	174.928	172.332
223	174.224	174.224	172.269	169.011	174.722	175.762	174.437	178.251	178.145	172.426	174.960	180.193	174.666	174.867
224	177.092	177.092	169.843	171.628	181.143	176.047	172.736	177.206	172.875	174.589	177.131	178.371	177.118	173.683
225	171.020	171.020	175.301	178.331	173.532	173.981	171.388	173.942	177.434	172.424	178.482	178.700	175.810	176.123
226	171.385	171.385	178.026	178.036	179.516	171.684	178.061	173.573	178.522	173.123	176.162	175.587	176.650	173.986
227	170.111	170.111	175.705	174.632	176.359	171.889	180.374	176.375	174.993	176.107	175.759	177.955	179.208	172.981
228	174.243	174.243	172.690	173.473	173.673	170.573	173.758	176.984	177.408	176.178	179.997	178.741	170.249	173.039
229	173.287	173.287	176.810	172.293	175.157	177.939	174.294	175.242	174.350	178.066	178.138	180.981	172.908	173.748
230	173.347	173.347	177.565	170.480	175.286	177.118	173.853	174.623	176.444	178.992	177.058	179.950	179.357	178.055
231	165.689	165.689	168.182	174.586	173.783	174.814	173.156	178.587	176.111	174.612	175.469	171.124	168.002	175.736
232	173.054	173.054	170.033	175.822	170.554	177.040	177.190	180.991	177.508	176.033	177.542	173.714	170.940	175.253
233	172.396	172.396	172.706	177.538	174.379	174.505	173.723	173.748	174.953	172.629	178.438	174.487	174.670	172.040
234	169.986	169.986	171.208	178.437	172.015	176.214	176.300	170.200	178.869	170.984	168.815	173.043	169.812	177.427
235	166.949	166.949	175.008	180.862	176.756	172.998	172.803	169.851	178.848	171.376	172.489	175.533	171.053	171.201
236	172.338	172.338	173.970	175.964	173.101	176.650	169.291	171.489	176.259	173.492	171.378	174.460	173.187	172.465
237	168.983	168.983	175.176	174.244	165.530	167.085	168.456	174.249	170.940	172.926	168.075	175.902	174.413	169.672
238	170.000	170.000	179.658	171.803	174.168	168.408	175.299	173.603	171.504	175.018	174.617	171.829	176.604	167.784
239	167.486	167.486	177.320	170.430	176.461	172.748	180.317	168.950	172.477	170.805	177.006	174.649	173.371	169.994
240	168.925	168.925	173.534	172.942	172.675	174.254	169.273	174.587	173.348	174.438	175.474	179.227	175.550	172.582
241	173.329	173.329	176.320	176.478	176.649	168.921	173.775	176.851	173.168	171.755	174.992	176.101	177.260	174.594
242	173.665	173.665	175.272	174.758	174.542	172.651	173.730	175.158	178.334	175.109	169.446	171.076	178.103	174.720
243	169.973	169.973	177.835	171.032	175.770	183.351	173.698	176.475	174.880	175.034	170.036	175.880	174.748	169.823
244	167.848	167.848	172.522	168.627	169.080	175.287	176.850	173.249	174.867	174.530	170.638	176.395	175.044	172.165
245	172.404	172.404	171.963	170.992	169.892	177.690	175.582	172.237	174.739	170.257	174.449	175.057	176.987	173.160
246	171.428	171.428	175.902	167.498	174.384	177.927	171.593	175.589	178.054	169.885	175.688	175.189	176.830	174.894
247	173.855	173.855	176.780	171.410	172.639	174.693	173.492	175.014	173.732	173.241	176.364	175.164	176.248	170.810
248	175.701	175.701	178.989	173.659	172.334	174.307	173.130	168.949	180.694	174.901	171.735	173.902	175.313	168.546
249	170.003	170.003	174.544	171.186	173.986	173.419	175.592	166.274	173.782	171.490	176.279	173.499	178.325	174.130
250	165.451	165.451	174.776	178.868	171.647	177.060	174.780	173.011	173.220	172.638	175.330	176.891	176.150	173.995
251	169.309	169.309	176.274	168.525	177.331	177.198	169.319	174.911	173.610	175.187	171.182	172.846	176.685	173.501
252	170.801	170.801	172.435	167.120	174.778	178.517	174.831	174.043	174.173	174.410	173.028	172.737	172.050	174.489
253	165.845	165.845	173.775	174.826	176.831	173.248	174.420	172.708	176.183	172.575	174.237	174.895	169.765	174.004
254	172.995	172.995	176.452	179.816	174.394	172.624	173.339	168.237	173.547	174.555	177.580	172.059	177.278	175.973
255	173.622	173.622	174.238	171.269	179.147	178.258	177.646	176.977	173.376	173.241	175.138	175.804	175.282	174.395
256	173.360	173.360	175.194	175.868	176.776	174.047	175.596	173.693	174.446	176.583	172.397	176.534	173.313	168.373
257	169.153	169.153	178.742	180.041	174.095	171.984	176.625	174.360	172.985	174.812	176.715	175.865	177.857	169.892
258	171.932	171.932	176.781	172.509	178.324	178.596	176.888	177.029	170.117	178.460	175.775	176.060	182.566	175.785
259	175.850	175.850	175.718	169.967	175.722	176.743	174.607	177.448	168.359	174.880	174.652	177.953	181.920	175.043
260	176.764	176.764	174.350	173.407	173.849	176.155	175.126	175.516	174.239	174.689	169.306	179.633	176.148	175.329
261	171.010	171.010	173.669	176.612	174.832	171.403	171.091	177.104	173.368	173.769	176.287	176.379	175.108	175.633
262	167.205	167.205	175.874	173.525	177.802	177.219	173.636	172.134	175.686	176.355	172.408	174.917	171.432	170.770
263	169.720	169.720	171.577	173.461	175.778	174.519	172.158	176.382	178.962	177.852	175.389	172.747	174.291	174.020
264	172.146	172.146	173.644	175.614	172.068	172.580	178.020	180.326	180.931	172.246	176.911	171.766	175.291	171.102
265	169.991	169.991	171.545	170.548	172.357	174.700	172.344	176.654	172.081	166.968	174.681	173.916	173.241	171.906
266	167.777	167.777	165.124	169.530	175.168	172.309	168.691	172.253	172.108	173.967	178.741	179.500	169.682	172.223
267	174.067	174.067	168.814	171.566	170.529	178.244	176.141	173.021	169.213	174.807	180.614	178.047	171.291	170.943
268	173.884	173.884	175.175	172.242	172.883	172.647	176.326	177.712	175.113	178.432	176.731	175.034	178.854	170.581
269	171.888	171.888	169.683	174.425	172.745	170.789	179.179	172.914	169.035	177.170	170.005	175.411	174.835	170.892
270	168.425	168.425	174.402	173.933	169.687	173.088	175.008	175.817	177.193	174.167	171.642	175.791	175.640	171.973
271	170.033	170.033	171.853	174.115	177.907	174.465	172.523	173.277	177.430	178.912	174.292	174.175	171.185	170.464
272	169.918	169.918	177.305	172.364	176.411	171.007	174.955	171.817	176.970	179.047	175.605	178.577	173.213	172.027
