 	Profile_Slice_1	Profile_Slice_2	Profile_Slice_3	Profile_Slice_4	Profile_Slice_5	Profile_Slice_6	Profile_Slice_7	Profile_Slice_8	Profile_Slice_9	Profile_Slice_10
1	1295.990	1243.371	1306.304	1276.812	1313.516	1354.000	1306.527	1303.638	1279.519	1301.658
2	1285.320	1234.605	1294.227	1261.915	1331.483	1333.595	1304.981	1313.750	1302.156	1308.494
3	1314.617	1244.750	1313.124	1276.093	1328.062	1327.000	1283.610	1333.069	1317.426	1300.027
4	1301.659	1230.844	1296.407	1300.805	1323.277	1323.168	1307.373	1334.490	1319.274	1315.870
5	1297.631	1229.902	1315.841	1295.433	1315.088	1334.865	1289.436	1320.872	1295.836	1292.995
6	1313.526	1233.586	1322.988	1289.362	1315.720	1347.900	1298.455	1324.231	1299.414	1290.892
7	1295.655	1244.718	1304.866	1308.299	1336.306	1317.202	1302.936	1331.484	1295.760	1303.768
8	1304.234	1253.634	1323.708	1266.870	1318.201	1324.547	1296.507	1315.130	1295.555	1302.999
9	1305.091	1249.882	1320.844	1264.653	1325.205	1350.599	1307.542	1317.409	1311.477	1310.938
10	1300.377	1244.883	1310.546	1270.594	1311.855	1336.513	1311.920	1333.166	1303.841	1323.693
11	1295.230	1252.972	1310.054	1283.745	1318.223	1323.169	1312.672	1331.539	1312.509	1315.203
12	1311.075	1280.971	1311.550	1281.889	1311.149	1326.916	1332.300	1347.679	1331.315	1308.690
13	1317.446	1257.204	1313.475	1301.244	1332.749	1352.297	1319.385	1333.432	1333.135	1339.541
14	1324.804	1262.072	1310.847	1283.505	1329.024	1367.153	1336.896	1325.464	1288.678	1322.165
15	1325.712	1258.271	1333.122	1302.440	1335.699	1362.677	1312.134	1339.514	1294.796	1302.914
16	1321.425	1265.047	1331.762	1299.900	1377.137	1345.366	1344.731	1355.428	1315.978	1312.843
17	1321.664	1258.483	1317.072	1309.378	1345.289	1354.800	1340.704	1350.072	1315.974	1314.273
18	1320.921	1264.018	1306.188	1308.228	1338.522	1347.593	1326.542	1366.313	1315.749	1323.627
19	1324.362	1246.971	1312.594	1298.266	1335.101	1349.821	1334.806	1334.043	1295.374	1332.833
20	1332.285	1283.544	1325.586	1293.747	1348.798	1346.389	1341.187	1362.110	1318.131	1328.315
21	1332.149	1272.690	1333.818	1309.455	1351.690	1361.123	1325.221	1349.830	1326.881	1335.328
22	1332.464	1287.691	1332.920	1313.676	1370.048	1373.390	1339.360	1358.186	1320.142	1324.881
23	1344.624	1285.450	1356.044	1314.737	1357.321	1377.827	1364.206	1362.498	1331.159	1304.200
24	1352.994	1293.573	1339.284	1332.714	1373.922	1356.407	1344.747	1365.941	1343.574	1326.750
25	1356.917	1298.261	1330.035	1313.350	1375.484	1341.957	1319.688	1354.901	1345.382	1347.042
26	1338.486	1297.067	1350.956	1305.194	1390.948	1377.472	1349.592	1396.463	1353.987	1338.841
27	1350.815	1312.325	1367.224	1302.362	1376.916	1398.827	1362.423	1397.228	1338.080	1336.479
28	1356.740	1284.590	1363.827	1321.848	1351.153	1377.750	1375.348	1380.117	1356.945	1344.182
29	1370.575	1295.612	1372.923	1313.260	1365.609	1376.569	1355.782	1374.636	1358.704	1362.455
30	1373.155	1308.927	1363.254	1315.409	1382.217	1412.319	1363.011	1379.034	1363.721	1377.195
31	1355.826	1325.033	1359.576	1327.041	1396.332	1382.677	1375.114	1397.996	1368.465	1375.174
32	1348.294	1326.707	1371.917	1330.838	1360.140	1377.495	1372.158	1383.682	1383.970	1368.682
33	1366.963	1309.167	1375.787	1339.549	1374.999	1383.633	1362.194	1374.290	1361.847	1382.170
34	1381.302	1328.068	1366.272	1354.658	1391.993	1395.751	1349.487	1391.220	1373.428	1372.941
35	1354.094	1325.051	1381.847	1333.088	1389.836	1401.934	1359.948	1378.584	1383.355	1346.108
36	1362.004	1313.774	1384.156	1348.565	1421.654	1416.867	1351.885	1403.023	1374.306	1386.263
37	1370.464	1307.427	1387.611	1343.970	1414.491	1421.650	1386.057	1422.269	1369.388	1401.181
38	1385.590	1327.461	1389.284	1352.736	1409.446	1398.755	1395.792	1402.864	1383.882	1390.967
39	1386.807	1343.397	1389.430	1347.167	1408.871	1409.822	1392.061	1409.473	1383.301	1390.099
40	1382.944	1337.984	1394.381	1374.112	1405.764	1410.179	1403.473	1420.317	1392.542	1394.913
41	1391.907	1338.175	1399.159	1366.778	1399.787	1422.447	1395.862	1426.996	1400.809	1419.145
42	1382.490	1349.901	1405.218	1366.948	1421.037	1427.733	1406.839	1417.722	1417.280	1390.340
43	1385.515	1375.438	1408.229	1373.368	1414.356	1439.611	1394.481	1421.008	1407.351	1408.914
44	1405.192	1373.121	1411.844	1388.354	1422.858	1422.695	1404.552	1422.834	1410.883	1400.179
45	1408.259	1356.259	1418.612	1386.800	1434.228	1452.347	1403.824	1431.807	1435.331	1421.185
46	1412.428	1346.251	1417.854	1363.092	1439.243	1460.794	1403.485	1445.568	1420.554	1408.117
47	1395.008	1369.762	1419.526	1377.087	1470.835	1434.116	1404.558	1444.077	1407.873	1434.335
48	1408.409	1389.367	1429.322	1403.215	1457.234	1454.235	1426.441	1447.122	1433.003	1432.918
49	1432.684	1362.936	1444.714	1412.902	1450.080	1452.785	1447.349	1442.665	1439.467	1447.335
50	1430.560	1390.070	1455.478	1428.358	1470.242	1476.526	1440.207	1462.012	1434.155	1422.872
51	1443.747	1384.808	1430.465	1412.385	1474.169	1472.455	1423.068	1450.381	1442.440	1452.948
52	1456.193	1389.256	1453.484	1424.363	1505.210	1473.077	1456.500	1470.638	1450.235	1453.648
53	1468.608	1403.928	1459.121	1414.286	1505.976	1469.711	1458.884	1477.332	1438.140	1453.709
54	1447.379	1406.491	1467.395	1444.795	1495.193	1478.847	1434.292	1509.374	1452.566	1460.434
55	1461.039	1422.740	1457.306	1451.863	1485.697	1497.453	1444.833	1487.929	1446.164	1478.537
56	1452.840	1428.109	1461.395	1452.801	1485.292	1478.230	1473.490	1504.241	1454.690	1469.175
57	1453.686	1421.300	1476.436	1462.200	1492.663	1534.585	1476.428	1491.061	1462.979	1475.397
58	1483.770	1417.729	1500.785	1451.200	1521.409	1500.848	1475.328	1495.275	1473.538	1465.003
59	1474.326	1457.736	1506.495	1461.399	1532.909	1510.341	1470.082	1491.308	1493.807	1480.100
60	1483.143	1435.753	1493.566	1488.062	1529.274	1534.357	1505.974	1511.312	1486.541	1501.901
61	1502.577	1439.083	1507.116	1473.161	1514.459	1508.254	1512.773	1526.623	1479.933	1489.873
62	1492.990	1460.080	1501.804	1481.985	1523.037	1543.625	1494.480	1548.974	1486.886	1512.953
63	1493.845	1451.805	1544.506	1471.386	1537.585	1556.894	1507.071	1535.160	1516.267	1509.604
64	1510.330	1456.516	1536.507	1474.713	1529.043	1537.739	1520.940	1527.381	1496.507	1506.010
65	1524.745	1495.370	1551.673	1495.491	1535.425	1540.479	1536.903	1542.056	1518.611	1504.872
66	1530.439	1473.251	1529.806	1492.531	1523.909	1555.984	1529.471	1554.379	1511.610	1533.995
67	1542.254	1479.856	1535.789	1533.167	1556.440	1564.371	1535.959	1568.564	1532.004	1524.612
68	1553.706	1498.068	1541.729	1521.381	1579.244	1572.235	1553.391	1586.910	1546.209	1542.415
69	1552.424	1524.130	1569.558	1509.785	1588.114	1595.155	1550.685	1576.236	1551.157	1564.332
70	1572.175	1534.593	1576.100	1534.237	1616.714	1610.866	1560.855	1588.003	1574.291	1563.132
71	1545.471	1525.398	1567.708	1545.506	1617.353	1603.740	1582.112	1571.305	1551.153	1600.423
72	1555.016	1534.936	1583.613	1550.782	1596.215	1598.487	1574.177	1604.239	1550.878	1579.979
73	1579.978	1538.893	1595.114	1554.459	1616.183	1617.308	1587.289	1630.616	1592.968	1601.724
74	1581.122	1582.064	1598.478	1564.688	1631.429	1644.452	1599.147	1624.906	1597.497	1580.363
75	1621.044	1571.531	1620.180	1570.104	1632.164	1645.981	1599.357	1619.883	1606.780	1577.261
76	1638.638	1587.243	1639.486	1583.856	1642.874	1651.395	1611.042	1644.483	1637.044	1594.121
77	1612.295	1575.758	1656.573	1584.051	1665.347	1662.033	1627.204	1649.256	1602.333	1632.988
78	1632.596	1582.955	1666.425	1579.535	1652.769	1665.965	1639.014	1675.303	1625.627	1619.286
79	1640.552	1628.588	1663.330	1620.335	1683.065	1677.569	1642.953	1667.638	1649.172	1651.123
80	1657.649	1617.195	1673.860	1622.694	1693.390	1698.815	1654.508	1694.206	1648.567	1657.554
81	1674.443	1613.731	1718.516	1650.154	1696.103	1724.331	1690.543	1712.823	1632.910	1660.375
82	1688.877	1683.083	1735.228	1652.406	1731.891	1717.420	1697.810	1719.959	1671.837	1672.414
83	1710.380	1664.741	1746.253	1638.040	1756.840	1722.844	1714.838	1721.137	1656.342	1692.991
84	1708.886	1690.641	1731.354	1693.376	1743.366	1766.865	1712.394	1730.111	1676.746	1722.688
85	1724.185	1688.832	1772.146	1696.408	1763.517	1786.439	1731.571	1749.470	1696.249	1720.721
86	1720.218	1708.885	1773.761	1736.518	1782.898	1781.559	1741.536	1783.111	1736.716	1728.243
87	1764.334	1749.010	1790.835	1723.799	1783.112	1794.143	1787.515	1771.412	1747.850	1732.413
88	1763.546	1778.852	1782.540	1749.232	1817.746	1839.160	1789.341	1791.470	1763.294	1757.938
89	1788.046	1743.132	1800.691	1770.483	1856.159	1841.817	1782.932	1810.213	1782.240	1763.030
90	1801.385	1775.933	1830.800	1784.256	1865.009	1880.473	1812.683	1824.059	1798.890	1802.178
91	1806.944	1782.817	1846.350	1788.999	1882.444	1881.471	1841.770	1847.697	1837.361	1795.208
92	1834.795	1816.606	1874.008	1819.219	1905.959	1909.733	1862.915	1841.159	1825.071	1825.234
93	1864.162	1842.096	1879.399	1807.762	1925.722	1932.081	1878.537	1891.710	1846.638	1850.220
94	1860.336	1861.660	1914.638	1849.799	1986.461	1993.339	1936.001	1944.350	1860.540	1893.995
95	1911.052	1897.498	1949.156	1891.859	1980.266	2041.868	1956.891	1976.467	1891.998	1916.930
96	1961.225	1958.261	2001.034	1922.038	2056.190	2070.255	1983.416	1997.005	1921.055	1929.321
97	2037.273	2003.870	2034.644	1962.486	2086.888	2097.337	2028.267	2063.171	1984.164	1983.201
98	2051.544	2026.371	2070.157	2017.409	2143.083	2137.821	2080.083	2119.905	2034.617	2037.974
99	2100.504	2095.205	2131.458	2063.712	2151.924	2206.648	2140.594	2140.516	2084.613	2099.655
100	2157.620	2118.782	2182.511	2144.623	2190.467	2245.531	2186.340	2196.862	2143.262	2168.351
101	2183.618	2181.481	2256.810	2192.345	2247.319	2265.101	2232.213	2249.640	2212.613	2204.979
102	2239.367	2218.000	2320.118	2253.129	2313.633	2297.741	2242.184	2320.590	2222.736	2220.229
103	2273.443	2294.581	2356.760	2317.760	2359.351	2334.668	2245.471	2384.827	2281.787	2254.806
104	2316.453	2337.361	2420.089	2341.616	2365.106	2357.334	2303.276	2400.406	2296.177	2296.915
105	2365.719	2364.143	2403.970	2366.773	2393.553	2335.918	2290.498	2400.539	2360.421	2322.718
106	2350.642	2324.215	2401.256	2374.695	2356.280	2297.690	2294.317	2419.034	2366.947	2330.915
107	2343.659	2302.883	2396.923	2346.340	2325.557	2314.361	2252.623	2412.870	2339.083	2339.753
108	2343.656	2261.533	2353.192	2307.138	2289.620	2285.324	2252.033	2351.509	2307.545	2279.942
109	2290.434	2211.038	2312.228	2263.147	2253.359	2244.708	2218.313	2292.837	2261.333	2241.044
110	2221.088	2184.789	2293.476	2229.501	2206.089	2201.646	2161.710	2222.315	2180.008	2196.639
111	2142.392	2095.764	2234.716	2192.467	2179.665	2179.955	2113.082	2176.305	2145.073	2130.159
112	2119.374	2087.326	2226.293	2150.052	2167.201	2132.770	2109.480	2162.711	2118.812	2103.065
113	2077.134	2067.066	2189.975	2094.188	2144.565	2119.590	2056.284	2099.351	2059.623	2102.626
114	2054.793	2033.472	2152.166	2074.594	2125.134	2115.605	2060.677	2093.928	2049.847	2071.883
115	2067.932	2021.993	2143.377	2072.478	2131.974	2106.368	2071.109	2097.149	2056.672	2052.571
116	2085.984	2047.627	2136.782	2080.023	2130.837	2130.913	2082.991	2085.359	2053.785	2064.107
117	2068.232	2048.851	2144.203	2063.374	2115.253	2126.191	2098.898	2100.641	2038.718	2066.007
118	2051.086	2053.200	2138.262	2069.263	2116.267	2119.080	2077.895	2127.371	2041.666	2051.226
119	2052.561	2039.312	2117.827	2079.772	2119.888	2131.712	2087.163	2118.514	2076.667	2075.394
120	2038.425	1998.047	2113.094	2078.332	2125.916	2137.079	2080.149	2089.398	2085.224	2051.266
121	2048.476	2021.092	2113.964	2055.115	2103.719	2119.964	2095.826	2117.793	2075.677	2048.895
122	2046.699	2015.663	2120.644	2057.138	2112.483	2118.357	2115.734	2107.893	2075.445	2044.490
123	2004.867	2013.500	2106.006	2059.112	2085.086	2093.547	2099.300	2126.722	2085.380	2048.782
124	2004.004	2042.978	2101.228	2061.325	2091.928	2084.075	2073.837	2112.544	2035.263	2008.068
125	1999.286	2041.068	2096.904	2065.796	2086.292	2098.981	2046.816	2109.808	2023.282	2000.412
126	1980.551	2003.826	2110.363	2075.423	2067.122	2102.053	2037.107	2078.008	2034.067	2024.840
127	1986.438	1982.416	2099.044	2047.528	2082.129	2067.553	2040.391	2053.199	2009.577	2002.789
128	1985.417	1995.838	2082.223	2008.742	2071.162	2058.222	2028.667	2055.784	2025.361	1993.023
129	1964.239	1975.026	2070.196	2023.035	2032.201	2055.558	2036.179	2065.799	1995.516	1994.550
130	1969.434	1965.559	2076.094	1983.843	2013.669	2043.941	2048.581	2047.352	2000.732	1992.399
131	1961.926	1945.734	2039.224	1962.605	2025.708	2049.953	2020.035	2044.797	1963.606	1960.953
132	1982.613	1987.375	2038.830	1983.024	2012.224	2027.999	2015.120	2051.596	1969.828	1958.166
133	1961.358	1971.626	2041.969	1980.578	2002.500	2041.479	2002.078	2036.921	1970.915	1972.532
134	1967.500	1964.490	2058.269	2013.637	2007.950	2040.165	1992.990	2016.664	1979.349	1949.481
135	1947.162	1933.008	2060.408	1986.746	2003.606	2035.879	2013.735	2054.180	1983.056	1967.758
136	1932.664	1945.913	2049.081	1949.498	1998.147	2023.668	1973.046	2020.136	1954.104	1957.713
137	1942.822	1945.946	2063.430	1986.794	2005.719	2032.046	2005.811	2028.648	1982.533	1959.347
138	1934.953	1989.851	2001.355	1963.939	2013.408	2032.027	1983.499	2031.992	1993.643	1940.295
139	1924.325	1984.356	1985.467	1965.865	2009.677	2021.325	1993.527	2029.252	1977.276	1946.542
140	1951.111	1954.766	2021.295	1961.972	2022.888	2003.399	2010.084	2011.220	1974.441	1943.187
141	1946.370	1956.092	2008.591	1977.816	2028.560	2019.803	1970.089	2031.011	1953.816	1940.124
142	1914.616	1988.636	2026.259	2002.602	2023.175	2029.558	1991.559	2036.715	1973.334	1926.024
143	1893.300	1981.732	2040.015	1973.497	2014.145	2016.437	1962.569	2027.822	1944.271	1957.025
144	1907.213	1965.950	2028.779	1963.874	2010.087	2004.090	2001.443	2019.187	1941.732	1954.810
145	1895.123	1936.148	2036.669	1969.868	2012.327	2003.391	1954.630	2023.068	1932.664	1933.275
146	1895.100	1960.207	2026.349	1964.890	2025.541	2019.195	1963.068	1993.006	1939.944	1927.468
147	1915.046	1943.201	2014.034	1967.935	2037.831	2021.932	1974.456	1988.534	1950.531	1927.600
148	1930.998	1932.417	2023.782	1962.938	2027.280	2005.317	1973.876	1973.544	1929.372	1917.107
149	1896.535	1957.194	2070.527	1974.914	2019.495	1989.041	2011.079	1970.244	1950.903	1940.237
150	1917.368	1955.520	2065.497	1977.231	2011.392	2008.711	1974.240	1987.900	1932.730	1916.037
151	1912.000	1950.377	2045.570	1947.718	2009.540	2000.955	1976.730	1994.544	1931.395	1926.101
152	1916.150	1943.559	2041.437	1952.619	1996.198	2010.887	1970.052	1976.273	1955.049	1939.714
153	1894.662	1951.792	2043.205	1946.386	2004.299	2025.823	1990.956	1989.321	1943.763	1927.553
154	1904.346	1964.261	2026.809	1971.292	2001.222	2015.951	1966.999	2011.228	1926.050	1911.397
155	1903.735	1959.037	2034.883	1980.700	2020.258	2021.277	1944.643	2012.863	1950.139	1918.999
156	1921.106	1964.343	2043.565	1944.535	2030.739	2013.215	1960.982	2002.886	1950.274	1929.993
157	1918.477	1980.540	2066.476	1970.628	1996.550	2018.959	1960.494	2012.808	1923.476	1911.358
158	1923.801	1948.099	2025.282	1963.967	2026.639	2018.376	1976.712	2011.935	1937.631	1930.065
159	1905.998	1984.839	2030.281	1973.506	2013.451	2032.424	1968.523	2022.358	1936.360	1905.848
160	1916.195	1955.746	2027.328	1973.249	2032.797	2031.608	1959.691	2022.829	1917.197	1926.101
161	1917.651	1935.528	2023.641	1977.462	2008.486	2029.756	1990.501	2029.244	1931.026	1905.886
162	1917.126	1987.107	2044.296	1980.153	2024.902	2038.376	1959.921	2030.798	1953.614	1914.132
163	1911.409	1992.287	2043.632	1983.603	2025.396	2045.131	1965.388	2009.959	1964.589	1931.287
164	1932.471	1974.764	2028.501	1995.228	2045.229	2039.065	1987.105	2021.665	1943.131	1954.830
165	1939.185	2004.560	2049.725	1990.685	2040.214	2063.467	1999.304	1999.121	1963.511	1959.204
166	1938.015	2011.822	2071.932	1994.112	2036.820	2050.224	1989.478	2003.119	1951.693	1931.417
167	1945.384	1998.446	2089.242	1989.789	2047.715	2030.338	1985.136	2008.646	1954.208	1916.100
168	1928.131	1988.176	2082.920	2011.720	2040.912	2042.467	1995.005	2008.426	1944.586	1935.971
169	1939.387	2006.832	2061.492	2009.556	2062.595	2066.383	1983.392	2008.874	1972.527	1976.955
170	1927.326	2036.369	2080.931	1984.204	2069.922	2063.500	1996.026	2000.917	1982.081	1969.395
171	2179.917	2179.917	2290.883	2267.517	2276.968	2311.515	2229.698	2284.242	2208.841	2181.568
