 	Profile_Slice_1	Profile_Slice_2	Profile_Slice_3	Profile_Slice_4	Profile_Slice_5	Profile_Slice_6	Profile_Slice_7	Profile_Slice_8	Profile_Slice_9	Profile_Slice_10	Profile_Slice_11	Profile_Slice_12	Profile_Slice_13	Profile_Slice_14	Profile_Slice_15	Profile_Slice_16	Profile_Slice_17
1	618.434	618.434	600.528	603.297	585.412	619.435	603.675	600.648	624.502	622.940	618.734	627.021	632.402	637.372	627.864	633.839	639.275
2	608.726	608.726	611.989	598.366	594.649	618.383	608.480	600.844	614.730	631.271	623.161	617.306	618.883	622.406	617.759	639.220	643.466
3	626.456	626.456	622.782	611.725	617.308	623.357	631.081	598.036	613.384	618.517	635.149	618.951	615.497	623.698	620.772	633.689	646.431
4	640.535	640.535	622.382	613.686	599.279	615.694	616.849	608.044	610.644	624.291	626.082	616.745	618.300	629.623	621.164	655.932	635.678
5	619.174	619.174	599.616	621.966	611.014	611.851	603.829	605.934	620.021	628.979	623.706	634.266	618.904	634.788	623.033	640.063	643.720
6	619.442	619.442	619.022	622.281	606.925	605.280	614.493	609.762	628.232	638.440	637.115	640.021	623.396	632.392	621.056	633.158	634.703
7	619.825	619.825	631.484	632.493	592.314	619.993	625.762	632.302	640.093	642.569	631.771	624.570	631.889	630.796	639.307	645.442	646.096
8	620.200	620.200	623.142	622.415	614.484	643.185	640.899	614.135	647.217	635.147	625.605	642.585	620.470	621.928	647.487	640.878	635.033
9	616.773	616.773	607.808	614.567	617.349	624.785	629.965	631.140	647.165	618.897	637.582	648.795	624.842	637.769	637.710	657.913	638.085
10	622.057	622.057	617.438	619.704	621.164	630.611	642.995	620.175	632.724	635.105	636.970	633.072	629.483	656.849	639.898	660.809	637.354
11	624.633	624.633	618.294	637.415	615.031	646.756	647.975	629.541	625.906	638.027	641.160	642.788	623.023	645.250	647.260	638.955	642.458
12	623.246	623.246	618.697	627.382	610.372	620.598	649.829	624.696	639.613	626.756	636.685	642.008	635.472	641.958	632.111	617.091	644.772
13	634.588	634.588	632.924	628.551	627.453	631.078	640.074	633.746	642.523	621.601	644.878	657.208	641.224	639.488	628.464	635.681	633.391
14	630.239	630.239	643.501	638.535	630.483	640.013	638.761	638.052	644.677	626.607	646.982	655.680	646.438	655.503	638.417	646.381	646.507
15	638.132	638.132	640.325	644.210	641.241	635.418	639.211	647.838	640.202	653.585	628.722	663.400	640.660	645.585	648.510	644.322	641.004
16	630.179	630.179	648.365	638.875	647.191	642.968	643.113	650.027	653.414	624.325	649.739	652.448	648.088	644.832	651.738	648.223	646.233
17	631.282	631.282	654.640	652.127	633.538	654.410	632.797	642.146	649.109	639.501	655.847	662.147	654.753	654.334	644.078	663.302	660.960
18	656.490	656.490	646.132	649.551	651.720	634.059	629.942	640.487	643.095	650.074	644.237	648.845	648.619	666.673	645.420	657.283	646.742
19	646.808	646.808	659.802	641.891	646.771	638.772	646.073	659.299	646.580	670.269	653.316	669.334	637.336	670.482	630.357	645.266	654.074
20	644.190	644.190	644.709	650.227	636.319	664.683	660.373	649.684	639.753	663.563	651.806	671.076	643.172	655.481	637.152	657.849	655.591
21	659.461	659.461	653.410	655.811	656.215	659.342	641.546	650.424	647.923	657.955	650.076	632.044	648.109	652.831	642.725	647.126	660.413
22	660.823	660.823	656.237	648.667	652.699	659.873	640.804	644.976	644.979	656.272	658.267	648.044	645.734	653.754	650.760	660.230	652.242
23	653.160	653.160	654.403	662.737	643.765	640.997	668.733	664.597	652.659	646.462	661.491	660.832	639.945	646.843	657.463	668.524	647.412
24	657.340	657.340	651.549	660.253	651.569	650.278	636.372	653.613	651.304	638.099	654.316	652.717	641.689	651.208	647.265	649.551	661.744
25	657.430	657.430	639.405	655.960	646.664	638.206	647.243	651.795	647.996	652.614	659.364	643.637	660.336	647.859	656.555	645.227	656.077
26	665.256	665.256	650.683	657.304	641.337	650.968	656.085	637.609	641.258	655.230	652.701	667.585	653.634	654.958	668.997	655.290	666.323
27	656.881	656.881	653.361	658.926	655.031	646.671	666.134	640.649	649.079	646.576	657.010	658.503	655.505	652.754	666.722	662.574	643.659
28	655.522	655.522	660.757	648.057	645.226	649.813	665.372	637.302	659.421	649.247	666.349	669.016	646.628	650.878	664.001	649.426	657.564
29	653.953	653.953	663.278	643.494	656.750	646.352	649.841	649.142	649.242	656.340	659.553	677.622	648.592	650.916	661.120	654.894	657.166
30	668.559	668.559	666.869	629.618	639.106	636.355	640.231	658.920	645.263	659.516	651.313	669.803	654.872	647.764	631.862	660.881	645.155
31	672.345	672.345	660.246	638.256	641.665	641.712	652.464	654.975	624.148	647.609	661.787	658.815	669.177	643.130	651.866	650.252	649.578
32	668.924	668.924	667.562	647.324	642.973	665.372	661.775	645.417	634.356	667.065	670.429	675.627	672.675	653.290	640.292	647.898	656.753
33	681.648	681.648	653.123	642.752	638.140	652.923	662.795	651.964	662.254	653.135	668.762	673.076	660.854	648.878	663.163	652.626	635.778
34	669.913	669.913	652.715	645.308	638.197	649.397	656.419	634.911	663.194	663.616	672.980	669.667	676.224	664.723	652.373	653.982	644.381
35	644.926	644.926	656.333	640.287	644.408	657.351	660.748	658.610	641.973	674.075	671.094	657.240	673.674	678.135	652.626	649.578	649.440
36	670.318	670.318	683.012	647.021	629.312	662.136	667.771	647.920	639.926	667.844	669.258	647.683	688.750	668.998	653.617	678.006	652.853
37	666.597	666.597	655.758	634.455	642.925	660.025	668.294	646.765	641.312	671.486	670.991	678.794	676.028	668.615	666.092	677.234	654.821
38	660.302	660.302	658.027	638.789	665.135	649.535	659.393	656.670	649.761	670.788	676.548	686.976	666.418	692.434	664.333	673.444	650.546
39	674.842	674.842	666.180	654.617	660.586	652.893	652.244	644.354	681.671	670.804	675.912	671.827	667.351	683.420	684.938	675.489	669.077
40	668.756	668.756	658.250	651.271	663.669	667.134	650.756	631.039	659.667	655.284	657.906	679.003	685.288	669.810	671.550	657.125	654.538
41	658.153	658.153	655.165	667.199	651.869	658.415	655.029	666.258	683.116	671.491	685.253	696.221	689.667	674.703	682.636	671.511	658.264
42	663.974	663.974	656.289	649.516	655.399	679.522	682.292	670.588	682.097	693.113	694.742	676.063	687.350	683.249	687.031	686.234	670.647
43	668.736	668.736	667.909	677.877	650.781	691.889	661.147	674.638	681.148	666.534	679.818	685.522	685.861	674.315	675.453	689.798	674.319
44	675.780	675.780	671.917	679.853	666.968	701.971	684.661	672.956	678.561	674.109	691.810	681.068	708.458	670.507	681.068	692.562	668.115
45	681.658	681.658	670.763	679.173	688.066	683.911	693.441	687.204	676.503	689.163	689.511	696.440	691.329	673.740	685.620	695.163	669.454
46	684.523	684.523	674.043	681.531	670.028	691.132	686.899	689.799	679.562	689.952	692.443	720.230	690.385	680.290	692.363	711.485	675.697
47	687.668	687.668	695.721	675.799	668.280	685.327	677.284	674.841	671.104	687.154	691.446	701.388	697.963	689.381	698.628	705.140	690.988
48	677.633	677.633	679.867	684.698	670.359	706.388	679.530	699.770	680.848	675.367	691.449	701.298	694.943	697.533	685.287	689.767	694.236
49	688.124	688.124	694.664	686.727	687.815	717.240	706.966	674.260	684.295	681.133	692.427	719.978	713.805	693.834	689.679	704.135	678.075
50	717.317	717.317	699.480	688.984	682.258	696.169	692.006	707.038	692.087	688.586	695.060	728.359	727.200	704.283	717.554	688.559	705.970
51	725.313	725.313	692.347	695.906	692.044	709.356	697.580	675.577	693.705	702.879	690.980	727.386	718.718	703.435	707.801	698.460	695.746
52	722.135	722.135	685.648	684.975	688.342	711.495	709.079	685.267	703.878	694.347	697.731	733.988	730.817	710.129	709.487	702.769	695.605
53	708.608	708.608	697.936	685.188	688.696	715.920	709.604	700.158	701.653	695.202	722.955	728.531	721.006	708.079	714.952	702.168	696.055
54	735.904	735.904	724.157	694.586	712.323	709.560	715.677	707.897	698.326	706.913	727.619	740.107	719.269	734.134	708.434	712.068	690.680
55	726.360	726.360	703.180	682.389	704.174	736.069	711.219	698.214	707.196	693.482	732.024	746.668	723.566	707.808	690.722	709.126	699.311
56	721.469	721.469	718.906	710.526	722.805	738.483	720.627	710.322	723.343	704.957	710.529	742.258	745.707	695.922	704.600	720.407	696.164
57	727.174	727.174	727.993	707.514	711.703	728.918	724.673	713.469	721.567	700.530	715.840	741.722	743.218	714.600	705.048	704.575	720.159
58	732.291	732.291	722.830	707.391	711.621	732.189	730.041	698.374	709.627	704.014	727.142	719.036	733.194	728.146	713.475	703.930	707.265
59	745.454	745.454	730.139	718.769	725.270	743.708	734.472	713.979	715.060	719.216	732.357	751.178	744.836	746.541	737.438	722.252	703.105
60	748.718	748.718	732.187	722.733	723.800	736.341	744.754	717.832	700.024	728.490	728.333	749.175	747.509	740.126	732.322	733.352	712.261
61	759.453	759.453	742.609	724.393	727.908	762.006	759.383	723.403	702.811	738.603	729.770	756.991	767.060	725.414	753.997	728.703	700.253
62	770.248	770.248	757.157	720.564	743.616	758.765	769.799	710.285	729.075	726.697	735.795	746.385	772.867	744.669	766.233	737.966	728.973
63	779.292	779.292	742.004	732.559	747.324	776.573	786.151	710.382	725.954	723.430	752.273	768.292	779.981	744.346	749.226	749.796	736.513
64	796.549	796.549	764.239	757.321	752.418	790.227	793.324	710.010	726.874	730.508	770.382	774.944	774.465	762.258	759.442	763.091	734.391
65	797.054	797.054	798.053	767.016	766.476	784.341	779.398	706.124	735.264	724.363	799.508	769.773	784.195	775.705	758.503	741.603	729.277
66	806.936	806.936	785.686	770.554	762.117	797.413	787.665	709.641	750.975	741.161	797.980	784.098	797.650	779.780	768.019	780.459	739.680
67	822.935	822.935	777.714	761.774	755.020	799.202	810.455	731.517	749.462	757.318	799.874	797.186	805.952	795.823	772.889	782.062	763.543
68	834.643	834.643	791.899	775.341	764.527	834.017	809.451	747.010	748.408	753.179	807.810	813.514	815.570	794.946	777.497	790.785	763.609
69	856.705	856.705	806.662	790.003	783.775	844.727	832.937	747.105	764.118	749.173	818.173	810.744	847.720	791.189	796.555	798.794	776.518
70	858.403	858.403	806.929	803.588	800.036	849.635	830.782	757.055	785.466	784.673	796.232	840.573	859.653	805.126	802.843	806.339	787.889
71	886.617	886.617	830.800	797.157	789.158	867.107	832.210	763.094	788.718	777.596	838.595	851.842	875.892	815.855	830.047	814.615	786.404
72	905.684	905.684	834.655	824.506	786.342	866.766	835.187	777.668	797.087	775.349	853.669	857.490	888.000	822.854	852.017	840.207	811.378
73	920.943	920.943	838.828	836.327	840.041	867.689	868.376	785.699	813.979	789.435	856.190	876.970	902.390	831.628	847.196	848.182	801.497
74	917.421	917.421	847.706	853.480	860.314	886.718	899.278	797.627	816.055	795.205	877.427	876.563	919.874	848.749	856.513	857.362	810.598
75	940.197	940.197	891.789	844.990	843.551	903.149	905.625	806.805	819.118	817.057	905.171	894.483	931.825	869.698	848.482	856.307	834.576
76	956.768	956.768	904.664	867.104	867.113	938.513	937.984	826.473	858.001	825.662	917.877	919.259	953.904	874.084	860.331	886.636	857.200
77	980.698	980.698	959.346	892.643	900.144	952.870	937.839	817.758	867.570	840.052	933.925	979.141	988.682	859.495	865.161	882.239	843.199
78	992.643	992.643	971.866	920.125	901.149	965.759	964.243	843.708	858.790	862.428	925.222	970.381	1051.498	888.828	900.265	889.850	841.434
79	1031.994	1031.994	973.957	942.633	914.446	994.485	998.591	867.931	857.900	872.589	954.368	998.350	1085.248	896.481	920.723	906.027	859.485
80	1103.814	1103.814	1013.549	955.133	909.824	1025.826	1026.867	850.619	865.468	847.130	979.698	996.867	1141.944	929.714	949.458	934.267	852.154
81	1151.489	1151.489	1062.571	962.437	921.620	1086.159	1076.601	899.798	900.868	873.409	1028.425	1034.268	1190.182	956.319	988.324	964.818	877.792
82	1207.550	1207.550	1133.503	1000.570	952.703	1146.933	1120.688	901.246	921.751	887.681	1041.674	1053.586	1180.443	997.034	1037.371	991.022	867.132
83	1271.871	1271.871	1208.361	1035.572	1005.437	1204.663	1180.312	906.157	940.864	921.661	1084.630	1042.915	1140.298	1013.066	1045.229	1018.028	904.839
84	1317.268	1317.268	1272.273	1108.595	1068.358	1212.958	1215.869	911.282	975.437	948.954	1085.865	1036.345	1118.083	1042.368	1052.160	1030.631	927.797
85	1309.342	1309.342	1304.285	1159.540	1113.619	1221.988	1200.184	923.894	981.956	965.503	1082.964	1040.111	1077.311	1059.188	1066.155	1072.724	946.313
86	1239.471	1239.471	1321.269	1238.795	1146.882	1182.163	1198.198	964.685	1001.180	1001.892	1089.142	1035.605	1008.791	1055.901	1057.555	1109.619	979.057
87	1178.493	1178.493	1306.188	1270.529	1169.183	1117.541	1135.610	988.327	1022.345	1010.150	1104.502	1003.439	930.957	1054.267	1018.840	1124.289	1007.326
88	1123.029	1123.029	1235.929	1286.557	1138.630	1056.732	1054.026	1033.870	1041.398	1074.909	1062.911	974.384	858.890	1031.425	992.711	1086.400	1024.683
89	1047.803	1047.803	1177.389	1242.503	1107.222	984.257	984.895	1095.755	1046.151	1084.256	1040.987	937.678	784.058	997.544	937.651	1015.021	1016.144
90	982.380	982.380	1090.508	1188.535	1039.314	913.281	909.098	1137.291	1045.820	1117.200	1001.460	897.789	744.607	965.335	900.317	972.485	1023.095
91	903.483	903.483	998.850	1096.785	952.753	863.487	864.188	1119.979	1012.962	1097.201	943.335	840.803	726.822	904.158	850.219	888.448	1015.519
92	847.399	847.399	908.482	1012.245	889.946	820.432	793.429	1103.725	985.575	1080.000	869.456	784.807	702.510	862.045	803.795	813.643	997.058
93	777.702	777.702	844.996	924.728	838.718	791.135	763.041	1041.215	928.549	1033.877	830.505	762.987	678.869	812.490	748.775	755.562	936.613
94	758.553	758.553	808.483	848.153	802.040	755.927	748.128	997.001	901.475	992.107	763.665	730.818	672.020	761.268	686.719	702.341	879.010
95	732.287	732.287	790.182	802.207	764.420	728.805	713.550	915.066	854.473	946.706	740.337	725.768	669.939	717.273	675.382	659.709	841.036
96	699.570	699.570	776.762	774.148	757.260	729.222	692.764	861.050	797.232	867.518	726.605	701.405	638.505	709.133	642.224	645.070	789.908
97	677.540	677.540	742.109	768.247	730.175	711.836	672.576	815.585	751.552	795.594	706.591	690.879	620.705	674.496	617.667	632.110	733.114
98	655.447	655.447	714.370	749.984	679.163	674.881	657.918	777.460	723.103	761.086	686.757	669.412	604.153	654.069	608.893	607.185	703.053
99	651.678	651.678	685.361	713.674	685.810	652.870	649.448	731.867	694.521	719.796	672.938	641.961	592.021	642.100	597.019	600.627	677.560
100	634.150	634.150	645.141	675.146	659.837	637.754	613.041	712.109	676.406	699.647	651.054	633.645	587.526	622.533	575.171	595.052	652.206
101	622.171	622.171	641.103	684.576	649.756	621.956	577.728	676.572	663.850	665.948	636.808	626.160	565.410	610.482	551.147	563.789	637.698
102	601.695	601.695	622.599	647.725	632.531	607.613	564.005	666.591	662.911	631.291	628.436	618.708	562.342	576.911	540.710	554.505	609.979
103	592.863	592.863	613.834	626.291	635.555	608.085	578.966	649.757	630.201	611.251	618.877	607.252	546.911	562.263	557.737	546.233	604.191
104	571.834	571.834	604.316	647.436	607.548	603.288	563.282	627.043	613.482	601.628	602.632	581.939	532.376	559.131	531.858	540.261	561.383
105	557.963	557.963	577.052	603.702	597.651	554.172	552.505	611.145	599.800	601.722	587.389	579.245	516.230	530.985	516.890	516.173	543.891
106	545.000	545.000	566.635	592.554	579.507	534.315	548.739	594.236	599.009	589.814	577.092	573.058	506.605	544.759	533.527	509.922	550.349
107	517.312	517.312	572.964	575.603	562.683	539.624	532.820	576.886	598.098	579.448	562.463	558.043	495.086	539.312	500.068	505.796	528.329
108	526.545	526.545	561.092	540.933	552.721	523.359	512.566	581.747	575.737	570.370	548.368	554.655	502.187	535.428	504.315	518.986	537.449
109	528.058	528.058	543.946	522.979	550.994	519.426	512.856	576.841	565.202	535.614	551.777	541.817	493.824	522.333	487.506	512.072	522.162
110	513.168	513.168	542.716	522.302	539.423	486.823	501.723	547.203	575.148	538.319	541.467	526.114	487.640	507.614	485.342	488.842	508.888
111	498.415	498.415	526.825	515.296	517.284	471.846	494.616	525.861	556.189	548.022	529.535	521.061	485.038	505.912	478.704	470.491	509.530
112	488.356	488.356	515.691	510.134	495.762	475.283	480.170	514.620	524.783	524.071	533.690	496.817	473.873	483.519	467.841	465.343	504.750
113	480.837	480.837	505.685	495.100	493.175	465.229	469.302	509.748	521.414	535.661	521.547	518.576	467.186	490.301	462.977	453.058	503.919
114	476.405	476.405	479.088	477.388	474.620	456.519	463.457	491.302	508.037	521.525	497.592	484.253	443.572	479.836	446.798	452.699	479.576
115	463.116	463.116	475.043	481.106	457.148	444.214	446.586	478.413	507.403	497.565	488.869	472.942	447.913	474.822	441.324	440.400	465.355
116	458.496	458.496	478.059	483.753	457.641	454.218	444.010	480.569	511.129	504.405	498.947	476.598	447.632	469.327	449.352	426.791	469.656
117	461.197	461.197	466.530	454.883	447.856	447.239	430.788	470.269	483.509	488.111	497.987	462.657	442.554	456.595	439.087	425.401	460.817
118	451.383	451.383	475.679	438.707	444.436	432.675	435.286	460.577	487.788	475.649	473.803	461.616	432.630	455.396	437.697	426.644	454.043
119	425.071	425.071	453.809	436.008	453.904	413.696	409.692	452.578	477.431	471.932	472.707	456.919	425.231	452.418	428.046	425.799	451.478
120	421.849	421.849	449.876	430.476	428.431	402.950	405.058	440.013	453.603	441.545	457.897	442.883	406.021	437.492	424.636	413.478	428.832
121	422.553	422.553	450.088	421.298	424.212	414.932	409.425	424.694	458.761	450.082	450.828	449.797	408.681	433.734	410.535	408.665	428.145
122	424.222	424.222	430.261	422.563	427.247	411.979	409.655	422.920	454.719	443.023	447.275	440.653	415.659	416.701	410.860	410.414	421.801
123	410.916	410.916	437.814	429.221	415.037	402.600	398.274	425.063	436.690	439.680	451.112	440.062	399.561	410.393	400.206	394.121	426.877
124	407.103	407.103	410.112	427.641	400.586	393.996	386.326	403.500	425.638	439.541	438.776	432.276	404.830	413.441	400.889	394.293	416.084
125	411.415	411.415	416.600	406.555	401.501	378.526	385.527	423.703	427.280	442.165	447.962	422.825	389.614	408.120	393.863	382.452	412.512
126	391.210	391.210	398.028	407.894	382.321	384.294	386.816	396.340	418.050	425.365	443.935	412.643	395.497	405.749	397.609	391.230	412.074
127	389.997	389.997	407.076	395.246	391.300	381.005	372.466	384.548	401.213	418.682	421.274	415.829	399.049	397.380	380.634	370.513	393.924
128	395.898	395.898	400.756	387.223	397.436	368.238	371.438	389.400	414.532	402.962	404.947	407.948	385.635	398.010	385.988	374.769	399.281
129	389.044	389.044	402.310	393.579	378.592	363.844	358.150	370.557	409.478	404.278	403.583	399.828	371.545	387.795	378.338	368.591	399.044
130	372.507	372.507	391.188	382.992	377.886	362.651	352.826	381.575	397.611	402.532	394.593	384.856	379.822	384.967	360.931	373.332	378.891
131	380.274	380.274	388.905	379.013	368.672	352.093	348.426	367.005	377.129	396.342	389.995	393.200	372.281	376.141	358.378	369.004	364.635
132	368.741	368.741	383.835	374.715	360.033	361.566	351.254	362.452	366.108	397.938	383.201	380.247	356.788	382.994	363.145	355.714	375.535
133	373.385	373.385	376.806	369.245	366.574	354.656	355.775	365.409	381.199	386.607	378.777	377.312	348.885	385.768	367.561	344.144	373.473
134	363.189	363.189	379.824	357.437	360.240	343.460	349.297	364.278	374.084	372.418	367.661	372.573	349.199	368.962	350.599	344.997	377.346
135	355.937	355.937	357.321	351.649	361.301	337.709	346.574	358.725	354.124	373.358	373.516	368.611	340.256	358.916	344.783	354.463	369.130
136	353.161	353.161	352.206	353.474	359.598	345.998	343.148	342.611	362.189	371.970	360.957	363.952	338.934	360.222	334.324	338.051	355.674
137	352.389	352.389	356.634	340.759	349.875	335.996	326.540	346.727	364.836	359.911	368.030	363.971	336.753	357.590	344.197	348.018	363.152
138	358.288	358.288	357.121	336.710	344.983	330.847	333.512	333.372	357.651	362.516	361.883	358.386	338.155	348.626	338.358	334.988	353.215
139	359.157	359.157	358.225	342.202	340.655	327.271	323.222	342.233	359.001	362.480	353.197	355.959	336.629	349.854	322.606	348.039	354.966
140	348.678	348.678	345.470	336.595	341.087	312.457	324.462	340.976	341.685	355.699	337.060	352.248	333.201	344.187	336.856	340.889	358.033
141	352.539	352.539	333.740	330.377	339.917	312.296	318.677	341.488	343.461	344.986	351.136	360.663	342.466	344.173	322.656	336.430	343.030
142	340.712	340.712	328.834	334.551	339.222	315.855	321.452	324.803	328.234	336.783	345.925	343.994	329.730	332.485	317.481	331.251	342.875
143	328.481	328.481	330.181	334.476	318.991	322.157	324.176	316.434	325.951	342.126	339.938	342.486	328.200	324.130	317.406	319.696	331.040
144	335.264	335.264	324.637	327.222	313.335	311.530	317.324	315.443	335.728	342.421	344.448	336.670	341.906	333.695	324.290	316.917	337.342
145	331.940	331.940	334.106	330.275	325.662	308.002	316.117	324.030	327.103	339.051	337.709	331.830	322.648	336.497	333.654	312.566	334.004
146	317.742	317.742	327.259	324.702	323.450	309.424	307.080	319.124	325.660	340.795	327.219	329.530	310.762	334.513	325.217	308.813	337.317
147	309.724	309.724	325.109	323.119	317.497	305.739	309.732	312.551	329.874	328.923	325.176	334.887	296.823	314.784	320.545	318.940	319.099
148	313.571	313.571	325.589	311.923	313.271	302.823	300.627	307.596	314.989	321.663	327.820	323.305	306.780	322.817	314.718	307.613	314.080
149	320.073	320.073	317.552	307.717	305.279	298.318	312.212	304.248	321.727	318.713	323.413	314.179	307.581	321.635	315.518	316.675	310.718
150	322.418	322.418	320.783	304.969	311.598	302.317	304.950	298.185	321.173	312.930	320.570	315.267	316.129	308.553	305.171	311.406	314.770
151	319.458	319.458	318.530	300.208	308.490	305.452	299.112	300.005	320.459	310.256	312.516	307.859	308.979	313.300	293.702	301.666	308.281
152	316.748	316.748	317.850	310.075	303.013	296.153	294.847	300.745	315.449	314.173	309.928	315.010	295.302	319.656	300.382	292.278	308.937
153	295.935	295.935	304.025	300.283	302.974	294.304	289.030	296.365	305.759	308.832	313.338	315.055	301.165	307.419	310.682	290.245	301.541
154	307.801	307.801	297.891	299.058	305.209	287.359	289.147	299.303	306.147	319.623	312.840	312.249	308.217	306.503	294.008	294.888	320.520
155	304.417	304.417	304.062	308.340	295.354	298.665	293.409	299.355	309.790	308.080	300.253	314.829	298.133	305.279	294.809	293.819	321.715
156	297.077	297.077	311.842	301.031	290.122	291.895	297.155	297.042	297.038	304.464	296.096	307.247	295.633	300.051	291.095	300.292	308.418
157	289.799	289.799	318.735	306.950	296.119	293.808	289.797	291.905	305.442	295.730	299.530	307.760	292.312	306.357	288.686	291.446	296.318
158	298.032	298.032	301.679	297.690	300.847	293.023	290.378	296.702	302.114	307.903	294.945	302.573	292.724	312.134	289.772	285.928	288.957
159	296.319	296.319	296.016	289.816	304.589	294.493	291.153	285.644	292.532	302.251	295.048	298.105	292.809	294.705	283.404	284.588	297.093
160	291.351	291.351	287.815	283.660	284.412	284.454	277.883	280.183	289.045	302.833	299.861	291.989	288.152	291.687	292.235	290.676	295.814
161	287.280	287.280	300.482	290.274	284.571	286.838	286.272	285.542	295.429	294.937	299.033	291.472	285.445	296.469	285.495	293.521	292.685
162	284.990	284.990	292.701	295.849	291.936	283.559	290.308	293.059	293.030	287.281	287.042	295.281	281.191	296.578	286.324	287.264	298.486
163	297.511	297.511	289.926	291.143	286.468	292.602	288.545	287.301	294.139	292.923	294.395	289.847	272.187	290.282	273.243	270.478	289.909
164	280.490	280.490	278.513	273.456	277.119	289.474	275.224	282.644	290.638	290.196	291.159	290.357	270.879	292.150	278.672	274.740	290.699
165	278.006	278.006	278.359	278.857	285.953	278.246	274.117	281.342	281.734	285.930	289.170	298.101	272.510	283.538	278.412	279.717	291.832
166	277.618	277.618	299.119	287.408	276.523	274.868	277.136	283.288	288.608	279.656	287.969	286.078	273.835	290.232	281.661	272.045	293.251
167	284.173	284.173	286.996	287.322	276.262	274.213	279.228	288.969	299.038	279.561	280.620	284.232	277.571	286.546	281.464	270.191	280.833
168	282.207	282.207	286.016	286.174	282.635	274.576	275.435	276.038	293.177	283.501	282.445	282.963	272.907	281.865	281.091	266.488	275.700
169	281.982	281.982	280.420	280.165	275.696	271.761	268.887	283.996	276.044	288.590	280.818	294.708	273.453	279.991	282.044	267.651	273.765
170	273.482	273.482	281.753	266.899	263.690	274.318	265.516	275.861	279.338	273.052	275.715	286.569	270.054	276.588	276.603	270.482	278.677
171	270.195	270.195	278.088	267.473	263.586	264.471	271.388	270.858	279.770	270.355	287.022	279.951	267.700	276.918	265.540	267.567	277.903
172	279.393	279.393	277.215	270.106	262.298	267.703	268.321	272.468	275.939	277.608	278.644	279.387	268.786	276.062	267.759	277.347	282.819
173	283.288	283.288	282.105	278.708	263.322	272.235	257.906	254.829	267.863	273.958	273.455	266.780	266.301	269.196	275.469	283.720	275.567
174	273.007	273.007	267.930	278.339	274.888	265.161	255.877	262.352	263.880	285.883	278.004	275.778	279.774	268.851	266.428	266.337	271.862
175	274.638	274.638	274.762	272.256	273.770	263.271	264.305	272.711	271.423	277.746	275.308	279.450	273.633	273.591	266.509	265.919	266.468
176	269.154	269.154	277.822	272.790	269.667	263.899	256.748	272.068	271.690	266.704	268.082	261.605	261.104	269.555	266.096	267.111	269.871
177	279.027	279.027	265.891	258.661	262.520	267.577	253.681	262.148	269.890	273.163	261.943	272.667	262.376	269.156	268.307	265.803	283.937
178	274.372	274.372	267.305	269.719	255.739	264.720	259.473	264.133	272.558	269.146	260.590	272.512	257.203	270.714	260.224	265.525	267.642
179	264.693	264.693	272.166	261.604	267.993	260.154	258.230	256.723	265.643	265.605	265.405	264.865	252.157	264.365	265.807	263.723	259.524
180	268.396	268.396	270.085	263.293	262.645	257.660	252.530	251.851	262.392	262.586	261.993	263.576	253.604	263.854	258.340	258.186	266.920
181	270.003	270.003	265.357	258.408	263.784	259.764	259.768	253.960	255.420	255.293	256.112	262.833	259.428	250.697	255.119	254.963	265.596
182	258.465	258.465	254.008	252.475	251.081	259.803	256.374	255.781	260.759	251.187	259.886	259.306	255.867	259.406	260.588	251.987	255.284
183	253.244	253.244	251.859	260.307	259.966	259.868	251.262	260.497	265.840	259.018	262.968	256.671	252.009	266.181	264.331	260.623	251.419
184	257.164	257.164	267.809	254.129	255.434	247.884	251.731	254.749	259.204	257.537	261.202	267.994	248.300	263.143	257.736	265.465	257.758
185	258.716	258.716	257.535	253.207	253.418	241.835	245.684	259.580	255.145	256.314	257.342	255.845	247.272	255.606	252.746	256.029	250.182
186	253.998	253.998	254.923	249.393	250.558	248.431	253.338	260.466	261.047	260.995	251.120	254.872	251.717	258.170	255.034	247.676	255.492
187	260.623	260.623	249.744	257.329	252.854	254.787	250.918	251.825	256.127	262.331	240.710	264.174	252.667	245.706	252.395	247.410	261.104
188	251.366	251.366	256.131	252.128	250.800	255.367	250.812	252.049	260.622	251.175	259.972	256.728	253.159	255.509	253.293	258.619	261.333
189	257.824	257.824	251.720	246.683	252.946	258.149	245.125	258.890	251.860	252.477	257.288	251.708	253.446	253.399	252.144	249.185	258.678
190	264.676	264.676	249.634	251.968	245.741	249.125	247.829	257.541	256.872	250.339	255.569	247.385	249.284	246.100	240.944	244.085	259.827
191	253.153	253.153	249.486	251.871	245.618	241.247	242.869	250.770	248.671	241.803	247.087	247.465	246.163	251.133	260.264	242.414	255.876
192	243.587	243.587	249.277	251.123	251.275	239.273	238.615	244.496	245.120	247.406	247.108	251.183	243.363	251.861	250.956	248.895	244.910
193	258.358	258.358	248.462	245.832	240.349	241.677	243.829	250.322	252.574	245.958	257.842	254.230	249.578	251.079	245.417	249.575	251.921
194	248.373	248.373	251.307	248.236	246.352	240.747	239.574	240.497	250.204	247.565	251.538	254.714	249.179	257.769	251.534	245.891	251.144
195	243.617	243.617	248.912	251.396	247.997	243.509	242.335	238.811	240.624	248.732	249.019	252.819	248.344	258.071	248.102	246.932	257.796
196	239.623	239.623	248.655	241.289	247.441	244.392	244.825	240.688	244.086	247.893	242.444	241.619	250.548	244.602	243.944	237.260	255.767
197	247.878	247.878	246.558	243.699	244.221	242.451	246.315	242.758	236.190	246.721	238.347	251.436	254.572	235.113	246.796	239.156	241.173
198	242.309	242.309	239.758	240.910	231.221	246.377	240.482	241.802	243.018	245.584	243.801	240.891	239.592	240.801	242.895	241.840	247.802
199	247.908	247.908	239.898	238.490	238.286	237.686	235.163	239.942	253.800	246.727	249.774	246.203	244.631	244.647	235.642	255.710	248.672
200	238.054	238.054	243.543	239.266	244.109	237.302	239.995	247.022	238.529	241.700	244.889	245.702	240.453	244.963	249.008	256.079	245.531
201	236.037	236.037	240.615	242.457	240.239	238.068	240.474	240.814	242.555	241.429	246.782	254.994	250.204	243.683	232.458	246.921	237.599
202	242.776	242.776	230.064	235.824	244.632	237.655	241.148	231.372	241.525	240.928	244.903	238.566	244.719	238.847	236.098	242.460	245.623
203	249.842	249.842	233.751	243.734	231.928	240.027	236.962	232.385	243.217	242.948	238.479	240.395	248.836	240.489	234.485	242.582	238.301
204	244.765	244.765	243.349	234.378	239.467	235.789	229.705	239.756	238.544	242.896	244.619	240.646	248.280	234.414	247.852	243.779	247.220
205	230.983	230.983	243.832	241.703	234.821	238.720	233.895	226.742	232.452	239.350	244.093	234.410	237.129	240.852	232.851	229.916	240.196
206	236.947	236.947	240.513	237.827	227.349	231.999	240.629	232.951	241.012	245.067	239.246	244.387	239.109	236.444	234.454	236.972	244.433
207	235.116	235.116	237.938	229.248	234.833	225.649	245.066	235.185	239.982	230.271	244.508	247.052	236.310	239.252	232.599	239.571	236.383
208	237.479	237.479	238.228	241.424	234.824	233.510	240.325	236.010	232.932	238.926	240.186	243.126	244.353	233.729	243.999	239.355	229.139
209	238.432	238.432	243.471	241.256	238.027	235.481	238.708	235.367	243.567	240.943	240.234	238.451	238.481	231.007	237.383	237.774	236.610
210	243.252	243.252	238.475	233.574	227.669	246.118	225.587	229.299	237.335	233.407	239.963	230.815	232.049	230.979	240.431	241.207	234.157
211	243.685	243.685	234.389	232.905	227.312	238.143	230.276	230.611	238.732	234.189	230.657	234.781	219.222	231.565	226.805	228.564	234.852
212	234.055	234.055	235.065	239.838	231.339	228.622	235.006	234.552	233.853	225.779	237.448	237.236	233.104	229.174	233.264	228.313	236.746
213	238.406	238.406	236.671	226.634	229.465	219.976	227.449	227.965	232.296	233.347	237.677	229.648	235.518	231.214	229.027	228.470	232.072
214	232.901	232.901	232.045	235.820	232.725	232.108	223.823	229.976	233.652	227.488	247.554	237.339	224.461	229.356	231.991	233.266	237.761
215	227.842	227.842	228.913	230.776	236.391	227.454	227.980	229.013	236.942	228.266	235.923	237.031	230.928	231.945	226.713	230.284	239.223
216	235.365	235.365	233.250	227.024	226.548	225.511	231.729	231.745	232.680	234.090	238.639	237.760	227.101	240.065	228.819	225.727	231.051
217	237.000	237.000	229.556	227.687	230.102	224.595	231.612	226.110	227.818	221.841	232.979	237.034	230.910	235.789	230.299	222.584	225.042
