 	Profile_Slice_1	Profile_Slice_2	Profile_Slice_3	Profile_Slice_4	Profile_Slice_5	Profile_Slice_6	Profile_Slice_7	Profile_Slice_8	Profile_Slice_9	Profile_Slice_10	Profile_Slice_11	Profile_Slice_12	Profile_Slice_13
1	579.029	579.029	532.339	519.531	532.322	539.212	528.647	522.137	515.509	511.333	530.037	531.390	532.390
2	550.877	550.877	529.570	530.316	540.881	536.953	531.451	527.744	513.867	533.960	545.104	536.034	524.159
3	554.154	554.154	519.971	517.218	541.663	533.975	530.085	521.471	529.256	531.588	535.856	530.518	525.688
4	548.586	548.586	512.699	517.106	517.136	527.968	518.249	525.244	519.385	528.672	531.655	542.474	516.910
5	540.074	540.074	519.778	522.207	536.214	516.616	529.830	523.771	537.414	512.353	531.466	541.187	528.225
6	540.400	540.400	508.735	526.839	535.541	524.939	524.566	538.091	523.809	514.372	538.899	537.821	534.180
7	544.947	544.947	507.852	521.946	526.061	526.600	530.928	524.072	524.658	525.767	540.066	533.791	527.979
8	541.097	541.097	505.361	506.355	515.912	529.774	524.401	522.548	519.417	520.310	527.461	529.770	532.007
9	547.458	547.458	514.628	506.839	527.603	523.841	525.989	539.385	524.579	528.207	534.658	527.874	537.529
10	545.051	545.051	514.859	516.963	518.199	509.332	523.895	527.058	522.045	528.932	528.724	527.633	536.830
11	543.380	543.380	518.148	510.266	519.295	528.857	525.833	535.987	520.845	514.073	525.468	532.602	515.342
12	541.017	541.017	501.453	503.976	508.904	526.547	521.127	531.448	521.232	526.360	530.227	516.875	528.156
13	546.181	546.181	505.668	509.997	502.742	523.629	510.823	517.267	519.178	512.979	522.985	518.430	530.241
14	534.027	534.027	514.241	517.030	508.054	514.441	524.042	524.271	527.524	516.517	525.974	514.372	534.159
15	534.640	534.640	492.393	513.461	516.480	515.895	516.603	531.370	522.895	534.236	518.855	515.220	528.642
16	531.377	531.377	513.189	516.287	512.987	520.911	512.416	524.888	536.839	537.169	517.823	517.884	519.351
17	525.440	525.440	505.909	506.552	508.143	531.578	526.545	515.448	528.541	526.653	520.160	512.107	508.503
18	533.430	533.430	512.731	516.476	510.750	535.305	520.455	527.561	527.995	522.869	512.929	516.211	507.230
19	530.796	530.796	509.147	530.552	520.312	538.084	528.276	536.377	513.969	516.919	517.389	524.054	517.792
20	536.837	536.837	503.959	523.125	513.808	527.750	528.137	522.705	523.113	524.065	522.006	515.200	518.652
21	545.869	545.869	517.590	520.032	518.590	519.739	533.567	514.001	515.302	520.666	519.210	520.588	519.539
22	549.479	549.479	515.094	512.794	513.256	521.624	532.701	526.428	511.105	516.532	523.682	517.492	507.806
23	537.755	537.755	496.449	511.869	511.222	531.707	530.938	524.170	514.517	523.255	513.362	508.394	515.019
24	535.673	535.673	503.784	517.153	522.554	539.293	522.319	528.195	513.642	526.815	513.528	511.755	506.461
25	540.859	540.859	507.484	517.021	511.838	527.145	511.257	516.586	516.490	522.068	526.004	522.463	510.223
26	531.086	531.086	512.324	507.940	514.026	529.402	524.225	518.162	514.711	517.443	526.564	523.658	516.261
27	518.262	518.262	510.607	516.897	516.456	523.924	517.701	515.916	514.208	508.933	520.513	516.655	510.160
28	519.573	519.573	505.804	520.438	509.714	522.683	517.224	513.244	521.075	516.245	526.687	507.053	499.775
29	523.797	523.797	516.528	511.055	498.082	531.542	532.443	508.540	515.555	517.393	524.505	519.913	517.832
30	519.274	519.274	507.850	507.586	524.789	524.956	527.533	517.089	521.412	526.426	521.305	515.615	513.791
31	522.629	522.629	510.487	511.143	503.642	516.732	516.966	516.864	521.373	519.244	521.556	520.371	510.056
32	536.286	536.286	514.728	512.933	511.978	519.708	522.009	516.433	507.536	525.763	513.156	528.626	506.934
33	532.083	532.083	512.186	519.097	520.148	519.524	524.529	517.887	524.477	511.343	520.539	512.158	507.359
34	524.045	524.045	516.933	508.838	523.191	524.324	518.975	505.960	511.669	521.121	506.595	521.414	500.303
35	531.256	531.256	517.249	511.229	521.444	519.091	513.273	522.784	514.197	532.151	515.454	514.362	505.773
36	533.090	533.090	521.572	506.051	514.164	520.481	527.658	528.656	522.915	519.797	519.422	521.398	498.909
37	527.554	527.554	517.948	516.109	514.665	525.624	525.794	525.151	510.170	516.366	518.403	517.045	488.272
38	526.468	526.468	499.498	512.210	511.055	516.665	524.965	512.892	518.592	506.349	506.308	515.987	487.590
39	543.166	543.166	499.904	516.315	513.987	519.686	512.658	519.267	511.151	504.030	495.548	508.800	499.853
40	533.591	533.591	497.644	503.633	521.239	509.449	521.407	509.099	507.094	514.619	500.290	504.183	506.543
41	528.319	528.319	505.583	509.603	528.016	509.700	517.993	513.035	507.359	523.351	500.769	502.515	502.546
42	535.385	535.385	512.143	513.474	517.626	507.436	512.065	519.662	502.428	509.461	502.613	509.287	507.506
43	530.961	530.961	507.663	502.334	521.315	511.922	508.378	511.232	501.256	513.058	504.925	506.325	500.472
44	531.538	531.538	507.785	506.479	517.244	523.448	517.115	498.765	509.314	510.110	510.370	508.787	501.161
45	534.744	534.744	495.540	510.178	524.605	514.860	520.475	499.747	504.706	508.284	500.768	509.422	500.716
46	516.347	516.347	504.704	512.845	520.473	510.935	508.224	514.606	504.737	503.973	495.447	498.599	491.599
47	506.954	506.954	505.147	515.132	524.304	504.494	508.357	504.025	505.538	504.210	489.119	500.193	495.695
48	514.545	514.545	498.197	515.183	515.994	500.262	512.066	507.282	503.619	502.297	489.072	507.075	500.725
49	518.526	518.526	503.380	512.095	510.905	510.141	522.579	507.259	498.114	514.414	498.527	509.704	497.483
50	518.520	518.520	502.968	507.287	509.134	517.213	506.075	508.686	503.676	511.584	505.785	506.239	506.919
51	507.477	507.477	493.161	503.410	511.319	505.432	502.352	510.724	505.598	508.034	491.292	501.946	494.475
52	520.327	520.327	493.282	507.264	503.092	509.304	514.948	509.500	509.649	505.750	502.817	514.021	498.082
53	514.482	514.482	497.042	488.856	494.997	516.237	516.448	502.545	497.368	504.856	502.098	510.305	508.015
54	525.491	525.491	502.983	489.331	518.873	514.162	507.650	505.120	497.760	508.440	495.676	506.440	500.819
55	515.584	515.584	487.964	489.073	511.160	509.375	501.497	495.030	502.474	517.144	497.291	502.835	493.173
56	507.024	507.024	491.462	503.202	494.903	506.955	517.496	489.186	494.859	510.788	509.656	506.941	503.005
57	511.863	511.863	486.857	498.211	498.656	500.671	505.363	503.700	504.153	507.971	505.103	508.000	489.923
58	518.600	518.600	486.399	492.531	502.691	503.713	506.632	506.474	509.246	501.727	507.815	496.084	486.956
59	520.019	520.019	493.792	490.694	500.701	504.371	499.520	511.630	504.256	512.013	504.101	499.245	490.851
60	507.594	507.594	504.030	485.498	496.489	495.309	509.125	495.240	499.166	494.317	507.886	500.223	489.151
61	504.566	504.566	490.125	490.154	489.723	503.130	513.569	502.846	500.610	508.339	497.138	508.454	494.283
62	510.894	510.894	480.497	498.855	496.303	511.755	505.210	507.146	506.198	515.756	490.839	509.209	492.100
63	497.423	497.423	472.906	499.966	502.089	509.242	498.757	508.719	509.667	507.385	490.677	501.734	494.552
64	497.350	497.350	489.476	489.826	487.357	489.888	503.313	500.071	517.234	487.344	504.200	492.320	496.476
65	509.428	509.428	493.071	493.929	485.714	494.584	495.766	491.710	501.913	499.967	499.767	495.053	494.809
66	488.953	488.953	480.844	487.303	480.262	496.716	502.076	489.990	503.062	493.880	495.232	488.193	493.164
67	497.752	497.752	472.923	481.558	482.765	491.640	493.944	501.899	498.275	491.313	502.129	492.017	497.127
68	501.188	501.188	488.381	483.471	485.920	501.055	506.161	497.733	506.166	492.624	501.560	494.391	491.969
69	507.378	507.378	481.370	489.029	483.092	500.684	489.458	498.139	492.694	492.588	500.106	499.022	492.384
70	498.783	498.783	478.073	490.904	486.167	489.854	499.347	502.919	490.929	501.300	509.224	499.650	496.976
71	498.932	498.932	479.345	485.176	492.574	486.497	511.125	498.258	498.014	502.582	493.094	494.245	496.314
72	495.880	495.880	478.200	476.907	484.807	494.963	500.221	496.625	493.533	507.080	503.602	502.441	497.417
73	500.442	500.442	494.102	493.761	489.851	498.667	494.212	510.838	509.106	496.494	501.624	505.432	497.163
74	500.855	500.855	503.203	497.976	488.513	493.847	499.313	510.880	501.359	503.627	497.840	509.898	487.127
75	512.857	512.857	500.636	499.786	505.229	505.233	505.912	499.389	502.626	513.739	497.005	490.392	502.067
76	510.033	510.033	484.922	485.365	481.673	499.587	506.934	488.201	511.785	505.971	495.296	495.406	492.190
77	507.729	507.729	490.915	490.018	486.148	501.762	492.242	504.003	510.466	489.188	503.048	501.570	495.840
78	501.107	501.107	496.838	495.375	507.692	491.258	494.770	503.148	493.231	501.519	495.567	497.140	479.619
79	498.148	498.148	484.202	498.137	483.313	498.207	487.076	499.313	499.903	502.681	490.573	504.042	498.458
80	502.107	502.107	480.040	496.174	483.118	483.897	489.442	505.171	492.544	495.635	490.259	491.997	499.976
81	508.688	508.688	483.504	501.469	499.741	493.372	499.291	498.134	487.667	490.723	485.437	486.984	482.321
82	503.866	503.866	494.089	488.415	486.918	494.047	503.964	505.190	487.089	489.784	475.529	494.646	485.021
83	504.708	504.708	487.869	494.065	498.550	488.881	492.189	507.443	489.846	495.699	488.954	495.837	479.681
84	508.038	508.038	482.604	500.292	493.412	488.653	487.143	494.575	498.141	495.744	491.675	479.553	489.828
85	497.274	497.274	487.097	495.272	485.645	493.944	487.067	485.192	491.847	489.922	491.595	473.393	489.441
86	494.462	494.462	495.679	493.185	503.133	504.680	487.986	503.372	495.915	495.765	489.803	491.615	488.071
87	497.670	497.670	485.915	499.323	495.572	496.045	493.066	495.991	505.840	488.127	482.356	497.817	488.157
88	510.719	510.719	486.165	502.865	491.523	476.658	481.137	485.920	485.675	483.456	475.041	487.419	480.101
89	511.819	511.819	487.267	506.473	488.738	484.208	494.521	505.308	487.386	480.498	485.606	492.947	487.795
90	496.745	496.745	502.586	499.173	492.499	499.662	482.780	492.888	487.394	484.376	489.074	488.764	489.514
91	498.032	498.032	490.651	501.433	492.349	486.618	484.574	490.891	489.952	482.277	487.866	490.503	473.367
92	507.819	507.819	495.125	509.146	491.544	497.008	493.681	482.131	488.026	494.029	477.086	476.495	474.710
93	488.288	488.288	493.422	495.689	487.153	492.844	487.058	482.203	486.920	486.183	481.680	478.025	481.564
94	498.204	498.204	487.022	494.058	486.625	485.021	487.074	472.791	490.009	483.823	479.604	477.748	483.970
95	510.059	510.059	482.049	489.397	496.452	486.841	477.607	473.360	487.105	478.081	482.313	489.720	482.613
96	507.518	507.518	491.229	496.586	487.751	484.886	475.253	480.066	491.298	483.836	485.243	487.721	483.331
97	501.191	501.191	499.778	475.572	482.430	477.342	489.172	479.221	487.662	476.140	473.628	475.809	476.745
98	496.860	496.860	499.738	492.731	483.189	469.051	487.878	484.422	489.185	481.460	481.130	480.632	475.269
99	491.150	491.150	495.653	492.073	497.797	484.272	489.449	482.740	473.856	480.745	490.893	490.204	471.692
100	494.233	494.233	477.552	484.668	492.030	486.759	477.892	480.992	481.980	473.683	486.205	482.983	465.501
101	496.901	496.901	475.703	485.654	496.218	485.603	487.384	487.225	478.272	484.012	471.462	467.901	465.595
102	484.886	484.886	470.970	496.894	491.218	488.346	489.169	491.474	488.559	488.587	468.070	473.225	479.911
103	484.836	484.836	476.955	490.348	485.088	479.075	484.302	491.582	487.611	480.828	477.327	464.413	477.123
104	460.338	460.338	461.807	474.970	481.105	477.669	467.343	482.400	486.797	479.442	469.776	466.966	472.460
105	476.935	476.935	458.361	481.591	484.865	491.543	478.887	488.987	488.555	483.525	481.730	483.378	469.266
106	473.906	473.906	471.953	480.485	483.827	499.724	484.509	473.139	482.572	486.602	478.544	471.380	474.592
107	472.810	472.810	478.874	490.004	482.562	485.002	487.184	478.827	490.060	480.617	478.728	468.297	480.617
108	478.533	478.533	485.335	474.508	474.538	479.985	489.489	477.474	494.626	480.080	482.867	480.596	482.644
109	494.744	494.744	475.359	476.456	470.830	480.591	476.210	472.054	492.634	484.024	484.285	474.325	480.290
110	498.294	498.294	472.569	481.828	473.927	486.899	478.440	494.942	485.795	475.997	488.325	474.020	484.730
111	482.044	482.044	472.461	486.885	463.437	476.206	483.942	501.663	487.646	472.064	477.631	474.725	470.444
112	477.256	477.256	480.518	479.680	474.383	482.195	489.615	489.858	489.561	487.413	479.951	480.545	484.402
113	488.062	488.062	487.231	475.080	477.886	487.287	491.483	484.466	486.302	484.315	482.655	485.999	492.951
114	485.767	485.767	482.307	489.119	477.195	476.253	498.022	493.724	483.704	482.992	483.398	469.150	489.622
115	469.182	469.182	470.014	490.371	476.816	490.760	489.606	490.699	481.918	490.029	494.077	475.987	483.173
116	491.078	491.078	485.685	485.725	478.049	484.199	491.784	486.421	492.834	486.445	490.601	478.270	479.844
117	489.936	489.936	493.676	486.091	481.015	484.234	489.689	496.119	499.637	477.134	482.313	479.040	483.294
118	490.386	490.386	496.727	477.972	478.416	486.739	488.424	490.729	491.985	480.503	483.125	477.783	481.880
119	496.420	496.420	482.123	483.114	474.147	474.858	492.389	487.154	484.530	485.130	472.761	482.932	481.692
120	504.348	504.348	485.290	486.086	480.831	475.234	497.751	481.516	495.359	485.666	491.883	477.556	494.795
121	500.262	500.262	474.545	481.594	486.369	483.661	492.561	493.422	503.790	490.791	481.099	492.458	496.496
122	500.358	500.358	468.511	483.375	476.018	482.996	493.710	489.595	494.212	493.687	479.175	495.763	493.852
123	497.954	497.954	480.301	485.417	469.889	475.839	481.112	491.895	485.401	488.526	481.721	481.866	488.610
124	503.298	503.298	477.418	486.001	482.571	478.816	493.313	477.212	486.696	488.730	476.243	501.821	482.899
125	484.925	484.925	487.025	481.445	488.302	482.761	488.741	483.250	486.915	487.574	482.669	498.123	491.942
126	501.608	501.608	474.785	493.075	487.927	486.745	488.442	490.782	491.184	486.750	478.232	499.933	489.354
127	494.345	494.345	483.221	490.984	492.110	477.802	489.322	498.554	498.053	481.155	495.538	501.341	482.184
128	490.128	490.128	479.789	487.890	498.830	474.655	488.646	488.940	500.506	488.347	484.175	501.730	482.583
129	496.543	496.543	479.366	491.593	498.036	475.151	491.989	500.988	502.674	493.512	488.385	502.540	492.107
130	497.485	497.485	478.520	493.190	494.846	478.113	498.162	496.983	491.978	499.109	498.031	504.519	492.977
131	500.696	500.696	476.917	489.133	498.760	495.424	501.454	501.372	480.633	492.298	502.025	493.506	501.538
132	504.123	504.123	489.069	486.304	486.015	496.051	495.969	491.743	491.954	495.832	504.071	497.236	505.895
133	489.566	489.566	481.782	482.882	489.025	493.657	486.142	489.523	498.847	489.197	493.553	500.686	499.803
134	474.350	474.350	468.969	487.870	486.315	482.695	488.201	489.646	494.535	491.712	500.927	502.093	503.021
135	481.871	481.871	471.174	484.873	484.289	492.553	484.516	508.339	491.696	499.080	501.341	500.969	497.703
136	486.211	486.211	478.871	488.505	482.744	499.768	490.862	492.335	500.560	505.164	495.044	508.784	498.207
137	489.923	489.923	481.917	488.834	490.550	495.395	502.994	496.560	504.129	498.214	502.126	499.488	491.062
138	488.657	488.657	486.847	487.594	484.671	494.860	489.484	503.069	502.323	497.702	498.116	500.388	507.937
139	479.251	479.251	479.455	481.253	495.263	482.688	483.373	493.942	496.058	486.774	493.453	500.426	507.571
140	479.567	479.567	488.534	488.953	489.664	491.564	487.166	493.979	509.387	506.818	507.412	498.918	510.513
141	482.891	482.891	481.541	500.583	485.385	495.519	488.356	500.946	503.263	500.544	497.054	492.265	505.976
142	476.700	476.700	487.459	505.194	488.436	500.285	493.122	494.135	494.406	511.926	483.819	508.938	492.181
143	480.803	480.803	491.641	486.540	495.763	492.626	496.512	504.319	490.970	508.709	498.161	511.977	514.311
144	481.053	481.053	498.897	500.049	492.836	487.808	499.442	506.511	504.765	505.082	487.860	505.521	485.341
145	479.589	479.589	486.984	498.891	483.561	483.356	497.710	507.616	496.667	500.655	484.790	497.642	482.486
146	480.024	480.024	493.312	490.018	481.647	483.154	495.280	509.431	493.226	497.595	486.243	500.336	493.476
147	481.673	481.673	487.552	487.248	490.529	467.723	486.724	502.140	499.105	500.344	487.072	507.763	483.647
148	489.504	489.504	486.364	480.811	489.488	482.046	494.471	502.725	496.104	489.155	483.609	489.602	497.298
149	477.332	477.332	481.457	486.225	489.867	484.497	500.566	498.626	493.021	486.867	486.446	496.893	490.123
150	474.368	474.368	487.052	481.167	475.980	492.083	501.254	507.447	500.648	496.056	495.312	482.665	500.860
151	481.890	481.890	473.240	488.801	476.351	493.310	499.296	504.581	506.003	492.606	494.076	486.733	500.607
152	484.551	484.551	481.490	479.098	481.958	491.193	499.011	502.486	502.251	486.619	474.598	489.207	497.494
153	476.444	476.444	486.272	479.195	486.827	495.778	497.931	509.005	516.899	500.144	489.073	490.389	496.402
154	469.955	469.955	470.939	487.525	487.254	488.386	492.483	503.445	513.558	497.746	492.571	497.067	491.238
155	479.387	479.387	481.856	486.680	476.020	484.300	515.922	498.274	503.352	510.552	500.966	485.956	479.731
156	482.495	482.495	487.385	494.498	476.737	495.601	505.997	496.558	503.282	493.414	483.128	481.190	482.720
157	481.315	481.315	491.703	507.592	498.919	495.390	498.808	506.624	501.953	493.313	485.359	490.397	486.632
158	488.892	488.892	486.688	495.424	506.507	495.654	513.848	507.556	515.438	502.759	487.801	484.658	471.986
159	480.839	480.839	486.683	511.028	507.193	503.095	498.572	499.617	511.638	500.703	501.388	478.795	483.525
160	487.408	487.408	490.627	513.896	510.173	505.775	511.536	486.603	501.657	500.436	497.146	469.437	479.954
161	495.883	495.883	489.762	504.430	526.551	510.284	503.058	488.086	508.068	493.710	493.997	479.423	484.738
162	505.632	505.632	498.329	517.486	518.498	508.389	495.526	494.634	510.060	499.918	479.741	481.535	486.105
163	505.609	505.609	496.630	508.052	509.965	503.463	501.408	487.273	502.423	489.688	479.008	479.722	475.663
164	500.268	500.268	488.514	520.725	511.454	526.058	499.524	497.907	505.762	485.717	480.759	462.523	482.894
165	504.103	504.103	502.458	507.659	514.803	519.201	502.817	485.732	510.013	492.747	473.848	473.074	479.536
166	511.427	511.427	496.431	514.836	508.744	518.926	493.874	480.383	506.309	502.193	477.324	466.382	473.020
167	499.121	499.121	499.004	514.615	514.643	502.384	497.492	478.505	497.592	495.569	485.838	463.008	475.906
168	496.570	496.570	504.512	512.754	512.859	494.155	506.541	484.027	507.940	488.063	484.960	462.975	473.684
169	517.372	517.372	505.504	514.959	510.423	496.095	491.680	485.363	499.895	480.150	472.274	461.960	470.118
170	522.644	522.644	497.224	517.243	497.719	499.374	499.376	486.573	494.279	487.571	471.165	470.131	473.672
171	508.619	508.619	492.234	508.604	497.449	503.551	477.431	473.391	499.336	484.722	463.583	464.575	472.047
172	515.921	515.921	511.858	502.260	495.832	510.129	483.920	479.193	495.053	485.433	477.620	465.327	471.971
173	505.699	505.699	511.894	495.083	502.795	496.146	486.571	473.021	475.528	493.158	466.270	452.418	464.602
174	510.106	510.106	508.509	494.567	503.490	485.965	481.037	480.189	473.825	480.037	462.202	455.698	465.915
175	504.916	504.916	502.824	499.309	499.799	478.198	478.824	473.069	477.093	470.839	467.348	461.471	468.512
176	502.294	502.294	485.148	495.249	480.399	483.983	480.154	465.443	482.377	466.413	456.693	474.258	463.276
177	494.041	494.041	490.823	495.351	483.439	477.405	466.866	470.559	477.837	463.707	462.564	463.122	459.021
178	508.235	508.235	479.299	489.679	487.594	470.033	459.554	466.828	458.543	456.207	457.343	455.760	454.098
179	485.018	485.018	480.589	486.427	476.562	477.344	466.719	460.675	463.501	463.977	465.126	462.922	450.780
180	478.532	478.532	467.149	485.119	472.290	469.420	460.565	459.186	468.899	468.186	452.563	451.610	458.130
181	481.319	481.319	475.470	480.802	473.814	478.841	464.263	460.484	475.205	462.342	459.618	465.586	463.891
182	471.496	471.496	475.945	477.835	484.059	477.687	451.680	467.861	465.251	455.858	465.453	461.809	453.020
183	479.875	479.875	476.658	472.853	470.837	469.953	459.089	452.839	466.353	467.342	459.723	453.450	456.290
184	479.405	479.405	482.889	467.686	478.821	460.511	461.578	467.226	472.660	468.368	454.737	465.039	454.626
185	480.269	480.269	464.447	469.124	464.730	456.708	471.210	461.388	467.910	473.648	452.441	470.499	453.925
186	467.561	467.561	465.451	461.359	461.294	458.685	461.337	449.670	463.686	466.294	447.959	454.426	443.226
187	465.955	465.955	469.596	461.975	462.608	459.840	459.759	458.814	458.436	470.529	457.545	459.703	447.666
188	475.275	475.275	469.141	459.880	453.087	462.109	459.738	467.118	461.075	462.098	456.417	462.836	463.215
189	466.362	466.362	468.570	455.233	458.592	469.327	459.048	466.174	461.440	464.104	461.906	472.967	454.028
190	452.228	452.228	458.332	454.557	453.447	466.632	456.903	461.681	470.217	462.971	457.806	455.800	459.821
191	463.599	463.599	458.352	463.976	454.099	462.978	455.287	471.160	468.392	456.984	478.917	453.681	455.768
192	469.026	469.026	457.423	455.895	456.829	464.585	461.888	456.304	467.670	460.095	453.036	452.936	458.836
193	463.568	463.568	459.734	460.800	448.299	460.929	457.768	469.651	473.044	469.899	469.223	471.013	463.954
194	463.442	463.442	452.631	460.105	446.498	456.150	466.363	465.935	469.777	458.671	458.303	473.287	461.417
195	451.669	451.669	441.818	458.802	455.921	456.801	470.432	463.017	468.922	457.098	458.630	451.329	478.080
196	455.050	455.050	459.341	451.561	451.615	455.029	455.778	458.386	470.896	456.514	470.202	454.075	461.296
197	458.214	458.214	451.784	459.757	450.129	443.990	456.092	461.455	476.557	465.984	476.028	452.563	458.156
198	451.901	451.901	449.797	454.686	444.776	463.886	468.407	471.917	476.194	466.129	475.049	460.664	461.341
199	442.922	442.922	447.722	458.492	456.104	461.714	472.603	461.288	467.354	466.254	462.103	458.732	459.974
200	457.199	457.199	438.286	453.602	453.151	458.770	467.218	459.556	470.052	464.483	471.617	456.397	458.426
201	454.746	454.746	445.150	459.472	451.999	457.672	460.757	454.712	475.759	473.781	464.391	467.780	459.044
202	455.378	455.378	447.089	457.775	469.566	459.850	467.465	459.477	460.239	460.711	458.436	451.370	457.794
203	459.343	459.343	453.830	455.383	462.809	462.078	458.244	461.869	478.266	470.615	468.016	454.909	462.355
204	463.361	463.361	453.734	453.328	463.460	456.001	459.973	470.509	465.859	467.596	455.097	471.198	466.057
205	462.886	462.886	452.717	455.080	470.607	458.062	461.607	471.313	457.728	472.147	449.248	458.870	458.530
206	448.890	448.890	446.251	460.465	457.836	455.395	459.386	461.027	457.248	457.684	451.185	461.584	464.361
207	463.606	463.606	446.099	453.645	458.583	463.222	458.669	464.234	454.281	456.967	452.993	455.097	454.256
208	467.544	467.544	442.507	457.358	458.999	462.360	467.152	465.640	474.268	465.927	455.597	451.424	451.706
209	463.449	463.449	453.335	464.463	463.114	466.713	463.510	463.271	458.261	467.360	453.144	457.909	453.972
210	463.032	463.032	454.024	473.153	464.656	455.367	465.228	470.488	463.099	456.811	453.634	452.115	458.943
211	460.804	460.804	452.799	463.444	458.659	455.218	460.900	456.022	459.058	453.304	455.416	456.540	458.852
212	463.911	463.911	452.955	461.593	457.410	450.747	464.620	461.949	465.768	456.521	450.838	448.568	452.620
213	456.666	456.666	451.815	462.410	457.977	459.189	455.165	452.529	468.222	463.574	451.204	456.377	461.406
214	458.827	458.827	452.538	450.980	455.395	461.996	459.122	453.355	458.234	458.735	451.264	462.319	462.612
215	445.903	445.903	443.063	459.400	458.965	450.697	456.319	466.469	449.517	456.983	452.599	451.011	456.291
216	455.921	455.921	447.684	463.779	449.725	450.186	460.530	464.587	449.254	456.758	462.292	459.654	452.941
217	464.327	464.327	446.606	457.851	456.536	462.931	453.376	449.928	457.814	458.614	449.961	459.980	445.147
218	447.711	447.711	449.775	453.078	458.612	452.232	449.248	455.108	460.980	453.988	453.699	459.918	444.022
219	450.537	450.537	447.499	461.884	447.659	452.645	451.660	452.525	454.913	456.919	452.705	454.141	449.109
220	458.298	458.298	448.258	455.756	447.760	460.732	449.039	450.990	453.839	457.874	448.998	445.744	467.209
221	452.949	452.949	438.204	453.375	459.291	452.617	449.726	457.345	454.369	457.469	450.219	449.275	453.446
222	459.899	459.899	451.240	459.065	453.622	453.136	446.464	462.086	451.638	456.160	455.691	456.048	456.233
223	460.493	460.493	454.750	450.845	448.332	453.326	458.574	459.659	457.944	463.302	452.377	451.463	448.003
224	453.328	453.328	437.623	460.409	453.767	447.798	459.421	464.901	458.024	466.433	456.785	445.949	449.109
225	452.859	452.859	443.391	444.203	456.628	464.933	454.207	454.801	459.284	462.007	445.489	439.217	453.495
226	455.934	455.934	440.095	454.499	463.834	444.323	449.017	459.693	453.482	460.245	452.348	442.693	455.240
227	446.779	446.779	442.875	451.192	455.367	451.567	450.819	456.715	454.396	458.007	453.716	445.321	442.976
228	448.433	448.433	450.804	449.996	464.404	453.815	461.738	459.196	450.410	453.063	454.383	447.339	453.230
229	448.811	448.811	452.101	448.876	460.287	451.690	463.157	454.361	457.514	458.150	450.188	457.033	452.968
230	446.380	446.380	451.449	446.050	461.098	451.925	456.117	460.745	454.924	456.766	451.726	456.652	460.786
231	455.287	455.287	444.708	447.940	446.758	447.688	460.121	451.917	454.223	463.876	444.054	459.786	452.378
232	448.413	448.413	441.831	456.777	455.259	454.094	458.027	452.491	468.652	456.919	457.940	444.801	456.390
233	457.464	457.464	451.036	451.680	449.047	444.343	452.721	460.068	455.370	450.406	460.291	438.898	455.290
234	447.611	447.611	445.837	453.136	453.362	450.387	456.877	455.524	454.432	453.461	454.879	454.178	448.950
235	447.947	447.947	451.515	446.402	444.983	458.680	452.152	467.910	456.896	459.383	454.105	451.761	446.925
236	458.541	458.541	436.573	447.347	446.714	448.242	451.816	457.041	462.717	464.779	455.405	451.943	446.274
237	455.193	455.193	448.081	445.687	443.751	443.958	453.197	452.650	467.504	451.306	458.909	459.824	451.812
238	446.281	446.281	452.560	455.397	441.712	450.118	447.234	448.723	457.780	459.013	452.585	457.465	456.078
239	447.997	447.997	443.120	456.167	445.688	447.342	458.651	451.539	459.253	461.778	445.379	448.343	444.070
240	462.815	462.815	436.676	436.829	457.463	451.098	456.287	450.805	460.156	445.767	451.484	451.920	447.070
241	456.274	456.274	441.937	440.992	453.029	449.544	448.363	447.092	459.550	453.317	453.149	453.011	451.405
242	445.641	445.641	446.896	446.438	443.573	450.590	451.808	452.736	452.027	447.756	450.731	456.841	444.378
243	437.799	437.799	459.158	447.137	451.841	455.670	450.660	447.808	464.275	453.253	452.626	458.447	459.602
244	448.608	448.608	455.990	447.873	458.550	457.865	455.466	437.968	457.680	447.139	448.674	449.039	455.689
245	451.898	451.898	443.322	437.641	452.567	444.736	456.006	444.314	458.333	450.154	451.227	452.300	448.948
246	447.780	447.780	433.074	446.773	449.833	443.306	452.795	459.715	450.521	453.568	460.801	443.370	455.382
247	441.331	441.331	431.714	455.148	455.101	441.972	453.358	455.903	447.910	454.967	448.390	448.381	446.705
248	453.981	453.981	441.252	443.209	447.968	452.155	462.377	449.501	459.460	447.656	453.887	444.245	449.529
249	438.143	438.143	436.245	452.908	453.566	460.911	457.856	452.991	456.251	453.813	446.825	440.128	451.434
250	445.431	445.431	445.931	450.232	445.070	459.611	445.337	449.541	449.322	455.574	452.820	448.984	448.575
251	439.232	439.232	439.800	451.828	438.860	455.156	444.782	444.240	447.345	444.838	455.068	442.905	452.110
252	453.141	453.141	432.282	432.544	435.511	449.197	444.782	456.175	454.023	446.020	453.836	438.761	446.836
253	450.413	450.413	440.417	448.071	444.303	455.703	458.194	458.651	455.110	450.512	446.448	445.787	437.170
254	449.733	449.733	432.956	441.131	451.099	460.163	451.553	444.921	449.378	446.155	450.618	455.071	443.653
255	445.832	445.832	432.214	445.058	446.632	445.213	465.605	455.065	451.677	450.421	456.739	443.795	444.922
256	435.622	435.622	436.241	447.794	442.107	444.396	455.182	440.473	440.894	466.795	448.826	447.511	445.841
257	442.038	442.038	435.394	441.594	441.863	439.870	452.436	438.406	444.269	451.985	450.191	458.753	445.821
258	438.171	438.171	438.362	444.906	441.068	437.171	440.975	445.275	447.870	446.217	446.262	453.857	448.528
259	444.975	444.975	439.074	455.628	446.835	442.402	438.226	450.785	446.096	442.570	440.931	439.807	453.150
260	450.220	450.220	442.739	446.761	445.939	437.771	455.719	434.897	444.569	452.558	439.458	438.644	440.462
261	451.494	451.494	447.042	443.475	453.904	445.701	451.418	448.489	453.048	456.183	455.762	443.146	444.022
262	455.984	455.984	440.723	449.470	436.429	444.870	433.986	446.283	452.713	445.124	447.223	441.388	438.096
263	454.174	454.174	438.493	444.000	435.890	446.470	438.568	440.546	453.159	453.654	451.757	453.581	439.005
264	448.167	448.167	439.790	445.807	439.010	450.739	448.945	452.209	446.067	457.358	446.818	445.363	443.542
265	451.291	451.291	440.848	441.767	454.777	445.152	452.116	445.279	431.918	440.723	440.421	448.991	446.583
266	441.157	441.157	429.856	441.291	441.304	436.898	439.925	453.740	453.284	450.568	437.425	449.270	445.088
267	439.125	439.125	434.168	428.897	443.860	443.076	439.637	443.526	443.109	457.504	438.373	444.412	435.830
268	438.683	438.683	442.381	444.434	446.468	446.428	460.088	442.962	447.899	447.925	448.687	451.813	443.394
269	436.606	436.606	434.140	439.254	449.163	450.059	437.085	448.973	448.776	448.183	438.550	445.110	434.691
270	437.416	437.416	437.739	441.977	431.291	448.085	444.830	447.114	445.316	453.173	444.589	444.750	443.129
271	433.703	433.703	438.272	439.536	441.099	444.193	455.741	442.458	446.596	445.020	449.619	451.564	438.197
272	432.977	432.977	440.045	442.429	447.693	438.462	441.505	447.976	448.936	456.526	453.427	449.022	440.240
273	440.500	440.500	430.420	434.073	434.132	444.700	441.015	444.736	456.692	452.216	448.990	447.734	436.161
274	440.947	440.947	435.410	447.286	448.726	436.558	432.817	440.418	449.730	448.461	437.945	441.779	445.582
275	431.225	431.225	437.382	441.072	441.900	440.705	445.976	438.803	445.591	446.185	449.497	443.102	449.496
276	437.070	437.070	433.780	440.645	445.552	449.910	441.353	443.633	443.129	442.618	448.950	448.177	441.636
277	432.984	432.984	444.098	448.212	442.134	443.260	452.041	443.851	444.042	437.509	445.992	442.741	439.581
278	435.238	435.238	438.596	444.258	439.812	438.031	453.495	441.722	449.349	439.342	450.553	446.370	448.102
279	437.507	437.507	441.751	432.781	451.581	440.159	444.291	436.933	447.087	446.374	443.539	436.274	436.707
280	437.902	437.902	432.437	436.397	443.016	443.518	445.355	443.750	443.901	450.705	448.618	440.008	442.780
281	433.451	433.451	436.860	435.164	447.519	446.327	452.088	451.867	443.239	458.377	448.018	447.925	440.417
282	432.374	432.374	434.222	442.632	435.211	437.735	447.543	433.985	446.908	450.633	450.186	437.257	447.641
283	435.649	435.649	439.056	435.425	444.680	449.779	448.346	442.850	447.088	446.808	450.329	448.957	440.781
284	437.477	437.477	443.332	440.692	435.966	443.288	439.781	439.410	443.546	452.071	438.624	443.026	449.119
285	433.804	433.804	433.200	444.046	452.092	454.318	441.734	454.378	443.868	457.436	431.202	441.202	439.276
286	438.491	438.491	445.035	449.797	450.353	450.599	446.201	452.457	449.986	452.623	431.661	445.108	443.316
287	433.806	433.806	434.582	461.248	445.038	441.473	447.308	449.199	445.299	457.943	441.899	447.790	441.409
288	433.877	433.877	443.992	438.910	451.299	440.531	439.905	441.634	448.261	449.098	440.700	442.442	435.637
289	433.824	433.824	442.502	429.348	442.001	444.117	447.717	447.194	448.737	445.566	445.712	446.388	446.450
290	443.646	443.646	432.390	432.545	442.601	430.915	438.196	446.703	449.938	441.046	442.763	449.243	447.761
291	450.675	450.675	440.404	433.554	429.612	438.999	436.480	447.668	437.519	441.297	445.939	442.444	433.638
292	439.658	439.658	448.552	427.468	431.872	447.189	450.639	442.941	451.098	454.098	434.005	445.624	437.654
293	442.895	442.895	433.018	436.421	436.650	437.619	450.252	449.625	438.713	448.363	449.718	441.706	433.990
294	446.044	446.044	436.978	432.380	454.670	442.623	445.113	445.792	439.580	443.457	446.130	445.386	442.959
295	445.448	445.448	436.049	433.479	447.622	447.240	449.988	452.010	442.908	457.514	440.341	447.645	449.865
296	441.968	441.968	436.073	445.504	440.934	447.675	446.536	440.645	440.957	448.902	447.661	436.732	447.741
297	450.310	450.310	434.970	444.178	435.619	450.367	450.587	446.527	440.456	450.067	449.614	447.543	439.219
298	446.479	446.479	439.076	444.794	436.769	446.654	443.706	451.991	450.879	446.211	441.018	450.568	431.291
299	444.055	444.055	437.360	449.031	440.604	447.886	446.936	442.254	447.728	444.368	438.882	450.563	442.448
300	438.550	438.550	441.838	435.512	439.395	440.634	449.343	448.286	457.043	448.819	449.074	450.364	444.166
301	443.874	443.874	435.565	441.900	445.956	442.713	461.631	448.750	455.024	451.340	441.599	440.657	445.792
302	433.899	433.899	439.769	443.734	448.290	437.050	446.083	448.463	443.976	444.797	441.094	434.930	443.709
303	441.874	441.874	433.762	434.311	435.297	434.806	432.341	443.590	457.259	455.474	438.716	431.986	440.272
304	431.967	431.967	422.463	434.986	437.767	433.488	448.871	450.032	436.392	454.987	430.623	442.297	435.827
305	445.664	445.664	436.509	438.448	445.620	443.896	463.081	449.612	442.567	447.743	444.499	440.099	445.330
306	430.260	430.260	433.082	436.351	450.782	441.126	441.964	446.045	441.761	445.774	445.763	428.373	444.232
307	431.352	431.352	436.396	429.113	445.371	442.702	435.806	442.579	447.758	450.985	453.354	437.042	449.822
308	438.177	438.177	431.476	435.798	424.919	437.175	433.105	445.183	443.245	448.144	451.784	444.435	448.385
309	436.039	436.039	436.918	437.836	443.478	439.622	442.314	435.539	449.109	443.062	449.791	443.427	435.026
310	441.160	441.160	430.875	443.316	438.729	441.134	436.028	437.473	440.714	450.064	436.840	433.684	445.928
311	434.557	434.557	427.349	448.562	441.773	436.312	447.197	443.469	443.771	448.403	438.224	442.896	444.467
312	430.762	430.762	417.835	447.225	443.230	433.917	439.772	436.376	446.036	443.303	448.126	444.700	439.830
313	434.993	434.993	432.702	439.535	430.205	437.639	452.011	439.922	441.611	447.830	440.493	450.294	425.383
314	434.579	434.579	426.258	445.092	439.914	442.832	442.221	439.575	452.318	437.161	446.878	444.045	430.544
315	438.243	438.243	427.117	435.468	448.866	443.088	432.761	436.256	446.196	440.722	441.942	430.735	438.731
316	433.714	433.714	429.713	444.913	445.475	436.476	444.346	438.975	439.684	446.412	438.041	437.706	439.507
317	423.632	423.632	437.747	437.357	437.927	440.925	445.799	437.700	439.841	441.262	436.630	439.666	428.637
318	433.697	433.697	429.199	433.716	428.925	441.448	437.050	445.741	439.321	448.768	440.771	446.819	436.589
319	430.528	430.528	420.956	433.682	429.888	445.946	432.392	442.215	436.231	448.930	435.497	441.543	433.040
320	429.711	429.711	428.833	429.243	431.818	439.986	439.457	442.549	442.985	449.196	448.966	442.466	437.753
321	430.387	430.387	429.133	432.783	430.805	432.354	443.420	452.552	440.851	439.687	451.553	437.715	443.846
322	424.751	424.751	427.435	443.881	436.386	447.391	437.159	450.659	444.133	428.191	444.401	441.314	439.529
323	429.956	429.956	436.683	438.225	435.895	439.545	442.821	439.930	435.406	447.410	444.128	440.965	444.616
324	430.647	430.647	442.822	433.899	426.831	436.635	434.501	438.045	429.791	455.320	446.857	430.912	433.772
325	430.829	430.829	435.952	433.235	436.016	439.384	432.309	442.917	439.363	457.418	447.508	439.912	446.393
326	439.721	439.721	443.015	437.405	438.238	438.760	443.807	446.858	439.263	454.457	444.683	435.828	436.974
327	432.328	432.328	434.477	431.726	436.392	436.311	448.192	437.328	448.583	438.818	441.518	435.663	440.846
328	444.716	444.716	432.829	435.201	439.248	433.274	451.046	425.422	444.114	440.969	433.393	436.989	443.978
329	443.203	443.203	429.912	444.172	430.721	433.098	441.741	438.870	437.835	439.331	440.258	433.741	436.945
330	427.920	427.920	432.652	444.141	434.479	432.785	447.384	429.714	431.435	440.707	436.438	435.772	443.929
331	425.606	425.606	427.403	442.078	443.259	434.810	439.899	452.838	435.617	442.029	439.643	439.671	439.662
332	437.388	437.388	426.101	452.472	438.835	442.490	433.225	432.504	445.376	442.808	441.765	435.929	447.620
333	428.041	428.041	439.117	443.051	434.025	444.818	447.631	441.403	444.378	441.863	430.850	428.726	432.411
334	442.867	442.867	438.829	437.295	432.081	442.477	439.227	435.606	449.076	448.585	439.548	452.402	437.969
335	435.570	435.570	444.407	443.640	429.453	443.815	436.570	440.564	456.071	444.735	444.406	449.010	439.369
336	436.959	436.959	438.109	437.633	432.340	436.136	433.512	446.026	442.887	442.512	438.872	442.905	455.397
337	428.260	428.260	428.866	437.357	433.301	446.999	441.150	450.100	442.941	455.136	439.760	440.802	442.887
338	430.882	430.882	428.934	433.533	432.645	431.089	433.510	437.360	439.518	445.451	443.584	431.029	433.587
339	437.158	437.158	432.525	438.255	447.734	444.720	437.389	439.562	437.091	447.917	435.199	437.760	434.248
340	433.822	433.822	429.549	440.220	432.709	434.419	435.498	437.368	448.848	439.526	434.792	444.094	434.456
341	435.524	435.524	425.125	433.260	436.238	424.962	432.988	434.386	444.076	444.113	441.694	438.057	435.076
342	434.544	434.544	441.410	436.859	440.023	435.877	436.419	442.135	448.221	453.404	440.854	441.124	437.567
343	428.702	428.702	433.460	431.456	438.530	429.131	435.420	429.263	440.274	444.287	436.004	431.379	433.548
344	423.101	423.101	437.166	436.936	445.260	434.807	439.458	439.386	443.575	441.331	436.988	440.649	435.597
345	434.379	434.379	430.875	441.489	442.792	439.745	439.954	441.656	439.516	437.257	438.788	435.240	435.696
346	438.581	438.581	423.541	437.682	443.016	431.210	441.784	449.334	442.435	445.557	442.193	433.766	439.434
347	432.336	432.336	431.405	446.939	444.426	437.676	446.263	443.221	449.970	450.835	446.720	433.749	435.807
348	441.597	441.597	424.039	432.601	445.242	435.946	443.034	448.396	440.596	435.511	450.160	428.361	424.662
349	427.362	427.362	425.845	435.596	444.564	429.768	443.141	444.122	444.374	446.915	438.682	425.761	441.780
350	435.246	435.246	414.098	432.420	430.803	429.348	444.889	445.803	437.779	458.617	431.056	432.211	437.097
351	423.100	423.100	427.669	434.915	427.469	430.601	441.659	452.617	438.673	445.057	445.893	432.530	439.966
352	438.303	438.303	436.887	429.913	442.160	440.824	433.650	442.728	446.819	439.587	434.088	441.061	441.212
353	432.584	432.584	429.337	435.150	440.868	440.045	435.084	440.354	439.402	438.366	434.101	424.785	437.513
354	435.553	435.553	419.575	434.412	437.883	439.269	435.685	439.543	441.579	434.576	436.398	437.831	424.979
355	435.235	435.235	438.014	444.090	428.562	433.891	433.964	427.706	436.277	437.935	443.072	435.518	430.724
356	428.631	428.631	418.142	439.021	433.647	439.715	443.372	438.788	437.318	430.880	458.501	439.754	434.874
357	436.796	436.796	422.901	429.429	434.894	425.429	435.490	441.480	438.100	434.399	440.422	427.827	429.080
358	435.079	435.079	436.747	441.872	430.116	428.635	441.105	436.586	446.373	437.812	450.532	436.988	422.410
359	428.650	428.650	420.053	438.327	438.938	432.248	433.618	441.530	443.382	436.345	434.904	440.142	437.068
360	429.613	429.613	421.507	439.739	436.667	434.987	428.659	444.492	437.321	452.842	434.245	440.046	437.439
361	430.268	430.268	437.475	429.058	436.124	437.552	436.962	433.299	436.133	431.963	437.059	432.595	436.795
362	432.665	432.665	436.640	440.001	436.157	431.712	445.750	445.259	444.985	426.845	440.228	440.490	445.790
363	424.702	424.702	428.756	440.535	435.519	424.244	426.119	434.576	441.557	437.200	434.494	431.907	431.603
364	427.496	427.496	418.171	425.812	443.270	434.041	426.683	442.625	426.311	447.218	437.185	432.922	436.505
365	427.420	427.420	428.185	436.936	424.868	434.791	431.880	427.611	440.053	438.772	438.462	433.290	439.799
366	424.990	424.990	416.680	445.434	437.317	443.311	437.186	428.964	441.751	436.141	436.439	435.445	432.901
367	428.040	428.040	417.171	432.783	435.255	436.027	435.854	431.859	441.779	433.398	432.941	440.323	431.532
368	427.037	427.037	422.546	431.964	441.426	435.593	448.750	432.958	440.259	431.870	430.982	425.706	436.055
369	432.106	432.106	433.033	429.036	441.213	437.731	436.150	441.554	442.713	453.305	444.101	430.349	434.338
370	427.724	427.724	436.704	439.626	431.031	446.940	441.962	447.441	432.402	438.478	451.406	437.458	434.039
371	440.170	440.170	434.258	423.538	432.127	440.838	435.494	434.672	441.180	439.231	435.392	440.922	442.693
372	432.593	432.593	431.822	424.932	444.549	436.170	435.923	432.374	444.404	442.803	432.777	437.355	438.088
373	428.481	428.481	430.319	428.840	440.943	431.380	431.558	430.997	439.647	433.087	434.203	437.032	435.039
374	433.028	433.028	426.487	434.831	437.285	433.088	445.047	441.723	443.884	442.601	431.906	437.145	437.723
375	428.668	428.668	425.575	438.059	433.874	429.392	439.351	440.694	431.763	444.084	434.870	425.884	437.713
376	434.688	434.688	428.453	444.784	431.808	433.187	438.141	449.301	442.492	434.330	433.266	433.885	435.954
377	419.528	419.528	416.925	425.850	434.689	444.996	438.392	434.777	434.526	432.841	429.874	425.479	435.838
378	421.968	421.968	426.222	427.973	453.091	445.375	436.666	441.687	433.908	446.091	431.235	427.305	438.302
379	432.973	432.973	431.585	433.589	438.234	430.599	438.997	430.549	443.582	438.390	445.464	438.365	436.889
380	425.454	425.454	434.182	422.728	430.985	434.551	440.507	424.331	433.246	443.840	442.972	434.065	435.084
381	421.927	421.927	422.917	423.425	435.359	429.192	429.313	432.463	437.741	446.445	439.455	426.978	433.034
382	418.949	418.949	420.816	436.540	431.379	426.829	426.166	443.432	443.789	447.357	432.119	430.167	427.113
383	431.245	431.245	429.856	424.275	432.908	440.327	435.352	449.113	442.599	445.384	442.037	443.767	421.342
384	439.681	439.681	423.218	429.849	438.707	437.505	442.969	452.761	440.610	438.041	446.617	437.246	426.969
385	436.733	436.733	433.125	430.850	442.490	437.516	446.748	435.093	437.670	427.459	425.296	445.107	428.101
386	416.658	416.658	426.858	429.072	424.064	428.331	440.424	440.408	433.514	433.381	431.221	438.241	434.382
387	421.326	421.326	425.130	437.603	443.028	433.915	441.868	445.765	438.427	439.815	434.100	434.511	427.049
388	417.493	417.493	430.763	431.305	430.452	435.669	431.994	429.678	446.420	434.222	429.368	429.719	431.909
389	414.410	414.410	418.818	428.659	431.058	429.628	436.193	438.769	441.359	438.667	422.673	432.163	428.923
390	428.283	428.283	413.604	424.130	429.946	434.661	441.902	444.291	438.383	439.581	431.491	428.639	425.457
391	423.908	423.908	421.713	430.275	429.169	439.875	437.996	430.962	436.475	445.246	431.041	435.470	423.843
392	428.884	428.884	424.448	417.885	429.696	438.357	430.589	427.862	442.908	439.992	435.653	434.996	425.265
393	424.419	424.419	427.638	427.284	432.806	427.354	433.578	430.083	438.208	446.536	437.536	428.062	426.129
394	431.003	431.003	423.338	435.803	431.737	435.941	431.137	426.277	441.664	444.738	434.530	437.527	437.236
