 	Profile_Slice_1	Profile_Slice_2	Profile_Slice_3	Profile_Slice_4	Profile_Slice_5	Profile_Slice_6	Profile_Slice_7	Profile_Slice_8	Profile_Slice_9	Profile_Slice_10	Profile_Slice_11
1	212.698	226.763	221.246	223.096	217.430	212.752	218.173	215.740	216.803	223.315	213.011
2	219.869	232.463	225.027	221.614	218.057	213.001	220.137	219.182	220.280	214.154	217.892
3	209.930	234.893	226.331	216.050	219.864	213.577	215.290	219.999	221.407	223.788	211.571
4	213.348	231.251	224.672	219.026	224.673	213.536	219.076	216.598	212.075	217.592	213.960
5	216.986	226.025	224.250	223.902	220.627	221.851	230.682	224.861	224.094	221.963	213.793
6	217.971	229.598	214.988	222.352	214.417	216.543	229.959	215.358	223.031	221.684	214.833
7	219.789	230.735	217.470	222.910	215.343	219.884	210.232	223.606	218.901	221.197	219.245
8	221.618	227.792	231.556	223.825	220.584	219.215	215.182	228.602	224.531	223.468	222.740
9	218.659	236.021	234.118	223.499	224.594	222.311	224.685	228.604	224.093	226.261	215.238
10	211.106	244.580	237.120	224.718	222.750	216.666	227.365	232.380	230.606	217.057	219.445
11	214.478	234.878	231.589	224.749	220.279	222.481	222.690	230.814	233.068	217.649	225.957
12	216.573	248.640	219.306	223.465	227.821	226.390	231.851	228.078	232.411	217.548	220.010
13	224.844	239.781	228.397	224.872	227.481	227.379	220.918	226.464	232.816	223.627	216.849
14	230.588	242.229	236.253	231.104	223.376	224.524	218.780	219.009	231.734	223.630	229.021
15	225.381	236.742	231.712	234.583	225.536	224.755	229.427	223.624	232.694	219.585	227.988
16	219.817	243.111	229.654	230.218	226.477	230.581	230.582	230.218	220.240	233.037	227.358
17	224.118	241.838	236.936	234.058	225.051	227.701	240.589	234.480	230.963	233.356	226.572
18	222.919	237.848	227.243	220.806	228.801	225.604	229.828	233.522	224.943	234.310	229.876
19	226.168	248.213	236.380	225.273	232.040	229.549	238.998	236.314	229.752	225.749	233.992
20	229.580	242.737	230.125	226.742	226.010	232.225	239.944	233.899	231.632	226.849	230.521
21	227.154	242.858	233.832	231.788	228.600	235.774	240.309	242.903	233.415	232.415	239.375
22	229.565	250.447	240.945	234.397	229.718	239.690	232.939	242.457	231.642	232.124	231.430
23	230.866	245.825	230.718	229.007	234.838	243.362	238.867	240.998	243.451	245.381	238.147
24	231.046	247.056	235.187	234.086	240.359	239.053	240.719	237.269	242.386	237.297	237.787
25	232.899	251.346	235.534	242.715	229.496	238.708	230.331	233.789	242.422	245.560	238.491
26	232.908	251.381	235.986	238.412	228.735	236.946	234.681	244.318	236.718	243.257	234.744
27	239.345	246.293	235.939	233.576	240.590	236.716	251.777	236.077	246.784	238.791	238.214
28	236.648	253.864	238.974	243.010	235.687	236.471	242.111	232.391	247.063	247.044	236.945
29	233.112	253.243	253.306	240.689	232.950	246.789	242.647	241.495	237.593	242.274	242.936
30	239.384	247.053	250.240	245.355	233.870	240.991	247.714	245.091	245.593	236.317	242.351
31	240.079	249.423	259.935	243.544	240.010	244.037	245.736	252.539	243.386	237.937	231.332
32	243.398	250.415	257.883	235.969	241.110	241.080	245.433	252.577	241.393	243.746	241.665
33	240.062	258.793	247.584	239.411	247.025	242.430	255.383	253.770	248.380	244.767	248.591
34	235.040	261.147	255.028	235.248	241.513	247.162	255.520	260.617	248.445	250.505	249.737
35	235.399	257.541	257.541	246.787	252.168	247.130	253.728	257.943	248.485	251.423	248.367
36	244.795	258.844	257.214	237.372	253.061	249.118	258.270	249.308	253.916	243.699	243.579
37	242.963	257.370	263.678	248.287	240.159	259.292	263.501	258.114	249.714	255.638	248.419
38	242.779	254.363	253.545	251.947	253.488	257.927	253.981	257.980	259.802	253.819	251.315
39	244.732	264.588	252.653	250.755	256.072	257.931	252.793	257.352	256.624	251.107	248.572
40	245.446	272.540	257.079	250.361	253.768	252.827	263.163	266.266	255.769	255.976	252.570
41	244.672	264.602	254.082	248.703	258.077	263.180	262.853	257.284	260.295	265.522	261.435
42	248.983	266.376	263.246	254.453	258.352	270.540	265.769	257.867	264.655	259.676	261.895
43	256.271	276.759	272.303	266.138	262.341	261.820	267.516	274.064	269.866	262.854	269.613
44	258.493	281.369	266.691	265.179	263.851	278.073	269.725	274.699	268.828	262.086	258.261
45	256.453	283.499	271.860	266.321	267.532	273.551	276.493	270.206	260.793	269.817	264.369
46	260.084	283.633	269.314	267.464	266.342	272.908	278.513	277.164	272.828	271.775	264.006
47	259.513	285.956	273.393	265.383	265.428	276.169	281.250	280.919	269.913	276.176	271.429
48	270.488	287.310	278.542	265.891	275.004	278.885	283.543	277.697	278.963	269.229	279.999
49	266.440	285.129	275.911	270.292	265.917	272.785	265.674	269.935	285.526	264.000	270.521
50	269.914	285.321	286.870	277.076	284.815	275.428	279.067	283.261	288.632	280.388	279.732
51	280.224	286.779	281.519	285.618	287.690	278.429	290.334	281.926	286.439	283.290	282.844
52	276.698	288.156	278.761	281.407	273.418	286.046	292.875	293.650	276.050	283.150	280.497
53	285.739	298.186	282.050	280.605	283.373	294.588	289.645	302.664	293.222	292.867	278.799
54	293.265	286.061	282.698	279.559	283.124	294.325	296.155	285.964	291.553	290.024	280.894
55	301.789	288.779	276.936	287.287	293.093	286.514	297.812	291.830	295.139	291.096	294.494
56	290.751	301.323	294.996	290.268	291.291	302.051	304.675	294.674	289.660	293.731	288.844
57	286.224	302.057	296.357	282.926	291.437	295.777	312.254	300.981	305.046	307.228	298.139
58	282.281	303.767	304.378	293.710	299.279	302.285	307.709	299.828	311.614	301.962	291.395
59	295.208	311.879	302.621	292.257	310.157	309.737	307.619	298.159	305.692	304.427	297.928
60	292.649	310.777	301.974	307.160	315.466	306.251	312.191	299.132	312.778	307.332	308.161
61	303.400	318.918	322.051	311.490	312.088	317.367	311.233	316.981	323.382	313.702	318.572
62	296.746	333.438	318.902	310.254	298.658	321.467	311.141	332.497	329.000	324.169	316.747
63	298.749	327.596	316.652	303.479	306.194	317.239	318.468	333.219	321.864	321.091	306.656
64	313.940	328.701	325.854	312.004	312.208	322.915	326.287	327.016	327.021	326.274	316.207
65	311.845	329.435	322.613	307.183	317.477	325.003	328.212	332.808	326.196	336.645	320.899
66	322.129	338.631	320.391	317.107	332.336	337.173	334.766	337.732	335.874	342.251	323.776
67	312.425	341.982	322.311	326.142	328.587	339.402	340.550	340.792	347.668	335.682	323.048
68	318.356	344.086	330.690	333.114	332.581	345.517	346.759	331.827	341.196	357.571	330.300
69	331.020	364.048	336.556	321.416	331.883	343.018	340.617	348.119	343.227	362.357	322.635
70	328.300	363.119	340.746	322.606	335.852	349.894	352.925	351.595	340.953	351.917	340.836
71	331.717	351.915	329.088	347.208	347.198	351.278	359.633	351.258	344.211	361.633	341.814
72	336.146	357.640	341.167	342.321	341.119	362.819	354.561	353.662	349.886	364.514	355.878
73	350.789	355.840	348.631	351.874	352.058	372.653	366.186	366.224	379.570	360.212	349.101
74	349.878	367.465	346.590	347.850	358.698	369.568	374.998	366.397	385.718	377.434	351.289
75	356.650	375.495	358.920	350.898	364.185	366.561	370.958	367.422	379.637	379.942	353.613
76	351.488	370.930	365.097	363.903	367.005	367.244	389.977	383.114	382.805	372.021	366.557
77	357.344	384.505	364.537	370.969	369.707	386.004	394.099	387.725	387.488	385.671	371.618
78	371.295	382.998	379.007	360.408	375.783	384.463	403.394	404.197	389.945	401.063	389.128
79	383.088	391.217	389.382	368.986	388.314	392.017	401.013	406.632	397.797	401.641	392.065
80	378.385	404.506	383.448	378.926	382.945	404.685	402.748	405.918	404.439	403.498	390.270
81	387.746	403.659	400.371	388.268	387.669	398.920	412.288	415.753	413.699	412.605	400.038
82	388.878	409.672	397.168	388.866	386.014	414.245	412.973	417.367	427.765	419.659	414.144
83	401.360	418.406	413.537	393.734	404.595	433.481	427.168	428.617	420.872	434.538	410.978
84	411.190	427.179	431.839	400.578	414.547	436.255	439.387	428.125	423.278	435.437	426.823
85	425.085	420.559	420.539	399.908	411.370	431.467	438.514	437.603	437.637	434.709	428.449
86	428.307	447.656	414.840	413.325	415.722	449.783	455.690	449.667	448.364	456.605	440.198
87	438.364	457.625	428.836	426.636	425.312	449.867	466.635	467.429	452.790	460.654	443.443
88	449.486	455.250	443.140	436.718	443.469	446.909	466.706	468.084	457.023	456.545	454.222
89	445.897	457.915	454.578	447.921	455.577	466.099	477.673	468.739	470.700	471.435	457.699
90	447.361	470.590	457.013	443.584	455.822	485.675	487.664	483.391	467.948	493.445	457.886
91	457.314	476.164	460.888	446.307	466.049	482.373	499.809	502.674	494.491	518.287	485.474
92	477.744	495.202	488.367	452.776	463.842	508.998	511.039	503.491	525.131	546.208	489.356
93	498.813	491.074	475.343	463.654	477.854	506.697	526.350	531.258	564.986	567.640	515.582
94	508.221	503.959	479.412	478.866	486.619	495.628	559.410	565.204	578.366	599.130	531.772
95	550.324	508.750	503.588	504.393	503.929	518.175	566.364	586.893	589.790	649.430	575.524
96	582.447	520.079	521.460	493.492	504.956	549.334	608.299	610.097	636.252	681.275	597.726
97	616.326	539.033	513.371	508.385	518.201	574.669	649.269	636.446	659.064	719.711	673.948
98	661.943	557.990	538.101	519.257	538.723	604.644	665.623	654.117	663.687	730.999	738.636
99	733.551	576.300	566.414	525.516	546.493	629.111	681.786	687.318	708.487	756.150	800.348
100	780.736	584.622	582.898	549.020	561.221	634.881	679.203	713.306	745.404	804.264	856.639
101	815.805	642.085	602.064	564.878	588.689	672.615	731.696	744.051	751.607	755.776	838.739
102	795.742	650.152	631.897	587.086	620.603	695.869	742.237	726.482	744.298	731.557	812.789
103	823.771	696.687	642.227	613.586	674.621	736.115	738.591	739.873	751.321	716.391	793.062
104	814.123	712.903	658.513	617.575	679.383	723.541	765.040	725.698	750.173	705.167	741.726
105	772.732	764.189	686.781	652.662	727.395	727.399	745.474	734.523	721.247	687.234	694.830
106	746.873	796.823	735.457	680.696	771.410	749.576	731.683	719.186	703.785	672.985	661.479
107	724.144	830.840	784.217	724.902	775.328	756.973	709.245	684.268	685.659	648.838	660.256
108	712.201	838.339	820.232	758.177	773.731	758.068	703.941	687.715	662.547	646.265	664.104
109	696.566	858.432	861.078	789.095	789.700	727.320	706.900	660.729	657.373	633.317	657.639
110	671.067	840.594	874.895	862.891	819.819	735.679	693.181	650.210	649.687	643.807	652.501
111	672.434	804.604	911.240	893.337	819.708	737.544	673.208	652.220	640.125	644.122	636.492
112	675.210	763.326	924.010	905.511	794.550	723.543	679.497	638.948	634.887	653.354	645.601
113	675.445	747.116	910.272	915.684	795.042	706.279	673.057	630.513	645.471	658.997	654.809
114	674.009	723.143	886.814	929.676	772.439	701.082	660.503	631.481	642.447	668.179	655.053
115	658.762	716.323	862.659	891.950	738.771	687.491	661.077	623.047	651.547	665.273	642.467
116	672.787	699.251	843.569	872.724	731.556	688.898	653.354	633.208	639.526	661.597	650.893
117	671.944	709.513	818.805	820.537	723.709	681.961	647.839	634.032	638.264	660.999	659.654
118	682.418	714.018	764.389	797.863	708.777	683.489	656.505	650.030	651.172	666.182	646.621
119	672.213	705.765	758.503	788.721	689.362	679.574	649.455	644.580	669.881	676.886	642.978
120	653.459	697.891	752.144	756.814	720.685	681.447	660.842	641.928	669.809	660.018	673.011
121	656.315	673.977	741.157	737.196	705.432	678.097	652.976	647.584	653.891	667.333	657.068
122	653.702	675.198	716.467	724.933	713.561	663.154	655.406	652.615	674.634	668.977	653.336
123	645.724	686.696	733.767	730.966	696.395	678.206	656.929	628.254	675.361	680.610	659.883
124	660.719	675.363	749.576	703.525	691.823	658.206	647.713	636.009	651.563	678.440	647.975
125	656.186	697.257	729.649	699.743	689.280	675.650	653.037	643.463	657.417	666.940	651.903
126	655.891	700.511	712.671	707.952	688.621	669.767	635.468	644.772	668.102	677.855	651.813
127	663.820	672.509	716.847	709.672	678.832	680.587	668.429	661.717	677.481	666.698	651.220
128	650.787	685.634	720.821	707.281	676.413	654.417	656.614	648.979	666.469	663.981	646.165
129	638.810	697.550	716.712	688.621	695.047	656.990	650.281	664.811	665.096	683.721	638.607
130	652.073	699.284	695.067	671.979	678.216	650.457	652.261	657.533	661.414	673.278	664.385
131	664.799	688.874	694.379	698.670	666.785	675.026	668.632	643.970	663.833	682.843	648.225
132	675.072	698.276	691.547	680.263	685.594	681.091	675.590	676.246	667.151	690.523	661.375
133	684.992	708.566	690.855	681.954	686.496	681.454	679.477	691.645	686.851	682.921	665.119
134	683.054	697.721	693.015	685.571	697.361	678.764	671.255	673.245	688.223	688.275	681.076
135	685.843	713.404	688.190	697.826	702.831	696.131	686.759	663.914	683.000	678.659	665.372
136	687.032	710.405	690.826	686.738	684.440	693.009	672.750	670.855	676.628	699.718	662.170
137	665.615	716.057	694.206	687.116	677.016	698.875	663.321	675.333	664.891	684.779	683.382
138	643.388	722.545	688.802	703.918	696.642	697.105	662.113	675.554	669.017	696.491	688.172
139	657.730	715.902	690.746	699.633	705.417	676.788	654.723	673.516	675.267	705.666	672.745
140	665.629	704.429	692.810	695.225	691.068	686.713	644.353	677.310	669.436	703.607	680.685
141	656.653	686.718	709.450	682.639	703.079	690.888	663.656	674.790	651.348	694.091	682.565
142	658.504	693.904	717.194	687.510	699.318	707.000	658.372	666.589	665.773	681.311	681.271
143	657.126	717.020	702.970	695.245	705.420	702.084	662.582	658.117	664.946	667.465	668.119
144	661.376	706.856	716.872	725.226	698.433	701.253	640.805	654.018	673.834	679.704	682.390
145	668.946	680.585	725.921	713.842	703.487	689.313	653.311	652.289	660.960	664.322	672.357
146	659.897	677.495	715.852	706.441	723.307	672.217	649.303	653.716	665.929	658.605	669.078
147	671.882	672.788	703.702	690.485	702.493	674.443	638.779	656.356	658.809	645.599	672.089
148	662.367	670.989	716.836	699.453	697.330	662.485	650.139	658.954	644.256	664.096	671.518
149	669.901	685.734	716.664	700.317	703.227	662.978	641.834	655.284	628.861	649.842	689.651
150	645.309	677.963	695.482	689.292	684.136	657.522	635.238	654.274	638.495	648.425	677.306
151	663.881	685.738	678.246	675.578	691.688	649.906	636.470	661.606	656.390	654.598	682.620
152	667.925	695.754	685.503	679.219	680.853	652.917	636.523	677.640	655.091	668.590	682.075
153	652.357	689.534	678.891	695.906	659.419	653.553	649.184	664.704	659.697	666.786	673.565
154	655.938	690.080	679.738	697.784	667.042	667.167	641.562	641.084	648.133	653.149	657.110
155	661.917	709.827	697.094	690.390	669.512	666.710	634.200	654.941	655.102	647.806	652.648
156	660.532	717.397	706.294	683.002	667.229	648.215	635.875	675.662	648.429	656.837	651.510
157	674.783	712.064	709.663	681.332	668.930	650.282	644.668	633.273	637.900	653.804	661.984
158	658.917	718.732	705.415	689.429	686.216	623.029	642.915	642.209	652.239	653.704	649.119
159	637.209	711.248	702.312	677.021	684.456	636.818	622.422	627.184	644.570	660.703	647.208
