 	Profile_Slice_1	Profile_Slice_2	Profile_Slice_3	Profile_Slice_4
1	361.652	364.993	358.818	347.456
2	350.602	355.614	348.193	346.606
3	335.381	355.086	354.359	352.789
4	338.901	349.234	355.117	343.161
5	350.283	362.218	364.505	337.229
6	342.975	366.872	349.231	352.026
7	343.874	361.542	347.793	358.999
8	355.640	365.881	354.205	344.513
9	358.041	362.054	347.488	346.529
10	341.006	354.934	342.634	335.812
11	338.453	351.006	344.906	340.621
12	351.394	332.233	328.183	345.009
13	346.985	336.590	328.665	338.907
14	339.942	338.538	331.936	338.273
15	339.392	345.144	331.726	335.021
16	343.836	342.522	334.373	327.841
17	337.879	337.445	329.102	329.356
18	328.271	340.803	327.826	332.504
19	325.737	333.491	326.540	320.264
20	333.772	329.857	331.232	325.534
21	326.308	332.188	328.579	316.532
22	336.118	330.207	329.081	323.615
23	333.991	335.958	333.385	326.807
24	333.408	332.836	338.990	327.832
25	329.137	332.999	334.271	331.428
26	342.861	332.606	325.207	324.771
27	339.790	321.954	329.315	333.250
28	332.162	338.308	342.037	335.576
29	321.784	342.393	331.078	335.053
30	335.079	332.501	331.755	333.733
31	337.181	336.937	330.658	341.321
32	323.528	335.621	320.546	334.261
33	324.244	332.032	313.886	332.221
34	322.969	337.283	321.622	340.350
35	324.167	329.025	318.923	328.543
36	327.053	326.365	309.677	323.524
37	326.431	337.010	300.502	317.613
38	311.666	328.206	304.054	321.789
39	322.943	331.577	309.340	321.946
40	317.518	319.262	315.019	321.358
41	320.037	324.966	318.105	323.425
42	319.771	318.755	324.599	324.848
43	323.093	320.458	324.648	324.152
44	319.096	328.953	334.602	320.004
45	319.190	317.101	324.526	323.408
46	320.401	324.882	310.556	325.286
47	319.150	330.752	320.517	326.637
48	320.673	328.361	327.581	323.368
49	322.357	324.243	321.700	324.440
50	318.505	309.528	321.254	318.093
51	327.835	316.252	332.519	315.522
52	329.848	330.048	328.202	324.676
53	335.060	326.435	311.668	317.192
54	328.574	321.900	319.255	312.136
55	325.525	319.069	314.348	323.621
56	309.552	323.639	327.235	324.137
57	316.362	331.294	318.085	322.100
58	321.133	328.915	321.659	316.726
59	318.156	317.262	338.565	322.913
60	318.189	323.205	338.977	323.642
61	326.997	331.739	331.501	327.585
62	336.639	351.050	334.641	332.220
63	329.488	350.284	337.284	334.293
64	338.116	355.136	343.489	351.395
65	339.402	354.781	342.152	339.036
66	338.080	363.160	349.740	341.232
67	350.791	376.907	359.285	339.886
68	366.015	361.528	349.529	349.327
69	360.067	358.973	349.630	359.204
70	365.412	373.056	348.332	349.818
71	361.380	370.907	362.935	354.730
72	368.979	360.517	366.534	358.304
73	383.679	369.798	356.024	367.031
74	389.995	379.015	374.294	382.530
75	392.443	383.345	379.066	401.618
76	404.648	400.030	391.087	410.111
77	412.478	414.373	399.732	418.935
78	417.089	433.394	400.301	409.191
79	411.479	445.955	417.030	404.116
80	409.733	436.962	408.853	405.886
81	413.341	454.669	390.505	413.644
82	413.890	447.980	387.389	396.081
83	386.490	449.123	388.904	382.982
84	386.993	451.882	374.316	381.864
85	396.159	445.564	391.681	387.352
86	395.530	447.802	370.670	371.750
87	398.785	422.963	381.448	363.388
88	379.083	420.183	376.440	354.028
89	368.928	395.390	373.096	362.505
90	361.378	393.960	365.781	364.205
91	355.456	390.166	355.258	353.844
92	353.590	366.939	350.509	346.251
93	335.547	367.437	359.975	335.320
94	333.459	356.357	358.253	331.309
95	332.863	345.968	347.400	321.958
96	323.496	352.791	330.927	313.005
97	316.660	338.140	330.878	315.029
98	318.870	332.579	333.620	310.788
99	313.261	325.163	326.078	310.624
100	316.884	323.256	310.991	306.901
101	319.628	317.700	310.068	299.362
102	308.205	308.800	304.345	303.129
103	302.128	312.918	302.064	304.907
104	299.670	309.904	306.447	299.548
105	289.980	296.802	298.040	292.131
106	292.167	305.169	299.899	300.322
107	288.966	290.968	303.583	297.108
108	285.999	285.766	288.883	289.956
109	296.782	289.003	289.973	290.427
110	290.421	282.835	290.607	288.583
111	282.200	290.660	283.509	286.203
112	284.994	280.876	281.917	286.161
113	278.423	283.736	278.494	276.935
114	287.612	286.085	277.734	283.664
115	286.217	286.950	290.006	275.072
116	270.218	283.658	277.453	280.588
117	278.669	276.014	279.257	281.119
118	276.388	285.377	271.799	278.524
119	272.675	281.276	275.767	280.650
120	273.446	279.364	277.974	270.697
121	270.833	269.711	272.413	272.592
122	273.386	268.502	273.154	267.321
123	266.961	274.467	267.981	267.060
124	271.346	274.569	270.656	267.726
125	270.598	275.130	262.778	268.064
126	265.818	268.445	259.380	261.771
127	263.054	263.175	265.851	264.923
128	264.175	264.354	267.910	262.937
129	274.108	269.265	259.373	266.772
130	260.502	262.197	259.426	251.434
131	249.544	265.759	266.516	257.435
132	256.044	267.505	258.606	264.997
133	259.078	257.640	257.883	258.730
134	262.166	264.195	259.567	262.559
135	256.307	252.854	254.731	265.523
136	253.264	256.567	252.202	251.697
137	254.653	256.207	250.694	253.892
138	254.501	255.609	245.461	252.335
139	253.462	252.661	254.071	252.455
140	243.519	256.842	247.374	244.696
141	252.506	247.179	253.513	250.046
142	254.574	242.865	256.389	247.421
143	249.331	254.179	248.693	254.676
144	252.576	252.794	250.742	245.323
145	253.585	257.992	241.286	246.724
146	251.514	251.970	244.668	257.687
147	242.513	245.961	248.956	247.437
148	249.718	246.102	258.187	246.952
149	241.290	255.432	249.671	244.567
150	240.599	240.290	252.676	252.207
151	244.289	247.466	252.121	249.413
152	236.350	256.662	251.374	238.425
153	247.229	246.209	249.711	238.685
154	244.515	248.522	250.028	250.633
155	240.214	252.434	246.955	240.698
156	239.513	245.163	247.318	244.134
157	243.579	248.586	244.067	248.718
158	239.168	245.422	234.275	243.394
159	230.341	242.416	247.942	242.655
160	232.390	247.238	235.519	241.379
161	238.105	244.463	240.334	242.102
162	224.482	240.520	240.431	236.870
163	231.066	234.151	241.538	241.009
164	236.188	239.295	236.628	246.201
165	234.714	239.844	234.346	231.458
166	231.804	237.670	242.045	235.235
167	234.338	246.043	232.518	236.303
168	237.650	242.088	230.859	237.710
169	234.321	241.666	237.572	234.150
170	236.011	241.137	233.530	232.887
171	234.352	236.107	235.556	232.421
172	237.423	236.972	235.349	233.092
173	235.704	233.618	229.470	227.061
174	236.869	233.783	229.013	229.698
175	232.057	236.890	239.829	232.806
176	227.875	233.409	242.504	227.472
177	233.778	233.409	239.655	232.184
178	226.998	240.527	228.990	237.436
179	228.558	238.669	236.335	234.578
180	226.005	236.818	223.499	219.114
181	222.521	237.080	231.893	234.523
182	233.479	233.568	229.121	233.637
183	231.494	236.013	233.485	230.874
184	227.751	239.342	239.252	230.423
185	230.534	234.249	236.400	226.835
186	241.513	236.528	230.673	237.824
187	238.113	238.439	231.696	231.484
188	230.253	236.676	232.978	221.120
189	228.661	243.745	233.847	226.839
190	234.868	237.404	226.380	232.362
191	234.038	235.133	236.054	237.029
192	234.480	237.279	234.488	233.454
193	235.750	236.769	227.900	238.848
194	233.955	239.079	233.099	235.864
195	232.641	237.182	237.418	227.646
196	226.642	232.945	228.090	232.060
197	231.354	239.810	231.111	226.980
198	234.031	239.931	230.361	233.144
199	232.408	225.038	228.827	232.633
200	231.963	234.462	233.133	228.962
201	232.693	234.181	226.969	233.968
202	235.544	244.901	237.808	235.888
203	237.611	228.027	233.627	235.403
204	230.658	229.336	231.503	225.742
205	234.510	229.718	233.532	226.577
206	233.112	235.085	227.121	222.586
207	232.019	238.738	235.468	229.353
208	231.029	232.758	234.121	232.659
209	222.510	233.847	224.020	240.158
210	234.950	243.572	234.309	238.101
211	223.267	233.616	232.299	240.054
212	225.508	235.228	228.980	228.185
213	232.960	237.481	232.050	223.819
214	231.302	229.842	231.069	223.254
215	229.362	228.033	227.834	224.123
216	239.849	239.849	232.982	234.519
217	245.475	245.475	237.134	241.765
218	245.918	245.918	238.458	232.086
219	239.125	239.125	229.900	226.291
220	245.139	245.139	229.085	225.891
221	245.795	245.795	234.585	230.182
222	237.912	237.912	242.224	232.892
223	239.545	239.545	235.384	241.778
224	232.562	232.562	233.808	227.847
225	239.224	239.224	238.662	236.459
226	236.741	236.741	234.779	239.783
227	225.583	225.583	242.532	236.381
228	236.260	236.260	239.718	236.361
229	237.224	237.224	225.580	233.644
230	236.305	236.305	235.382	235.032
231	237.053	237.053	240.164	236.073
232	247.236	247.236	241.043	237.800
233	242.893	242.893	235.258	238.033
234	244.087	244.087	238.797	242.792
235	241.680	241.680	237.161	232.387
236	236.074	236.074	238.195	232.110
237	240.837	240.837	239.671	237.974
238	243.921	243.921	232.515	233.536
239	245.037	245.037	234.097	236.021
240	244.429	244.429	234.780	232.062
241	240.975	240.975	235.861	234.480
242	239.313	239.313	238.712	237.908
243	241.767	241.767	241.743	238.073
244	243.323	243.323	238.911	232.302
245	241.362	241.362	238.829	243.237
246	238.269	238.269	242.145	239.090
247	244.073	244.073	235.119	243.703
248	239.392	239.392	245.786	243.579
249	245.294	245.294	240.059	234.666
250	240.698	240.698	248.880	238.816
251	255.695	255.695	249.994	240.036
252	250.640	250.640	241.008	242.222
253	249.960	249.960	243.502	242.582
254	247.154	247.154	244.164	238.995
255	247.940	247.940	239.164	243.487
256	242.641	242.641	248.189	240.633
257	245.790	245.790	249.498	247.047
258	248.150	248.150	240.431	239.630
259	256.497	256.497	239.684	248.200
260	257.874	257.874	241.864	250.742
261	254.895	254.895	254.133	252.112
262	254.437	254.437	259.602	244.029
263	258.775	258.775	251.720	242.938
264	258.338	258.338	242.407	244.962
265	258.471	258.471	242.519	245.379
266	256.135	256.135	252.095	243.932
267	259.935	259.935	262.667	240.818
268	250.872	250.872	250.977	250.453
269	255.643	255.643	250.552	260.708
270	257.775	257.775	252.347	258.713
271	258.595	258.595	256.931	253.695
272	257.268	257.268	252.214	258.817
273	257.403	257.403	255.423	251.369
274	262.535	262.535	261.026	259.213
275	267.165	267.165	258.806	254.216
276	265.992	265.992	257.469	256.794
277	261.431	261.431	257.169	259.764
278	261.477	261.477	261.661	254.082
279	260.951	260.951	248.821	257.568
280	261.337	261.337	256.417	260.848
281	260.421	260.421	259.733	262.680
282	265.406	265.406	247.606	256.420
283	262.131	262.131	260.849	258.575
284	263.649	263.649	262.059	268.281
285	259.497	259.497	255.524	263.142
286	266.251	266.251	261.741	268.762
287	278.250	278.250	263.060	256.742
288	269.359	269.359	265.358	258.583
289	263.131	263.131	270.785	261.917
290	275.321	275.321	266.838	268.276
291	278.750	278.750	277.844	269.315
292	273.403	273.403	269.879	269.039
293	281.329	281.329	271.280	273.886
294	280.391	280.391	271.744	278.758
295	280.920	280.920	276.820	269.185
296	286.918	286.918	283.451	277.346
297	281.275	281.275	278.541	280.830
298	284.293	284.293	277.426	277.053
299	282.328	282.328	276.567	279.387
300	281.514	281.514	285.881	279.337
301	288.439	288.439	286.312	276.491
302	294.061	294.061	281.060	292.100
303	289.206	289.206	290.128	289.259
304	291.339	291.339	293.108	283.812
305	295.682	295.682	294.477	292.881
306	302.857	302.857	294.309	287.448
307	307.273	307.273	293.298	294.002
308	303.058	303.058	293.711	303.612
309	311.247	311.247	292.001	304.929
310	306.655	306.655	298.683	318.488
311	301.174	301.174	300.789	312.331
312	311.182	311.182	306.126	309.422
313	316.053	316.053	318.735	314.616
314	311.248	311.248	322.269	317.722
315	324.633	324.633	324.839	326.810
316	336.325	336.325	338.008	332.125
317	337.838	337.838	335.533	337.547
318	348.940	348.940	334.315	343.872
319	345.185	345.185	344.509	339.915
320	344.872	344.872	337.783	339.694
321	361.333	361.333	350.144	371.780
322	365.368	365.368	361.795	383.397
323	368.799	368.799	378.181	386.404
324	386.316	386.316	384.760	411.588
325	379.305	379.305	399.870	436.145
326	387.551	387.551	410.299	457.161
327	420.823	420.823	435.362	491.903
328	441.114	441.114	452.416	491.662
329	467.429	467.429	458.516	474.525
330	475.106	475.106	459.516	473.076
331	480.725	480.725	463.479	475.931
332	491.371	491.371	468.869	464.991
333	492.893	492.893	475.186	464.342
334	501.258	501.258	477.958	461.450
335	487.459	487.459	455.832	443.754
336	488.427	488.427	440.052	439.576
337	460.178	460.178	439.195	427.374
338	444.298	444.298	434.545	427.263
339	427.820	427.820	410.649	420.343
340	415.292	415.292	402.596	416.061
341	389.973	389.973	390.918	418.877
342	393.282	393.282	401.093	416.349
343	377.349	377.349	390.055	417.313
344	373.867	373.867	384.410	406.035
345	361.839	361.839	380.119	402.779
346	367.930	367.930	374.031	406.732
347	342.847	342.847	392.015	394.470
348	359.727	359.727	396.614	393.079
349	360.896	360.896	376.771	391.963
350	361.438	361.438	366.803	387.422
351	366.532	366.532	375.191	375.128
352	361.638	361.638	365.227	372.653
353	354.704	354.704	362.880	376.346
354	362.086	362.086	357.642	377.822
355	355.215	355.215	350.976	364.673
356	349.716	349.716	349.058	353.578
357	347.616	347.616	348.033	347.018
358	362.164	362.164	343.298	346.464
359	347.115	347.115	353.258	339.572
360	348.342	348.342	345.323	339.049
361	346.770	346.770	357.333	342.548
362	347.809	347.809	336.531	335.011
363	339.591	339.591	331.917	332.366
364	334.052	334.052	321.903	319.545
365	350.500	350.500	338.949	332.616
366	351.274	351.274	332.706	342.055
367	340.193	340.193	341.904	335.726
368	340.196	340.196	338.118	327.896
369	332.340	332.340	338.247	328.985
370	338.721	338.721	335.952	325.924
371	336.013	336.013	330.718	328.745
372	328.453	328.453	329.532	322.574
373	341.163	341.163	327.974	319.122
374	334.823	334.823	322.794	325.707
375	337.983	337.983	327.598	321.070
376	336.075	336.075	324.531	317.497
377	340.448	340.448	326.043	321.545
378	330.540	330.540	321.837	320.099
379	339.621	339.621	331.641	315.343
380	333.257	333.257	321.010	311.708
381	328.453	328.453	326.445	317.303
382	323.786	323.786	326.868	318.030
383	331.589	331.589	326.463	313.461
384	330.419	330.419	326.544	320.711
385	330.771	330.771	326.535	329.368
386	342.868	342.868	321.873	329.295
387	329.788	329.788	320.557	327.690
388	336.195	336.195	320.279	329.565
389	330.028	330.028	332.665	319.487
390	329.094	329.094	322.541	314.871
391	327.951	327.951	330.572	319.980
392	338.119	338.119	323.135	318.669
393	340.169	340.169	317.039	317.825
394	337.552	337.552	324.570	314.851
395	341.965	341.965	326.187	315.260
396	333.851	333.851	330.035	320.009
397	339.106	339.106	318.734	327.377
398	333.849	333.849	331.554	324.046
399	338.284	338.284	331.893	317.371
400	346.804	346.804	326.452	319.761
401	351.873	351.873	331.879	329.324
402	344.434	344.434	336.389	326.633
403	338.769	338.769	338.862	334.008
404	341.661	341.661	338.975	327.258
405	339.671	339.671	324.494	327.378
406	346.509	346.509	338.448	328.642
407	334.070	334.070	338.031	324.899
408	334.046	334.046	324.730	326.344
409	337.685	337.685	335.048	325.545
410	338.659	338.659	328.271	326.571
411	345.543	345.543	338.149	331.653
412	351.868	351.868	331.584	331.641
413	347.371	347.371	337.263	323.640
414	343.718	343.718	335.165	323.179
415	346.976	346.976	323.535	335.466
416	335.109	335.109	326.685	331.461
417	345.714	345.714	328.305	332.913
418	345.823	345.823	336.267	346.063
419	339.777	339.777	335.623	336.094
420	351.077	351.077	334.434	333.653
421	342.646	342.646	331.241	338.779
422	342.953	342.953	331.158	329.455
423	343.005	343.005	339.368	344.237
424	358.218	358.218	341.208	344.420
425	353.892	353.892	337.782	346.107
426	350.832	350.832	336.819	345.180
427	353.794	353.794	346.226	350.389
428	354.454	354.454	338.243	352.363
429	361.335	361.335	332.608	360.194
430	365.456	365.456	338.983	341.975
431	367.266	367.266	346.425	344.233
432	372.450	372.450	345.611	349.997
433	358.910	358.910	348.443	341.516
434	351.847	351.847	337.655	347.656
435	359.760	359.760	350.104	353.794
436	355.626	355.626	354.758	349.363
