 	Profile_Slice_1	Profile_Slice_2	Profile_Slice_3	Profile_Slice_4	Profile_Slice_5	Profile_Slice_6	Profile_Slice_7	Profile_Slice_8	Profile_Slice_9	Profile_Slice_10	Profile_Slice_11	Profile_Slice_12	Profile_Slice_13	Profile_Slice_14	Profile_Slice_15
1	695.566	729.481	732.079	733.813	756.387	748.710	731.272	735.521	741.771	760.373	746.812	711.162	718.886	705.049	716.767
2	703.178	722.579	711.333	733.424	751.612	755.870	724.966	730.786	742.805	739.445	760.128	710.808	718.607	715.880	702.782
3	712.204	704.350	737.448	710.288	761.493	741.230	731.328	746.791	746.054	737.276	743.928	720.934	708.085	718.495	692.586
4	710.776	701.321	710.585	734.428	748.460	739.342	719.297	747.095	745.969	753.466	747.904	716.238	720.618	699.289	703.823
5	704.657	708.775	708.313	726.766	735.646	732.038	723.506	737.462	750.158	752.757	751.639	712.503	715.353	695.363	672.045
6	696.837	705.592	704.149	733.264	735.209	731.051	727.137	726.072	721.917	752.780	723.548	704.140	690.385	704.553	687.621
7	712.922	699.114	710.784	714.986	726.612	717.139	722.269	731.735	728.711	747.271	707.407	721.040	708.093	703.190	698.628
8	699.217	692.126	696.875	730.510	747.396	722.442	706.821	731.283	725.206	742.046	715.582	701.336	705.735	708.474	704.605
9	682.278	707.436	722.624	744.716	715.653	735.764	712.231	716.204	725.679	725.542	710.564	719.615	705.231	718.001	690.334
10	683.003	724.329	701.751	716.967	704.766	717.741	710.535	694.772	719.441	717.997	702.831	707.984	696.726	696.419	694.921
11	675.848	711.631	706.980	728.056	720.004	713.521	705.364	712.837	718.556	728.106	693.644	713.509	706.708	710.033	685.868
12	671.409	705.893	715.937	723.928	720.103	720.329	710.736	709.977	722.873	711.895	687.522	681.402	705.297	716.838	680.777
13	670.870	712.391	701.455	727.671	730.346	731.446	702.403	707.617	730.028	719.250	686.377	694.317	714.339	701.072	683.349
14	700.418	707.010	731.697	734.054	749.935	742.300	703.381	712.960	704.199	717.098	697.592	715.234	713.548	701.264	683.375
15	681.416	719.361	716.937	746.425	745.409	735.606	720.068	708.572	712.303	720.015	697.603	709.364	708.485	695.553	674.120
16	680.122	706.972	714.017	734.378	752.794	710.410	690.446	717.946	700.337	705.290	692.541	703.115	697.543	671.754	697.251
17	685.838	723.401	713.953	735.984	753.197	708.643	687.312	727.559	716.018	697.553	705.969	713.947	703.691	690.311	689.631
18	663.040	719.459	725.923	731.796	743.669	716.490	687.906	721.661	721.786	704.825	697.352	729.499	697.895	691.799	665.067
19	677.005	719.668	721.565	733.885	754.080	714.314	703.158	719.692	735.617	715.241	708.001	709.974	696.599	692.734	691.772
20	671.821	713.818	722.376	756.791	757.432	723.865	713.994	702.730	717.395	715.160	699.255	713.212	701.171	691.809	689.379
21	672.369	735.533	746.634	762.271	749.412	716.735	688.031	701.336	715.042	717.710	685.292	726.138	690.939	683.045	678.015
22	668.117	716.835	730.733	771.220	761.159	739.377	698.018	724.643	722.839	705.579	703.477	710.805	707.611	706.450	695.803
23	684.747	715.530	729.826	758.958	772.676	742.833	695.400	713.236	695.416	696.783	712.516	712.335	699.912	694.709	688.879
24	678.610	733.254	751.528	761.399	753.253	739.595	712.083	706.612	704.208	704.680	687.552	699.093	704.374	701.929	671.401
25	672.830	723.064	743.484	759.650	751.180	730.205	704.403	706.214	726.119	713.334	707.884	721.521	712.084	708.451	671.171
26	662.666	714.337	746.175	763.807	752.690	720.190	714.410	701.636	700.537	718.858	706.497	712.876	705.636	684.168	695.723
27	679.684	709.938	738.859	769.821	760.261	736.567	703.375	709.655	712.317	730.795	727.660	721.221	707.322	691.502	683.983
28	688.716	729.407	740.992	782.624	766.024	714.752	701.827	723.016	728.956	737.400	709.443	736.858	694.630	700.870	683.448
29	672.851	740.699	765.170	756.440	758.246	725.172	709.858	717.399	710.708	722.680	702.316	729.038	703.631	705.734	671.909
30	670.488	734.828	756.060	787.196	751.603	725.486	705.824	732.249	710.141	721.990	702.153	729.171	702.463	715.379	694.452
31	687.257	741.608	746.803	771.835	738.442	717.032	731.296	720.515	715.335	727.995	697.624	735.690	705.593	695.014	696.218
32	692.891	762.504	753.184	773.092	755.676	742.322	700.990	717.030	728.404	723.436	713.468	732.345	717.357	693.575	688.132
33	689.027	752.760	758.898	769.354	752.707	740.068	718.394	701.633	733.212	729.051	708.819	748.029	719.580	712.191	680.469
34	672.190	743.281	749.798	776.699	766.814	735.952	711.595	708.185	714.911	727.222	707.706	733.367	715.589	706.767	677.120
35	665.344	752.568	758.915	797.407	756.304	713.389	699.978	707.926	725.975	733.943	700.052	741.024	714.981	703.687	685.786
36	684.211	753.046	762.021	809.015	771.385	734.686	713.303	696.159	725.484	706.532	704.207	721.866	727.874	725.674	684.283
37	676.684	753.322	769.491	817.019	783.054	735.896	720.518	720.623	722.245	698.786	703.524	723.568	723.494	720.628	681.158
38	673.203	754.860	779.726	842.428	797.758	746.078	721.439	731.967	714.662	725.990	714.510	711.166	703.820	720.382	693.172
39	692.298	764.445	800.944	829.242	812.324	748.189	709.320	725.683	730.334	729.209	712.719	749.679	706.895	729.092	685.441
40	681.588	769.310	807.822	866.333	818.926	753.476	695.034	721.813	734.662	713.955	719.772	742.619	713.227	710.313	681.666
41	703.078	798.130	822.551	860.533	814.617	752.138	707.783	717.363	726.826	729.218	725.664	728.344	736.476	727.086	698.267
42	683.970	800.296	829.445	884.382	822.418	765.705	720.720	741.273	746.584	739.500	752.332	757.651	719.408	724.011	696.811
43	690.760	811.510	843.231	879.991	851.849	787.622	715.360	760.279	749.017	753.132	759.154	762.587	727.160	750.544	692.795
44	685.049	817.420	863.249	884.838	856.191	778.942	722.792	748.354	743.825	746.558	774.125	766.649	733.320	748.804	715.739
45	702.367	823.253	867.528	892.380	843.899	794.371	750.940	745.915	745.715	743.217	767.491	780.379	744.667	774.828	701.381
46	710.272	825.696	876.439	916.213	853.247	817.599	760.630	771.108	764.387	761.477	770.642	778.719	747.839	773.886	702.273
47	716.928	866.495	876.983	948.990	859.442	826.192	760.835	770.038	779.877	791.247	784.630	793.982	769.681	787.828	712.059
48	737.802	880.398	889.869	943.314	886.189	832.675	781.984	780.816	790.230	779.120	793.016	772.317	779.516	789.561	730.649
49	741.671	884.157	909.634	964.185	902.914	841.845	781.977	795.451	795.175	799.600	816.314	791.064	788.677	813.475	755.799
50	752.901	906.263	917.625	1004.471	907.746	848.836	790.650	810.471	803.661	804.142	816.061	820.250	776.745	813.435	756.444
51	749.553	891.629	920.955	1049.983	920.555	870.042	824.428	818.175	822.479	814.649	830.765	825.115	795.622	815.989	746.480
52	767.258	924.550	933.915	1060.591	937.456	868.044	836.352	854.301	854.437	821.766	823.326	832.889	795.152	821.218	774.317
53	791.885	922.373	964.417	1075.754	952.484	878.686	846.913	848.928	861.500	834.864	836.158	835.498	808.160	845.495	783.739
54	811.884	959.908	975.292	1131.792	974.400	893.781	848.205	867.976	863.285	835.974	866.298	830.020	818.947	846.378	802.681
55	820.497	979.129	998.220	1161.980	1005.976	912.598	839.676	887.534	890.614	844.547	873.424	853.503	820.948	856.071	798.291
56	844.335	1034.625	1037.938	1156.872	1035.523	924.710	881.109	899.434	899.481	859.913	873.094	875.988	839.744	866.283	821.701
57	854.395	1068.444	1076.064	1181.366	1074.216	923.830	885.037	893.819	902.860	884.173	882.020	864.008	854.953	883.346	816.260
58	878.205	1110.539	1124.824	1204.125	1119.952	936.857	886.977	912.973	921.122	890.638	919.321	869.203	852.631	890.847	819.093
59	902.957	1181.204	1199.350	1218.862	1162.966	927.999	898.850	910.889	954.912	896.249	977.082	897.007	854.052	923.649	852.210
60	896.748	1244.355	1238.148	1236.660	1172.991	978.298	920.583	938.524	1003.594	927.599	1004.707	897.191	887.444	955.480	888.918
61	930.851	1305.670	1269.693	1216.853	1202.314	979.578	925.208	950.329	1027.948	974.522	1029.264	907.370	893.906	980.834	884.702
62	970.187	1355.505	1308.010	1204.646	1196.352	1022.821	953.254	993.176	1060.676	1012.342	1079.971	949.097	921.999	1011.350	910.529
63	1013.151	1367.026	1319.358	1191.284	1164.473	1023.149	972.097	1019.661	1119.920	1031.791	1099.918	970.050	924.730	1042.849	935.241
64	1049.368	1353.943	1289.612	1142.330	1157.026	1083.320	989.845	1065.623	1148.247	1070.560	1128.460	1008.144	978.293	1086.730	974.245
65	1084.385	1272.536	1268.015	1090.762	1120.764	1167.852	1035.612	1087.986	1167.710	1109.763	1143.383	1034.808	987.337	1088.083	1002.579
66	1098.438	1195.175	1207.737	1039.795	1083.744	1190.565	1083.630	1115.232	1158.044	1124.402	1106.394	1052.460	1006.759	1129.331	1030.298
67	1115.664	1135.067	1157.752	1009.657	1036.539	1191.466	1113.330	1094.861	1130.683	1118.021	1096.931	1080.925	1027.034	1122.832	1067.515
68	1097.609	1061.205	1082.350	922.471	1017.907	1176.260	1158.127	1077.729	1119.102	1097.565	1081.644	1090.541	1028.564	1085.924	1087.496
69	1055.956	960.449	1017.962	871.428	956.416	1137.100	1161.973	1046.313	1033.114	1095.929	1035.485	1081.218	1053.880	1078.001	1109.576
70	992.803	909.726	971.469	848.673	922.973	1087.917	1128.480	997.434	954.679	1083.045	969.661	1114.112	1073.503	1065.554	1104.784
71	961.594	866.459	908.134	803.470	898.790	1049.548	1095.386	976.659	920.143	1008.285	930.997	1126.488	1066.942	1044.688	1072.933
72	907.794	837.365	875.145	784.208	853.185	971.171	1044.570	948.588	897.071	995.884	899.549	1118.688	1074.352	1023.675	1036.615
73	883.329	813.565	833.179	743.631	820.876	924.309	978.184	931.969	869.394	933.581	871.772	1100.177	1047.109	1007.797	991.070
74	848.304	781.611	791.419	720.523	785.842	907.157	931.963	892.770	857.638	899.638	846.372	1095.583	1058.416	995.461	966.950
75	843.038	750.784	744.748	677.094	760.425	868.008	888.761	863.081	842.541	878.543	856.588	1101.577	1045.851	1004.340	956.855
76	835.731	715.169	715.144	651.589	733.942	832.498	843.171	835.586	843.236	857.312	859.508	1059.678	1020.534	988.509	909.319
77	814.855	679.667	670.796	636.949	706.942	796.383	824.451	788.050	832.633	851.410	859.307	1007.566	1022.283	964.595	910.914
78	784.182	668.529	672.568	614.958	695.084	790.999	789.281	778.064	810.998	872.116	834.960	982.216	1032.240	940.523	868.861
79	762.454	661.070	664.202	605.505	665.939	738.745	776.875	758.263	777.590	851.686	795.567	950.923	1064.056	895.146	866.090
80	722.659	632.251	630.843	595.875	644.050	723.755	731.139	733.824	747.574	826.735	775.488	908.737	1036.592	892.458	845.334
81	690.791	603.019	614.865	585.705	640.687	675.351	706.274	726.307	719.951	793.471	753.929	877.218	1036.605	857.817	795.470
82	671.242	592.318	605.600	574.872	637.100	672.313	696.802	686.103	711.513	762.213	739.377	859.094	994.579	809.984	763.613
83	630.336	584.962	606.125	589.448	620.379	646.175	671.594	679.062	704.333	752.022	716.246	849.849	975.261	803.960	738.690
84	639.684	579.988	586.616	559.834	602.632	636.106	654.079	661.180	682.740	740.214	716.514	819.442	944.445	768.172	724.845
85	633.723	573.862	566.196	542.306	584.221	617.924	646.376	657.979	670.805	719.730	702.250	778.580	894.435	744.358	703.290
86	589.811	543.207	576.124	550.280	581.155	621.865	623.492	660.436	656.900	692.315	672.045	755.112	876.264	752.641	686.676
87	580.044	545.129	551.235	557.112	569.980	606.696	618.431	649.840	655.378	677.183	674.428	754.559	843.164	735.709	683.210
88	567.294	529.535	549.152	538.916	536.201	580.792	597.351	635.754	633.899	683.187	673.535	718.350	819.673	720.518	655.064
89	562.582	505.662	519.312	522.183	554.414	572.237	582.581	623.152	636.254	667.361	651.519	714.737	791.511	692.892	642.040
90	554.332	515.490	512.402	515.602	550.776	577.057	581.323	616.401	624.667	650.221	633.672	713.745	764.831	677.219	638.335
91	530.489	503.078	500.787	497.772	536.295	553.453	567.795	586.036	616.294	640.372	626.050	679.752	733.501	655.908	624.900
92	531.494	494.478	503.524	495.321	534.669	538.518	565.085	582.749	608.536	637.821	618.398	657.019	734.137	655.762	585.927
93	525.217	474.720	508.266	489.089	537.784	540.437	550.942	586.226	583.081	634.755	594.517	650.091	698.092	638.734	575.191
94	490.841	468.558	494.376	490.400	516.965	524.977	529.194	578.739	551.573	603.425	585.998	671.943	672.662	610.144	556.669
95	503.156	463.373	477.915	483.035	521.317	515.059	525.851	577.854	567.316	600.099	582.322	641.600	666.994	592.627	546.755
96	499.258	450.400	480.292	471.406	510.218	525.226	523.298	561.324	551.623	598.677	572.392	627.694	653.762	588.410	546.558
97	488.395	458.037	461.963	451.847	513.882	514.519	510.236	554.312	545.172	591.819	578.863	628.984	637.489	589.031	539.104
98	473.901	439.776	455.444	454.030	496.293	519.836	529.489	530.516	540.348	572.551	573.598	621.873	627.693	579.399	520.133
99	468.113	425.387	445.553	458.728	495.046	489.846	507.127	529.363	538.779	570.693	550.983	612.194	621.769	577.590	527.632
100	469.658	419.128	444.870	454.038	494.710	477.508	498.633	517.557	533.216	564.983	545.428	605.297	626.878	576.404	521.125
101	468.778	429.940	434.416	456.635	486.365	493.500	499.810	504.744	523.338	549.795	543.770	615.508	613.193	576.909	507.459
102	453.659	418.182	433.442	439.124	457.425	500.967	497.831	512.518	525.938	541.970	532.946	616.130	601.512	567.072	501.436
103	430.717	403.456	421.045	430.054	455.417	464.831	491.275	519.832	525.448	537.508	559.553	603.520	605.688	556.515	494.802
104	434.401	399.157	425.940	425.831	469.890	478.106	491.538	514.467	522.550	546.746	539.805	612.054	596.550	566.077	496.721
105	433.195	406.565	418.203	425.973	455.866	456.724	479.227	509.865	538.322	542.456	537.384	606.279	598.010	565.744	482.392
106	424.576	404.138	414.346	418.646	448.348	469.058	475.608	493.241	526.131	531.731	529.985	609.615	583.787	556.912	484.806
107	427.593	396.628	412.093	422.731	462.251	464.571	472.615	503.200	526.451	528.501	529.215	596.079	594.523	545.234	486.884
108	419.408	400.291	416.048	404.258	449.865	459.178	485.561	512.512	532.458	540.974	527.965	584.294	594.059	549.680	476.262
109	414.835	398.041	402.501	404.473	451.490	445.206	482.720	504.896	522.248	545.133	529.842	581.800	587.883	549.850	463.220
110	421.775	387.777	402.510	389.079	434.820	425.254	456.531	488.376	529.030	545.967	534.882	571.002	574.047	552.962	460.023
111	413.314	394.838	398.714	402.210	438.399	435.929	456.595	486.525	511.805	528.627	536.170	551.954	576.252	546.142	469.127
112	405.449	382.083	393.845	389.960	431.063	443.765	457.727	480.000	508.918	538.834	535.428	564.570	580.066	548.244	473.518
113	400.430	392.130	390.523	385.096	428.333	442.832	444.686	475.022	516.282	537.886	520.204	570.269	571.533	535.414	472.229
114	407.516	382.055	385.861	387.929	423.633	436.968	440.147	463.852	516.977	538.147	526.200	549.297	552.052	532.626	462.982
115	394.274	379.595	383.638	382.702	437.748	451.557	433.169	461.041	530.431	546.955	530.071	537.586	563.726	529.110	454.776
116	394.453	365.975	374.458	375.062	434.851	448.603	445.190	466.060	525.334	529.995	529.278	545.818	557.043	515.830	458.956
117	382.216	385.148	382.981	366.883	443.809	438.649	439.624	460.143	502.130	525.484	518.125	559.099	537.994	512.031	453.825
118	385.355	372.184	378.450	380.677	431.788	440.383	421.620	467.894	512.768	518.885	519.224	561.080	542.211	509.202	432.963
119	382.897	365.246	370.122	378.274	432.541	426.252	431.265	460.461	513.085	531.388	530.153	562.955	546.404	533.361	429.858
120	378.896	379.863	382.689	374.233	433.072	433.546	432.444	463.570	504.380	520.833	527.343	551.028	537.804	515.165	436.035
121	367.641	370.586	376.336	378.098	430.219	438.573	429.274	454.814	510.916	516.633	543.013	542.753	544.671	503.206	445.651
122	370.730	362.047	372.429	373.309	440.349	416.622	418.224	453.002	499.332	522.579	534.088	566.126	545.994	500.770	454.235
123	370.253	362.575	371.894	363.063	429.413	431.499	428.500	452.939	504.550	504.785	547.059	566.874	550.209	512.986	434.219
124	364.680	357.599	373.764	365.770	432.674	422.322	416.979	464.941	488.218	519.065	535.698	559.420	552.212	499.343	427.811
125	351.325	359.763	365.076	377.139	425.064	431.088	415.149	463.694	488.233	516.254	528.922	568.911	538.717	491.089	428.134
126	356.368	356.467	364.771	389.774	425.929	431.833	404.568	469.901	497.692	525.072	532.930	584.617	554.661	510.579	420.064
127	350.351	344.645	369.568	376.331	441.423	424.974	412.990	454.952	485.360	503.754	532.858	606.922	541.236	518.246	407.285
128	362.477	352.909	360.071	363.694	431.260	432.315	417.255	447.836	479.693	503.137	537.027	617.674	572.172	521.773	421.509
129	349.158	345.917	345.480	372.257	433.341	427.622	405.445	447.063	489.289	498.588	528.316	604.659	569.546	532.008	424.380
130	342.542	349.811	354.024	368.736	437.185	427.254	399.430	433.166	503.992	507.666	536.166	616.594	601.960	544.396	420.252
131	345.661	347.676	360.462	380.820	430.255	423.656	395.993	439.734	486.844	504.640	551.059	636.831	618.730	553.532	426.762
132	353.910	349.587	351.481	357.524	422.022	422.009	397.553	440.190	480.190	521.048	555.433	664.712	612.114	549.507	410.472
133	333.761	336.219	350.799	356.593	441.524	426.916	402.355	425.127	483.244	525.333	557.037	677.531	616.736	561.234	413.172
134	335.635	350.560	354.201	358.386	440.615	437.739	405.440	435.090	501.960	531.543	563.032	698.638	646.817	562.675	393.087
135	331.638	354.853	353.012	362.868	440.070	440.084	406.952	445.362	508.950	548.726	579.775	720.425	663.185	568.369	405.633
136	334.035	347.231	356.510	354.380	440.915	429.477	400.414	432.997	506.192	549.649	587.520	722.562	682.246	590.639	415.523
137	329.153	342.896	362.591	354.681	429.321	433.836	393.086	441.955	512.909	561.665	597.431	745.976	699.919	614.065	412.217
138	327.010	342.578	367.487	352.324	446.650	431.694	391.850	441.691	520.493	576.320	606.269	787.616	733.308	619.278	411.164
139	319.744	345.565	364.850	359.452	450.821	438.011	387.218	434.910	539.238	589.588	636.678	814.360	744.996	639.337	416.447
140	320.167	345.332	360.751	356.817	444.085	440.554	397.142	436.773	541.160	614.763	634.770	840.693	753.630	663.327	423.939
141	325.402	341.841	355.041	356.108	436.554	449.283	393.642	469.346	544.125	631.963	653.046	851.121	794.182	680.573	417.633
142	332.735	347.438	359.740	365.563	455.106	458.962	385.283	472.610	578.582	654.795	672.924	889.697	815.116	686.272	418.823
143	333.681	347.362	368.697	380.161	460.073	469.165	395.772	478.917	594.633	676.051	689.872	915.603	846.884	706.635	435.843
144	324.907	346.092	358.200	364.522	482.273	471.039	400.237	481.342	607.008	689.124	692.052	953.922	848.619	731.044	428.244
145	329.705	345.208	362.450	364.021	481.977	474.967	401.086	489.371	639.606	709.449	732.637	982.727	876.004	748.621	453.598
146	325.846	351.761	368.817	351.293	496.780	481.009	403.673	499.198	654.253	739.781	749.998	993.661	899.039	761.923	459.643
147	329.647	350.791	354.043	363.150	486.807	488.423	410.571	514.524	676.879	761.831	781.615	1011.747	919.323	780.608	447.785
148	329.000	358.129	363.689	372.954	484.340	479.141	404.539	511.301	679.738	785.018	793.673	1062.776	936.068	820.215	453.900
149	324.614	340.227	365.552	370.278	507.221	471.072	427.184	528.822	724.765	800.509	826.205	1080.868	961.750	850.822	461.204
150	322.132	340.812	358.156	362.917	508.244	500.029	425.858	535.035	736.141	830.295	859.293	1089.314	984.126	846.062	459.683
151	335.898	353.657	358.572	369.206	503.234	498.356	422.792	557.250	762.836	841.583	863.011	1105.468	1004.007	868.796	467.536
152	327.634	347.693	354.944	387.264	514.160	520.899	435.036	572.691	786.193	859.332	871.097	1130.456	1032.393	902.098	483.267
153	336.387	346.371	372.935	374.813	513.081	520.831	452.698	601.494	807.986	886.072	921.255	1151.200	1049.100	917.622	493.694
154	343.388	352.940	374.755	376.425	533.258	531.581	456.113	621.876	829.181	918.488	962.863	1176.414	1054.258	929.088	506.404
155	338.346	362.091	372.389	387.622	537.879	553.094	455.342	636.801	846.969	948.308	1001.689	1191.342	1079.379	948.232	519.969
156	330.342	359.708	371.106	385.700	560.540	551.737	461.407	632.756	869.984	964.411	989.219	1222.798	1103.108	988.991	521.723
157	336.616	356.822	379.811	387.830	559.441	561.472	472.153	664.584	887.301	982.048	1022.805	1276.028	1126.717	1021.338	541.466
158	340.223	361.918	379.611	388.699	577.669	590.098	485.529	704.451	895.667	1009.491	1061.843	1297.326	1143.651	1013.710	549.824
159	338.790	352.430	379.978	399.179	580.827	595.296	485.693	711.934	925.349	1056.173	1087.912	1335.185	1177.521	1033.753	564.634
160	337.370	360.402	380.136	409.525	587.060	608.627	497.652	741.740	945.944	1085.853	1122.693	1383.329	1197.663	1065.426	571.097
161	333.877	368.140	390.243	410.175	604.353	624.790	518.175	763.857	965.144	1097.753	1157.538	1393.781	1231.341	1101.271	576.971
162	346.904	370.741	384.923	404.133	611.267	644.373	509.279	777.650	996.866	1103.466	1189.525	1424.258	1258.807	1130.657	615.548
163	997.367	997.367	1020.456	1063.914	1074.527	1091.568	1121.131	1093.429	1119.145	1117.225	1153.123	1139.706	1126.718	1100.152	1137.910
164	990.375	990.375	1021.910	1011.399	1070.939	1076.998	1128.586	1070.912	1122.393	1104.278	1109.212	1114.573	1102.265	1085.306	1115.068
165	987.019	987.019	992.005	998.431	1062.914	1081.708	1107.922	1075.777	1092.297	1085.505	1104.129	1115.080	1101.104	1071.084	1077.887
166	989.178	989.178	1005.692	1021.412	1040.228	1080.284	1114.403	1065.699	1094.699	1082.754	1109.643	1108.431	1085.601	1065.765	1071.027
167	951.356	951.356	1008.169	999.242	1025.077	1064.660	1077.276	1064.094	1089.752	1091.627	1101.483	1072.040	1074.624	1059.419	1064.456
168	951.242	951.242	979.328	994.763	1003.909	1067.164	1091.565	1078.091	1083.062	1114.008	1072.062	1085.082	1062.267	1050.779	1067.158
169	963.717	963.717	985.580	986.229	1015.990	1061.733	1083.293	1077.423	1101.611	1081.125	1062.382	1057.522	1058.031	1038.549	1067.675
170	954.281	954.281	965.665	990.855	996.693	1083.840	1057.266	1083.069	1067.754	1075.360	1073.803	1041.155	1047.042	1044.465	1041.409
171	956.038	956.038	944.741	974.370	1017.240	1068.271	1047.579	1071.386	1087.618	1071.414	1073.983	1030.109	1060.417	1035.278	1034.910
172	960.635	960.635	959.884	995.203	1013.169	1047.183	1050.322	1105.088	1084.836	1064.108	1068.541	1043.664	1062.439	1073.176	1032.860
173	953.004	953.004	962.278	968.684	1009.229	1056.775	1062.053	1091.500	1051.281	1071.089	1062.747	1043.267	1069.359	1047.782	1023.828
174	959.964	959.964	968.751	973.879	999.165	1055.499	1051.524	1073.589	1075.801	1049.585	1088.785	1028.160	1052.004	1055.236	1044.621
175	974.816	974.816	941.410	973.056	1004.987	1058.170	1043.762	1065.088	1063.380	1030.945	1041.397	1038.965	1060.064	1057.068	1051.141
176	964.110	964.110	947.527	990.421	1012.935	1067.532	1059.808	1062.519	1042.241	1032.766	1045.147	1024.043	1048.329	1052.517	1049.341
177	962.935	962.935	944.081	981.470	1001.675	1058.984	1069.318	1034.177	1040.312	1025.027	1045.945	1008.635	1045.735	1048.538	1068.007
178	958.983	958.983	956.960	982.085	990.382	1058.828	1094.194	1035.639	1036.631	1028.181	1057.275	1027.177	1039.463	1027.151	1064.311
179	985.149	985.149	944.615	1002.392	1029.331	1049.528	1110.732	1025.589	1028.613	1045.158	1050.984	1025.455	1017.674	1025.421	1042.632
180	970.870	970.870	967.174	1010.175	1023.698	1053.346	1091.303	1013.120	1012.056	1035.514	1058.580	1030.688	1013.915	1012.933	1047.401
181	975.675	975.675	994.859	994.469	1030.234	1069.461	1101.122	1050.081	1026.383	1028.357	1063.982	1023.340	1011.462	1017.252	1038.990
182	974.724	974.724	956.953	1002.830	1038.992	1063.966	1108.962	1016.206	1013.295	1030.474	1038.108	1031.862	1022.546	1023.140	1057.143
183	993.427	993.427	950.848	1018.704	1052.399	1054.215	1119.208	1040.644	1022.319	1008.602	1033.466	1038.354	1007.971	1023.771	1085.617
184	992.895	992.895	972.410	999.136	1033.282	1055.115	1093.796	1028.910	1024.627	1008.382	1022.949	1043.004	1025.237	1036.296	1033.859
185	994.013	994.013	961.306	1012.518	1061.331	1077.668	1080.781	1003.052	1017.910	1007.288	1020.855	1041.684	1031.139	1054.722	1074.841
186	1017.125	1017.125	992.624	1033.189	1054.631	1055.227	1078.486	1014.491	1004.484	1027.862	1016.817	1037.822	1064.008	1065.535	1088.592
187	1012.857	1012.857	1005.942	1054.538	1062.864	1075.734	1069.466	1022.973	1011.722	1021.655	1039.537	1040.962	1046.437	1052.265	1083.183
188	1029.029	1029.029	990.822	1063.101	1053.646	1079.841	1079.093	1019.840	1029.069	1011.310	1052.783	1033.188	1036.622	1033.991	1087.579
189	1008.628	1008.628	1014.316	1039.498	1051.110	1064.578	1063.744	1021.374	1032.964	1008.153	1038.773	1054.937	1044.994	1050.907	1085.403
190	1017.131	1017.131	1021.079	1027.637	1035.712	1070.054	1039.460	1016.682	1020.974	1008.086	1027.477	1055.617	1051.968	1075.976	1082.048
191	1013.947	1013.947	1040.772	1028.081	1055.276	1077.590	1024.142	1038.027	1014.941	1023.788	1021.968	1046.940	1058.391	1058.319	1075.083
192	1008.566	1008.566	1044.197	1039.463	1053.695	1048.929	1047.029	1029.861	1022.830	1006.860	1035.801	1055.526	1032.990	1048.372	1076.574
193	1023.947	1023.947	1047.103	1043.550	1053.522	1022.007	1043.441	1019.138	1030.772	1016.147	1037.041	1043.485	1049.826	1063.412	1050.107
