 	Profile_Slice_1	Profile_Slice_2	Profile_Slice_3	Profile_Slice_4	Profile_Slice_5	Profile_Slice_6	Profile_Slice_7	Profile_Slice_8	Profile_Slice_9	Profile_Slice_10	Profile_Slice_11	Profile_Slice_12	Profile_Slice_13
1	1217.324	1217.324	1175.354	1105.997	1089.563	1089.089	1121.933	1070.771	1042.407	1073.761	1068.327	1034.639	1045.129
2	1187.024	1187.024	1176.439	1105.616	1073.762	1099.446	1095.561	1049.160	1077.516	1054.872	1078.288	1026.997	1040.438
3	1193.764	1193.764	1176.691	1084.442	1064.758	1085.234	1106.645	1069.533	1054.540	1048.781	1056.928	1012.361	1038.285
4	1223.932	1223.932	1150.036	1070.910	1080.385	1090.758	1074.330	1043.821	1056.447	1065.033	1054.625	1038.503	1034.414
5	1199.390	1199.390	1144.111	1106.224	1072.256	1086.110	1079.660	1049.297	1048.867	1044.493	1071.430	1018.885	1021.799
6	1207.716	1207.716	1134.585	1079.175	1092.841	1073.927	1061.787	1017.919	1050.065	1061.567	1061.291	1033.887	1015.802
7	1176.171	1176.171	1106.591	1100.211	1079.001	1076.194	1078.886	1035.128	1059.516	1042.749	1062.988	1017.321	1013.037
8	1184.306	1184.306	1106.441	1075.824	1098.254	1085.537	1049.541	1052.687	1044.557	1062.764	1061.589	1013.981	1031.938
9	1149.784	1149.784	1099.296	1084.960	1092.500	1077.965	1069.894	1050.011	1037.199	1057.825	1050.621	1031.346	1013.526
10	1171.568	1171.568	1086.968	1073.027	1090.741	1075.594	1065.539	1043.232	1035.166	1060.773	1040.088	1028.000	1007.268
11	1151.651	1151.651	1075.925	1063.742	1074.708	1079.106	1043.185	1015.525	1041.112	1050.055	1051.647	1013.116	1002.639
12	1134.588	1134.588	1074.606	1084.032	1088.257	1065.582	1066.780	1011.288	1038.367	1057.831	1062.485	1026.432	1018.345
13	1114.656	1114.656	1052.563	1080.982	1069.982	1086.333	1046.212	1025.015	1048.296	1042.759	1042.908	1036.672	996.491
14	1111.148	1111.148	1070.105	1081.510	1073.868	1066.867	1046.350	1026.825	1024.148	1048.145	1032.410	1013.242	1028.236
15	1095.910	1095.910	1060.789	1069.684	1089.260	1063.418	1055.160	1033.091	1033.817	1032.221	1067.269	1034.777	1035.867
16	1088.149	1088.149	1080.013	1057.313	1077.971	1070.092	1047.436	1027.234	1042.089	1070.637	1066.227	1007.969	1039.114
17	1099.545	1099.545	1066.299	1052.254	1073.675	1085.768	1064.761	1024.768	1043.503	1037.077	1048.327	1003.436	1018.232
18	1106.462	1106.462	1049.831	1066.208	1082.319	1079.857	1045.152	1015.765	1037.530	1043.303	1050.043	1004.996	1023.930
19	1079.412	1079.412	1076.654	1058.119	1091.135	1055.646	1052.313	1017.428	1045.398	1059.461	1053.927	1018.782	1020.867
20	1091.600	1091.600	1076.651	1071.365	1085.596	1058.676	1049.935	1029.836	1033.555	1053.143	1057.045	1013.165	1032.875
21	1072.406	1072.406	1088.287	1074.838	1096.011	1081.928	1053.655	1024.338	1024.319	1058.569	1049.948	1009.692	1018.377
22	1091.912	1091.912	1076.570	1070.585	1097.924	1070.928	1049.787	1023.474	1041.118	1053.255	1064.249	1023.976	1017.826
23	1068.495	1068.495	1082.384	1069.418	1083.326	1055.352	1035.336	1041.625	1043.137	1042.104	1074.600	992.510	1001.655
24	1064.001	1064.001	1089.890	1067.024	1078.536	1067.145	1045.167	1023.769	1037.161	1038.089	1026.626	997.064	1005.787
25	1096.190	1096.190	1081.921	1073.389	1094.040	1073.811	1064.624	1041.095	1044.696	1066.543	1059.295	1007.017	1015.436
26	1090.150	1090.150	1085.733	1078.831	1113.778	1057.082	1054.198	1029.717	1027.590	1040.417	1039.445	1010.707	1006.712
27	1080.720	1080.720	1093.622	1081.165	1102.540	1089.592	1045.943	1015.045	1021.865	1047.077	1054.542	1005.712	1010.365
28	1099.298	1099.298	1085.147	1077.592	1113.608	1094.844	1047.629	1031.491	1032.739	1035.535	1058.753	1000.058	1014.791
29	1072.248	1072.248	1109.458	1079.899	1105.866	1085.800	1038.509	1014.635	1017.921	1041.137	1072.407	1016.351	1006.616
30	1080.611	1080.611	1133.723	1071.466	1106.561	1090.833	1048.132	1019.106	1026.266	1047.480	1055.688	1031.612	996.549
31	1079.443	1079.443	1142.136	1102.993	1135.025	1086.769	1063.037	1029.891	1033.983	1065.478	1052.193	1019.003	1011.952
32	1077.467	1077.467	1135.874	1107.632	1153.759	1104.510	1071.670	1018.404	1030.952	1052.879	1057.956	1024.881	1017.051
33	1112.761	1112.761	1144.323	1083.433	1173.816	1087.571	1030.513	1025.041	1028.124	1072.242	1052.093	1062.248	1033.052
34	1090.340	1090.340	1162.555	1095.299	1173.167	1101.819	1049.984	1034.259	1032.191	1043.722	1049.481	1074.549	1007.736
35	1084.604	1084.604	1188.289	1110.345	1164.913	1098.034	1062.709	1019.437	1032.016	1070.752	1073.614	1096.121	995.813
36	1093.289	1093.289	1146.587	1154.152	1161.318	1138.187	1054.199	1054.108	1043.149	1060.404	1069.366	1134.283	1040.935
37	1123.378	1123.378	1166.347	1139.240	1197.967	1131.401	1071.926	1067.024	1045.046	1079.490	1121.576	1133.788	1028.851
38	1117.125	1117.125	1188.975	1152.163	1195.193	1148.142	1093.426	1055.638	1061.884	1121.433	1153.265	1159.194	1031.849
39	1123.072	1123.072	1173.897	1173.382	1198.123	1183.268	1091.411	1058.939	1073.783	1115.718	1150.713	1214.966	1041.936
40	1135.227	1135.227	1203.500	1180.521	1228.564	1175.044	1090.061	1070.886	1089.671	1119.450	1201.142	1245.335	1072.563
41	1138.969	1138.969	1200.657	1227.478	1222.610	1205.124	1114.458	1106.667	1100.117	1118.850	1203.033	1242.957	1071.194
42	1149.582	1149.582	1198.250	1230.842	1244.825	1230.996	1134.131	1087.658	1142.604	1174.527	1233.804	1267.975	1117.043
43	1159.411	1159.411	1233.511	1242.875	1262.060	1258.870	1148.396	1128.843	1136.464	1180.644	1260.042	1287.826	1151.425
44	1166.029	1166.029	1247.705	1233.323	1289.569	1272.183	1161.835	1151.624	1146.239	1190.591	1254.444	1302.019	1155.432
45	1163.043	1163.043	1289.714	1245.814	1308.657	1273.499	1204.815	1177.401	1175.406	1223.553	1272.180	1312.109	1184.464
46	1184.070	1184.070	1306.375	1266.562	1311.005	1261.593	1205.538	1204.112	1183.110	1242.733	1322.576	1311.905	1220.969
47	1172.092	1172.092	1332.650	1249.221	1307.041	1256.146	1206.784	1215.335	1195.879	1252.220	1309.871	1327.693	1231.492
48	1175.453	1175.453	1334.170	1288.204	1333.565	1288.851	1244.359	1210.318	1212.633	1285.289	1340.566	1297.068	1231.245
49	1189.500	1189.500	1358.657	1275.389	1334.264	1288.821	1241.878	1243.998	1196.432	1281.256	1339.067	1292.984	1241.811
50	1184.434	1184.434	1341.668	1298.573	1381.214	1273.880	1237.640	1218.886	1228.872	1269.392	1331.845	1269.602	1244.264
51	1204.898	1204.898	1329.861	1307.815	1372.709	1303.147	1237.189	1211.272	1226.860	1269.073	1321.707	1221.474	1269.571
52	1201.470	1201.470	1361.923	1324.292	1365.951	1314.397	1239.408	1222.249	1215.225	1268.738	1314.364	1191.164	1290.262
53	1220.087	1220.087	1362.984	1367.212	1395.272	1337.370	1263.612	1224.651	1206.359	1265.943	1284.622	1126.223	1256.772
54	1259.018	1259.018	1361.808	1374.061	1364.811	1324.906	1253.864	1192.096	1179.039	1279.570	1273.601	1071.065	1193.893
55	1281.990	1281.990	1361.865	1396.412	1358.013	1318.052	1257.108	1203.919	1205.341	1249.674	1258.482	1042.480	1139.470
56	1264.681	1264.681	1326.369	1392.125	1325.213	1268.320	1249.810	1201.948	1177.579	1239.213	1200.552	999.335	1127.468
57	1273.575	1273.575	1314.598	1403.090	1299.908	1258.463	1233.987	1204.662	1172.581	1223.508	1163.081	979.416	1079.280
58	1258.521	1258.521	1287.737	1403.218	1253.681	1240.250	1227.226	1201.614	1176.334	1206.556	1114.365	932.459	995.693
59	1277.836	1277.836	1264.727	1404.957	1191.661	1201.844	1239.694	1204.065	1176.601	1195.919	1051.651	915.742	991.415
60	1284.858	1284.858	1227.695	1342.378	1122.224	1166.178	1231.676	1156.382	1156.872	1150.519	1014.552	880.411	932.791
61	1273.497	1273.497	1168.000	1275.787	1047.454	1117.111	1196.876	1096.784	1132.809	1092.352	974.314	871.768	897.459
62	1281.295	1281.295	1123.820	1200.123	1016.836	1052.457	1179.469	1056.762	1122.355	1051.567	941.356	855.997	896.921
63	1310.479	1310.479	1054.840	1130.222	969.654	998.443	1149.423	1015.929	1116.292	1014.387	911.463	861.067	873.909
64	1296.248	1296.248	1030.903	1086.239	917.001	967.425	1068.582	957.428	1037.843	968.442	891.862	838.235	851.842
65	1255.363	1255.363	1008.362	980.375	901.697	943.899	1049.539	942.345	995.347	933.448	872.066	806.504	842.680
66	1240.886	1240.886	967.935	953.317	892.087	930.180	988.804	944.236	966.105	915.337	833.656	788.276	823.380
67	1202.437	1202.437	935.413	939.620	908.258	904.590	926.956	927.297	917.951	875.814	851.471	785.204	792.588
68	1155.017	1155.017	910.017	928.822	876.027	899.708	906.232	884.518	899.228	863.940	818.927	765.078	801.522
69	1120.688	1120.688	915.945	897.322	855.419	873.164	888.476	837.761	878.232	854.359	821.756	752.425	768.368
70	1069.034	1069.034	878.977	868.310	832.955	852.306	883.579	840.199	861.561	815.645	808.037	733.655	766.489
71	1029.252	1029.252	844.930	859.969	816.630	828.900	862.218	799.154	847.357	813.946	796.021	721.822	744.221
72	1006.300	1006.300	820.257	839.356	804.381	804.196	844.656	805.259	822.217	786.307	785.725	716.339	743.224
73	969.699	969.699	799.090	830.157	783.242	796.250	830.144	783.930	839.710	788.587	763.989	680.539	719.628
74	946.483	946.483	794.716	803.268	766.285	793.145	797.608	774.383	778.487	783.511	760.667	701.532	716.343
75	891.164	891.164	793.175	790.212	775.967	764.979	786.724	776.069	777.083	750.893	727.340	685.736	710.093
76	879.153	879.153	782.237	773.241	764.148	760.427	777.149	758.250	772.610	748.299	726.779	679.504	698.039
77	874.835	874.835	757.461	774.362	756.032	757.688	766.481	727.630	750.611	737.468	713.332	667.206	701.736
78	845.762	845.762	756.506	743.702	724.828	735.334	757.496	718.693	749.967	740.350	730.173	669.109	693.809
79	826.476	826.476	743.596	756.598	730.806	740.466	746.091	705.183	723.604	726.865	709.938	661.069	672.205
80	808.368	808.368	734.511	716.142	703.932	702.259	718.323	707.451	744.826	719.893	676.584	663.696	675.627
81	800.249	800.249	738.638	708.734	690.486	708.328	712.381	697.927	725.422	707.010	674.142	645.209	668.457
82	805.623	805.623	727.207	697.302	672.540	694.081	722.309	685.298	717.783	698.511	673.496	645.638	669.637
83	787.119	787.119	713.381	703.863	677.478	702.416	700.838	680.031	703.755	697.688	670.820	645.153	656.938
84	773.316	773.316	692.089	681.898	671.236	679.949	686.618	664.321	687.754	692.399	644.409	645.909	645.992
85	750.782	750.782	697.221	682.374	647.573	667.120	671.690	684.011	685.151	668.128	653.181	625.119	636.467
86	731.270	731.270	687.453	660.689	649.044	658.832	648.429	662.150	688.948	662.566	643.485	618.625	640.970
87	712.490	712.490	675.644	649.019	661.961	656.326	661.721	648.345	677.842	639.478	628.742	627.217	642.352
88	732.201	732.201	681.706	641.716	638.411	651.655	657.976	645.001	654.636	663.226	651.743	599.932	625.630
89	730.866	730.866	660.129	629.014	626.780	649.424	646.214	640.962	659.748	647.431	633.279	618.426	615.918
90	715.990	715.990	636.851	636.837	642.670	640.869	637.278	642.708	647.211	633.426	619.844	616.805	619.229
91	700.957	700.957	638.363	632.757	629.403	611.911	650.525	635.986	652.911	652.830	632.468	598.426	623.514
92	682.729	682.729	633.213	624.209	626.040	629.375	636.712	612.815	630.786	643.928	609.941	608.652	602.808
93	691.804	691.804	623.707	626.418	611.545	622.427	634.588	608.443	638.423	632.229	608.340	604.200	603.135
94	678.486	678.486	624.690	619.783	617.891	626.513	632.183	633.120	636.983	625.737	616.077	608.593	601.589
95	669.171	669.171	606.955	593.730	611.915	627.834	618.266	625.584	625.731	633.033	610.595	579.921	599.649
96	668.632	668.632	612.150	612.812	621.882	615.652	629.025	621.713	615.563	628.344	619.300	601.156	596.503
97	647.603	647.603	603.345	611.483	622.632	620.913	621.229	617.760	633.045	617.778	603.216	600.262	608.670
98	628.964	628.964	599.456	619.196	599.533	618.639	618.527	620.438	616.169	604.409	611.605	594.971	594.582
99	636.754	636.754	595.739	615.904	598.273	614.545	618.130	598.096	606.542	615.885	596.433	591.809	594.024
100	629.438	629.438	572.471	602.463	591.312	599.364	611.155	599.624	602.897	607.984	601.500	579.676	591.822
101	632.039	632.039	587.731	622.070	580.200	601.609	613.357	601.893	611.366	614.392	601.012	576.589	578.598
102	622.817	622.817	581.597	595.872	589.878	586.512	604.652	599.228	599.569	593.628	596.973	573.240	586.683
103	618.087	618.087	594.951	577.856	595.080	589.419	609.993	583.200	600.676	593.615	598.596	572.618	574.761
104	605.525	605.525	577.825	578.705	582.010	594.467	597.866	582.405	593.401	601.953	595.205	585.032	574.034
105	611.749	611.749	583.546	582.890	583.499	581.782	596.220	582.286	597.020	596.926	596.317	587.887	570.935
106	606.859	606.859	566.820	579.475	590.696	588.574	590.243	589.452	578.993	591.729	572.942	565.481	577.134
107	602.532	602.532	572.268	577.871	592.798	557.387	585.754	586.613	593.680	580.780	575.865	576.828	574.299
108	605.041	605.041	580.985	567.245	581.673	576.803	594.926	578.923	583.008	585.776	589.118	568.259	580.687
109	595.118	595.118	571.391	570.920	569.878	586.382	597.014	580.199	567.424	594.669	594.815	576.965	576.786
110	593.667	593.667	566.157	567.965	570.475	581.304	588.561	561.717	578.082	580.042	583.078	572.264	571.212
111	589.924	589.924	559.512	547.442	575.793	581.611	576.574	577.684	579.348	573.730	580.740	569.878	565.701
112	599.140	599.140	563.803	562.259	562.733	580.387	582.631	572.160	574.625	580.989	573.013	560.479	557.948
113	576.177	576.177	545.700	569.710	564.804	561.686	585.447	580.674	577.189	580.262	564.534	568.792	562.640
114	574.177	574.177	558.463	565.221	569.184	573.643	572.255	561.617	568.002	599.286	570.271	571.027	573.847
115	565.528	565.528	543.487	557.797	562.869	566.537	576.331	572.502	565.991	579.446	570.224	569.042	567.253
116	569.911	569.911	542.161	553.810	563.899	570.010	579.466	554.264	554.559	568.903	559.431	558.619	550.355
117	561.255	561.255	546.694	551.130	559.040	560.684	566.258	569.598	573.917	555.299	571.921	557.211	561.624
118	573.493	573.493	543.941	553.592	569.329	563.247	562.714	564.150	578.625	576.175	567.268	562.070	552.016
119	566.716	566.716	545.592	552.500	548.501	575.446	562.835	556.872	550.843	569.784	570.065	554.942	578.006
120	584.354	584.354	542.487	533.891	542.453	560.636	562.129	555.819	550.604	571.451	560.774	551.849	543.104
121	564.086	564.086	548.593	555.462	559.273	558.516	559.736	552.724	559.784	564.886	556.594	542.054	553.333
122	553.134	553.134	546.735	553.189	545.783	552.125	549.359	567.845	551.700	562.880	556.851	543.248	553.549
123	568.484	568.484	536.316	535.477	547.819	551.398	562.351	554.513	549.857	559.864	557.467	539.306	542.730
124	565.228	565.228	537.920	535.069	544.899	545.911	568.329	554.021	551.277	555.691	560.978	553.733	553.349
125	555.727	555.727	536.577	538.636	566.482	553.513	553.935	542.603	553.950	554.869	555.712	544.517	552.933
126	552.304	552.304	529.993	528.837	546.478	566.419	564.499	544.360	561.548	550.953	547.304	542.440	537.977
127	569.953	569.953	528.658	541.944	542.222	547.314	558.137	554.071	542.228	550.981	550.716	547.387	542.114
128	531.927	531.927	526.083	547.964	528.306	551.212	556.695	542.877	548.325	553.694	551.412	550.088	540.042
129	540.168	540.168	509.424	535.803	536.289	545.888	548.271	551.589	547.806	542.043	556.349	544.825	537.218
130	539.417	539.417	530.488	535.015	536.131	540.805	564.454	536.338	560.963	558.243	545.834	547.692	529.144
131	539.068	539.068	529.852	534.125	553.142	550.755	555.634	544.016	552.856	543.927	550.427	539.594	541.689
132	556.147	556.147	541.599	526.845	543.147	550.255	565.221	537.992	550.131	556.453	537.108	534.208	534.095
133	546.427	546.427	519.769	533.657	531.157	547.623	542.843	550.445	539.370	533.753	553.643	534.923	533.633
134	542.369	542.369	516.974	525.385	514.668	547.608	553.454	558.758	540.809	550.250	542.550	521.735	548.927
135	537.804	537.804	528.726	519.011	538.279	532.673	540.153	545.207	534.347	545.884	550.008	530.167	547.067
136	541.074	541.074	519.889	505.100	533.391	542.469	553.615	540.557	555.565	539.910	537.740	529.526	530.277
137	544.905	544.905	506.672	532.199	532.521	549.024	542.592	542.310	542.962	542.916	561.448	548.369	530.592
138	523.837	523.837	520.869	516.192	524.536	553.904	535.671	537.349	555.520	535.004	546.377	532.223	538.470
139	544.642	544.642	511.673	529.527	532.667	556.427	542.316	535.169	560.297	525.076	536.784	537.967	527.856
140	531.432	531.432	533.152	525.627	529.969	530.120	545.617	530.372	546.180	542.699	528.622	538.375	531.868
141	517.759	517.759	509.993	514.341	520.019	523.049	531.519	534.811	537.863	525.582	522.943	543.536	541.519
142	527.183	527.183	528.145	510.598	531.623	510.470	537.085	532.831	532.514	531.199	542.386	535.577	523.750
143	521.371	521.371	507.957	520.059	519.752	525.891	544.963	528.270	530.914	539.287	528.333	527.649	517.033
144	525.114	525.114	515.089	511.530	510.582	523.070	525.659	543.025	539.444	548.096	526.619	541.430	527.727
145	513.886	513.886	512.534	503.986	521.674	536.350	528.415	530.033	538.317	532.793	543.390	529.442	535.201
146	542.707	542.707	516.453	516.647	525.970	527.198	542.106	529.036	535.395	526.864	520.780	525.003	525.933
147	532.090	532.090	509.756	525.581	531.449	526.805	521.119	524.943	533.122	539.950	524.983	519.449	518.552
148	512.405	512.405	501.834	519.209	518.040	525.168	527.610	532.593	524.563	538.324	538.853	533.773	521.673
149	518.999	518.999	513.920	527.365	531.042	524.163	514.023	546.627	535.877	531.022	516.183	514.100	526.645
150	524.608	524.608	507.477	511.284	517.219	523.666	534.882	527.316	542.614	528.619	533.943	540.683	530.027
151	507.727	507.727	503.296	511.283	512.015	522.586	533.034	519.658	536.061	531.886	527.341	527.783	526.497
152	508.988	508.988	501.570	519.512	513.184	524.568	511.591	508.873	533.446	539.772	530.549	528.496	513.745
153	516.452	516.452	495.319	502.944	523.812	524.498	525.107	522.191	536.190	552.749	527.218	529.498	531.729
154	510.644	510.644	490.186	501.666	520.832	528.157	513.162	527.820	535.353	530.601	519.136	512.747	515.330
155	513.096	513.096	488.722	511.052	515.081	523.601	519.597	518.002	534.604	518.550	517.726	519.287	529.109
156	514.791	514.791	508.405	507.617	503.451	512.702	530.846	517.713	528.437	526.804	525.569	513.710	513.261
157	512.910	512.910	512.664	518.323	512.857	518.870	520.716	529.123	524.104	525.142	529.640	527.450	529.909
158	520.532	520.532	493.762	489.882	521.452	514.265	523.247	513.654	524.431	523.752	508.961	519.922	515.128
159	508.191	508.191	497.725	498.479	502.323	511.718	519.383	518.625	522.474	516.741	536.168	516.563	522.143
160	513.526	513.526	497.863	504.799	516.214	524.550	521.504	515.691	514.922	517.796	516.210	502.543	510.050
161	497.901	497.901	509.255	505.063	517.693	513.702	512.179	525.268	525.176	509.895	515.158	522.253	518.703
162	518.307	518.307	491.127	497.812	501.394	504.542	517.172	516.539	526.514	524.798	516.512	512.154	504.809
163	513.832	513.832	496.822	496.695	523.075	498.178	525.177	517.129	531.597	522.187	519.233	527.365	516.320
164	514.565	514.565	485.650	502.087	511.568	510.059	518.238	527.719	518.888	511.142	520.742	519.104	511.655
165	503.929	503.929	494.836	489.991	511.143	530.713	524.369	513.329	506.157	529.369	529.478	524.518	504.236
166	515.327	515.327	505.306	501.937	519.658	499.289	517.578	510.715	517.362	522.586	524.889	526.050	517.333
167	512.843	512.843	496.187	500.323	507.292	506.376	533.155	519.032	518.497	531.169	519.939	512.238	512.257
168	501.265	501.265	498.764	490.537	506.538	513.731	511.879	517.080	534.762	513.345	515.620	515.791	512.510
169	499.210	499.210	508.408	504.938	488.695	505.337	520.337	523.691	528.156	527.984	516.172	524.760	527.732
170	511.810	511.810	497.377	492.060	504.888	512.327	499.492	508.476	522.606	516.927	517.496	515.224	510.335
171	507.151	507.151	498.738	492.559	512.294	513.203	508.250	504.662	516.927	525.119	518.642	507.426	516.129
172	498.773	498.773	479.840	495.133	510.519	513.249	521.382	514.859	528.128	518.688	520.793	521.316	513.761
173	498.808	498.808	506.278	486.094	499.621	498.897	509.339	506.432	498.695	527.474	503.735	506.457	514.044
174	502.133	502.133	490.894	499.902	513.712	510.837	523.011	514.818	521.877	523.938	525.235	509.595	509.693
175	506.916	506.916	485.147	505.765	505.600	513.421	515.087	514.039	522.650	509.736	517.111	497.988	509.539
176	506.773	506.773	487.484	483.709	499.674	492.686	502.089	520.687	515.041	526.929	514.426	508.172	505.072
177	511.693	511.693	477.358	496.510	503.680	512.473	507.608	530.155	516.862	508.845	522.394	522.345	521.620
178	502.509	502.509	488.525	484.928	515.992	511.869	518.879	501.058	501.649	525.688	515.448	512.735	514.839
179	502.276	502.276	496.368	480.309	491.372	521.241	523.400	503.169	525.347	533.986	506.060	527.601	496.925
180	500.103	500.103	473.383	491.191	514.624	497.225	496.195	525.047	514.422	512.694	509.470	518.691	505.826
181	509.504	509.504	492.654	492.888	503.552	513.244	506.499	487.923	519.142	519.131	509.620	502.953	496.392
182	486.164	486.164	498.713	485.746	511.936	499.981	521.794	511.216	518.312	518.656	520.543	516.779	507.468
183	500.262	500.262	492.964	488.487	508.979	499.575	507.187	510.150	513.264	518.579	508.420	507.393	517.495
184	504.642	504.642	503.199	501.342	490.172	506.998	493.021	511.763	512.251	515.689	513.290	498.488	516.881
185	493.754	493.754	491.848	487.554	497.073	512.204	502.063	513.322	503.881	520.262	524.857	508.694	506.382
186	499.735	499.735	487.085	491.090	496.726	502.764	512.985	505.237	514.874	512.551	519.437	524.447	515.371
187	499.469	499.469	485.824	472.358	489.118	511.400	506.690	511.514	513.140	512.696	517.079	514.186	508.883
188	496.825	496.825	488.707	486.970	497.013	503.792	518.993	503.158	507.343	512.687	514.516	515.132	497.755
189	485.983	485.983	473.067	493.969	510.654	497.825	506.935	499.028	509.743	514.610	516.250	504.894	494.775
190	491.900	491.900	490.371	487.413	492.561	496.121	494.321	514.286	520.984	518.155	503.699	512.140	513.211
191	497.002	497.002	486.542	496.038	495.395	512.578	499.044	520.140	515.991	520.199	502.972	516.788	497.929
192	492.788	492.788	496.333	502.409	505.684	503.930	510.284	512.287	519.083	507.529	521.567	508.812	511.078
193	489.426	489.426	483.537	489.904	496.132	506.915	506.739	510.628	510.707	516.796	516.658	515.435	519.150
194	496.843	496.843	496.375	501.972	493.821	503.286	500.836	505.731	510.324	519.919	507.709	501.045	503.601
195	487.364	487.364	486.882	486.072	504.321	494.225	502.604	511.007	509.912	521.744	506.584	491.822	505.370
196	494.601	494.601	486.318	487.127	508.414	490.772	504.974	522.446	505.768	505.500	521.474	504.666	508.155
197	515.303	515.303	473.661	493.610	487.491	494.576	490.095	510.488	508.284	514.903	506.675	505.353	496.938
198	505.992	505.992	484.841	503.185	505.082	506.243	511.265	485.197	517.076	529.376	508.845	508.961	501.463
199	502.880	502.880	481.047	474.055	491.976	511.092	502.560	517.083	503.532	509.394	516.825	509.443	513.387
200	496.270	496.270	489.581	484.787	492.474	488.793	510.185	510.581	510.735	506.861	512.951	524.494	508.795
201	498.277	498.277	468.073	488.195	500.152	493.669	510.576	502.144	509.040	520.078	503.855	511.787	501.759
202	490.606	490.606	471.938	471.117	497.388	503.225	519.504	511.282	501.569	499.828	499.181	514.775	497.344
203	491.436	491.436	483.216	493.441	505.887	506.759	516.374	496.047	513.275	500.742	505.776	509.332	503.616
204	494.614	494.614	489.256	490.335	500.216	499.910	506.927	495.930	497.427	501.527	514.679	501.390	498.594
205	506.375	506.375	482.803	482.643	491.443	501.007	505.685	494.953	501.753	508.904	500.710	498.267	491.036
206	493.510	493.510	476.849	481.799	495.893	498.150	503.077	503.327	508.868	510.741	501.462	512.568	511.954
207	500.042	500.042	476.711	488.853	499.354	499.208	507.075	506.808	493.986	501.262	514.122	505.477	503.517
208	485.969	485.969	483.618	492.182	488.805	501.592	502.505	496.864	504.996	507.009	499.928	509.116	502.904
209	491.238	491.238	467.945	484.563	510.926	505.273	504.149	503.018	495.732	515.010	502.377	507.475	511.236
210	493.196	493.196	491.005	490.015	488.371	495.994	513.785	513.812	501.437	506.459	503.943	502.105	514.205
211	478.370	478.370	487.363	493.052	483.069	491.654	502.628	509.150	512.387	497.685	501.642	501.760	511.187
212	499.866	499.866	475.965	489.436	497.303	490.851	509.209	495.130	507.240	514.857	506.410	509.120	492.181
213	497.672	497.672	494.080	488.712	500.882	498.200	515.501	499.828	510.831	512.045	503.583	499.339	506.776
214	503.385	503.385	494.933	483.149	493.074	509.448	500.254	505.306	508.826	504.342	515.268	501.680	503.972
215	508.067	508.067	470.520	482.506	493.577	504.190	509.494	495.032	501.568	510.525	498.376	510.682	499.681
216	484.050	484.050	485.917	484.641	501.785	500.263	500.281	497.554	510.093	503.453	505.115	488.734	491.239
