 	Profile_Slice_1	Profile_Slice_2	Profile_Slice_3	Profile_Slice_4	Profile_Slice_5	Profile_Slice_6	Profile_Slice_7	Profile_Slice_8	Profile_Slice_9	Profile_Slice_10	Profile_Slice_11	Profile_Slice_12	Profile_Slice_13
1	1122.682	1122.682	1065.681	1056.680	1058.893	1078.588	1106.444	1142.460	1235.735	1298.549	1322.825	1297.139	1187.098
2	1111.132	1111.132	1060.008	1063.762	1036.525	1083.982	1106.077	1141.228	1240.979	1285.856	1305.421	1277.098	1179.187
3	1094.394	1094.394	1064.678	1044.968	1042.240	1087.391	1112.728	1158.574	1223.555	1282.064	1322.250	1267.332	1179.949
4	1077.355	1077.355	1054.098	1024.080	1035.658	1084.650	1127.592	1147.551	1211.820	1270.903	1290.722	1249.234	1164.221
5	1074.611	1074.611	1034.026	1018.655	1052.719	1085.644	1098.524	1143.480	1184.680	1222.981	1300.862	1245.712	1180.672
6	1055.449	1055.449	1038.151	1034.450	1035.635	1089.254	1116.640	1131.959	1184.133	1211.673	1276.227	1249.242	1165.679
7	1074.897	1074.897	1038.745	1032.666	1031.176	1068.481	1120.977	1136.700	1187.749	1202.656	1277.649	1231.960	1156.112
8	1058.283	1058.283	1040.285	1009.577	1034.790	1070.984	1116.395	1145.605	1184.906	1205.428	1285.519	1233.053	1133.527
9	1059.896	1059.896	1050.700	1023.898	1043.229	1082.975	1111.820	1133.155	1172.800	1191.035	1262.537	1211.760	1151.122
10	1059.635	1059.635	1043.108	1030.518	1039.623	1070.810	1123.149	1155.138	1177.742	1189.484	1242.724	1194.786	1163.888
11	1068.062	1068.062	1037.885	1042.076	1043.865	1102.424	1134.408	1174.054	1171.731	1201.065	1226.832	1162.401	1144.483
12	1083.216	1083.216	1028.669	1042.983	1051.986	1096.056	1126.264	1178.869	1165.309	1186.785	1208.312	1154.536	1141.948
13	1108.509	1108.509	1050.938	1053.273	1060.506	1107.384	1115.630	1190.821	1169.225	1191.895	1189.212	1172.390	1142.660
14	1103.996	1103.996	1056.888	1077.395	1078.242	1122.005	1115.918	1201.398	1195.827	1193.593	1188.305	1160.584	1158.909
15	1116.752	1116.752	1090.579	1086.478	1052.287	1112.994	1099.911	1180.002	1200.374	1219.938	1201.562	1161.705	1161.332
16	1134.083	1134.083	1095.165	1099.574	1054.651	1086.547	1078.284	1163.121	1208.642	1223.066	1194.841	1187.846	1172.714
17	1133.764	1133.764	1084.082	1108.725	1077.519	1079.503	1054.083	1130.015	1240.282	1263.747	1199.890	1170.807	1189.878
18	1108.966	1108.966	1088.633	1115.024	1082.535	1063.715	1007.484	1088.475	1245.208	1265.224	1230.188	1170.637	1185.300
19	1092.055	1092.055	1055.010	1107.840	1063.883	1015.951	957.009	1060.679	1249.023	1264.660	1224.955	1184.164	1145.426
20	1059.155	1059.155	1049.993	1089.339	1058.510	970.707	935.800	1004.630	1251.829	1264.609	1229.563	1181.190	1118.616
21	1027.755	1027.755	1016.353	1080.225	1010.156	954.477	928.215	957.230	1226.289	1262.614	1245.405	1178.058	1065.697
22	999.562	999.562	969.091	1038.894	984.408	917.339	909.978	938.599	1204.251	1222.348	1265.168	1200.527	1011.845
23	957.100	957.100	934.836	1000.466	942.123	893.898	888.652	911.151	1148.551	1186.233	1237.207	1177.286	962.500
24	932.360	932.360	894.696	964.469	926.048	871.817	866.728	889.738	1115.875	1141.036	1209.433	1158.661	927.358
25	914.691	914.691	857.440	952.682	890.594	875.230	863.282	865.169	1068.303	1094.780	1199.621	1164.856	900.513
26	909.908	909.908	862.152	918.068	872.984	855.326	854.438	853.167	991.840	1049.647	1168.903	1129.383	870.480
27	890.681	890.681	864.570	887.014	861.709	833.836	826.632	824.912	968.507	1000.485	1141.460	1095.114	861.612
28	882.456	882.456	852.294	855.692	850.175	831.147	810.355	823.187	940.289	971.065	1086.350	1032.410	848.388
29	862.308	862.308	836.080	847.975	827.102	823.416	814.986	812.929	914.774	937.984	1033.260	987.888	835.689
30	844.101	844.101	835.881	824.947	826.120	805.510	786.750	798.417	898.918	922.810	972.431	957.239	816.272
31	844.936	844.936	823.317	799.796	794.849	791.179	777.040	781.483	881.579	902.437	934.623	935.294	808.958
32	839.630	839.630	808.708	794.488	794.287	765.432	769.501	770.467	886.396	896.215	905.896	903.762	786.840
33	815.375	815.375	803.242	781.073	778.786	754.724	756.474	762.305	868.344	903.696	903.121	890.606	789.369
34	798.809	798.809	779.262	786.616	781.645	764.032	747.346	748.208	838.562	868.301	887.521	844.839	767.004
35	783.434	783.434	774.551	779.127	760.533	759.667	739.197	741.138	827.435	835.562	880.081	853.840	757.065
36	778.599	778.599	755.795	764.318	753.337	757.202	729.742	741.653	805.896	807.202	867.413	839.127	746.207
37	767.630	767.630	742.175	756.681	752.947	730.776	717.373	718.425	796.066	789.644	844.148	842.196	743.555
38	777.599	777.599	736.407	757.526	732.043	720.310	703.959	702.927	787.952	786.045	838.102	815.652	725.480
39	762.525	762.525	720.989	741.130	728.735	712.961	692.598	708.052	771.606	798.551	832.582	801.049	714.318
40	749.146	749.146	693.910	755.192	738.168	708.632	688.355	708.643	760.868	781.214	802.224	790.421	708.609
41	727.473	727.473	687.685	744.362	709.149	690.526	686.249	691.613	756.291	761.949	780.705	782.622	717.244
42	725.574	725.574	684.201	732.099	690.737	702.299	676.537	680.676	740.768	753.980	778.881	762.934	683.928
43	719.911	719.911	692.279	719.490	700.603	690.569	663.218	695.525	739.777	748.269	768.926	756.805	692.430
44	704.875	704.875	679.563	701.664	688.007	664.656	660.178	673.754	710.958	748.026	763.321	748.035	685.743
45	701.072	701.072	664.862	700.242	682.207	670.179	659.467	653.953	712.053	722.023	755.754	753.970	676.142
46	690.369	690.369	656.329	695.461	664.026	664.152	659.895	662.914	707.865	706.602	744.956	739.765	668.647
47	688.259	688.259	647.392	675.516	652.395	661.518	658.433	667.301	699.630	695.525	729.423	720.711	661.633
48	689.065	689.065	649.101	670.420	655.633	651.379	663.932	677.487	674.276	698.130	719.307	703.388	645.648
49	667.091	667.091	638.015	656.353	660.010	646.512	645.734	651.130	682.565	671.707	723.421	701.211	631.227
50	653.787	653.787	638.705	646.831	649.682	645.772	641.102	634.004	685.256	683.805	712.650	688.397	643.647
51	657.893	657.893	641.556	638.537	651.167	639.649	643.400	627.913	686.735	677.015	691.020	685.639	645.204
52	654.480	654.480	618.985	637.616	640.724	631.727	629.679	633.516	668.053	683.246	688.764	681.717	629.337
53	654.728	654.728	627.575	643.517	644.640	627.566	634.234	634.824	660.709	679.420	685.975	678.684	631.704
54	630.796	630.796	624.822	630.490	631.954	628.958	620.655	621.795	662.706	669.579	691.245	674.239	624.832
55	638.038	638.038	616.694	620.137	627.548	616.051	600.722	614.372	648.548	669.428	669.079	667.716	627.497
56	643.448	643.448	611.905	611.543	617.452	622.968	614.163	616.779	642.253	661.578	667.413	664.811	621.378
57	639.000	639.000	599.695	596.901	616.793	596.704	607.957	629.662	639.775	637.526	666.431	659.323	624.815
58	613.667	613.667	614.623	604.669	613.038	604.009	613.064	610.650	631.739	633.036	646.627	651.438	621.092
59	604.742	604.742	615.887	611.331	609.724	594.558	602.863	617.718	633.364	643.175	654.214	637.319	626.917
60	600.963	600.963	601.184	594.006	596.145	596.516	597.438	606.607	635.509	647.454	644.638	629.167	599.167
61	596.203	596.203	599.956	595.667	590.484	589.349	598.351	600.291	613.398	632.207	638.595	633.145	602.084
62	595.916	595.916	583.045	598.655	587.887	600.458	598.063	593.679	626.683	633.797	621.400	620.771	609.065
63	597.674	597.674	583.626	604.944	584.401	585.724	587.554	593.428	613.236	609.062	633.574	623.174	605.429
64	588.916	588.916	573.642	589.815	593.345	599.237	580.251	577.813	607.113	613.740	627.853	617.667	591.987
65	589.763	589.763	570.230	578.453	589.179	581.957	571.440	583.210	599.309	611.059	625.729	613.575	598.367
66	585.871	585.871	583.427	573.356	575.562	570.578	584.460	583.652	624.341	610.426	620.492	599.365	585.547
67	594.055	594.055	571.086	582.463	588.749	597.183	579.640	584.124	602.005	602.384	607.634	606.213	582.585
68	596.087	596.087	574.362	575.571	573.834	579.343	593.171	586.450	608.926	600.538	598.554	606.743	567.360
69	588.258	588.258	560.968	573.480	577.641	581.058	584.659	576.439	600.709	604.006	592.713	607.202	588.913
70	575.054	575.054	560.050	572.024	575.279	567.135	568.633	562.748	596.553	598.524	598.162	602.148	569.589
71	571.099	571.099	558.135	567.893	572.204	570.443	575.859	563.993	592.367	589.673	597.347	595.841	565.299
72	571.555	571.555	565.859	577.570	582.802	564.522	560.363	556.484	580.786	587.700	588.452	605.133	573.333
73	559.205	559.205	548.825	568.075	566.137	569.571	567.052	561.847	581.305	590.749	585.492	594.896	575.231
74	569.082	569.082	548.149	556.669	561.600	548.445	561.311	560.996	573.001	600.058	580.881	574.241	574.137
75	565.941	565.941	545.076	550.938	566.873	556.482	550.584	556.844	561.380	585.766	589.015	579.901	563.470
76	556.749	556.749	552.314	545.855	548.047	555.679	546.424	551.823	573.171	588.982	585.766	582.302	567.515
77	552.416	552.416	541.972	546.350	549.328	555.911	547.612	552.971	582.841	576.351	592.672	574.924	563.207
78	558.940	558.940	541.801	550.202	558.661	560.657	553.465	548.631	574.535	576.376	581.712	577.924	562.006
79	549.246	549.246	534.366	536.509	551.098	564.028	552.759	538.066	576.997	576.395	581.600	574.694	552.759
80	546.445	546.445	533.394	538.051	547.071	556.658	545.028	549.836	576.069	571.131	578.530	573.263	553.434
81	559.475	559.475	540.497	532.579	552.202	546.596	546.386	533.105	570.549	550.425	574.277	571.136	544.981
82	546.370	546.370	531.899	530.527	540.530	547.528	546.854	543.042	552.054	564.610	566.466	557.866	550.309
83	536.387	536.387	545.191	540.900	541.295	550.614	543.235	541.720	550.375	572.390	570.582	560.000	554.519
84	533.811	533.811	544.331	529.413	547.294	549.270	530.924	538.199	549.382	564.373	566.089	568.540	543.649
85	543.217	543.217	544.763	525.824	539.872	543.740	533.317	528.998	549.865	569.397	559.264	552.329	557.505
86	537.406	537.406	539.896	528.961	547.892	543.847	542.035	539.988	553.556	556.536	557.164	548.368	544.046
87	542.825	542.825	535.332	531.362	547.562	545.945	540.055	538.763	539.663	563.933	569.742	545.631	541.410
88	528.608	528.608	528.282	530.578	536.457	542.025	530.722	533.554	539.391	547.354	554.796	550.768	543.069
89	515.583	515.583	517.729	523.048	535.016	539.695	530.123	532.403	548.081	551.861	551.519	547.263	535.801
90	535.383	535.383	524.745	526.796	536.525	528.713	545.862	532.704	549.950	557.135	561.406	559.451	527.330
91	526.466	526.466	525.623	519.028	526.433	544.379	527.871	530.966	547.442	542.951	555.923	545.666	527.093
92	531.074	531.074	520.226	521.038	516.950	519.731	520.185	520.157	538.969	547.183	555.296	551.962	527.940
93	524.719	524.719	518.978	522.903	517.016	525.331	527.267	518.686	543.064	540.655	550.211	543.826	524.794
94	524.097	524.097	515.830	529.367	525.268	532.571	529.937	520.709	541.059	552.620	538.726	536.502	521.777
95	527.215	527.215	513.835	519.684	521.745	525.630	522.846	530.571	538.252	542.155	546.445	534.849	525.613
96	536.993	536.993	515.320	515.361	518.088	531.109	529.327	542.599	538.550	542.300	542.128	538.997	536.646
97	514.529	514.529	521.151	508.618	526.759	516.877	526.445	523.698	534.411	527.262	535.730	525.958	535.492
98	521.688	521.688	511.339	514.972	521.252	521.866	524.953	520.668	532.032	544.830	542.259	536.587	531.056
99	528.052	528.052	512.468	502.739	519.747	527.608	523.106	522.588	536.998	543.853	541.720	530.394	527.010
100	515.849	515.849	505.154	515.866	517.445	523.353	522.804	517.301	520.976	543.507	542.853	536.127	526.682
101	518.240	518.240	502.880	517.286	509.037	521.115	516.690	532.462	514.560	526.876	533.709	537.794	525.817
102	509.616	509.616	504.099	504.043	528.702	523.868	508.547	522.198	528.346	530.657	534.422	533.369	522.022
103	506.136	506.136	493.762	515.824	518.340	523.225	523.231	514.179	535.860	524.108	545.740	541.523	530.403
104	514.027	514.027	503.945	504.866	509.498	514.936	517.174	510.553	541.581	540.406	533.482	529.114	525.295
105	497.745	497.745	490.627	501.399	512.902	515.351	515.154	516.483	528.522	518.343	526.704	528.597	526.158
106	520.871	520.871	506.002	496.021	506.835	519.689	518.095	512.072	536.118	524.961	528.402	531.421	519.675
107	512.423	512.423	495.421	493.584	517.559	508.076	517.643	511.559	519.281	534.609	542.624	529.855	521.178
108	502.739	502.739	503.999	504.949	513.411	518.992	518.518	512.713	532.782	537.521	536.803	531.359	500.743
109	498.023	498.023	500.319	509.470	510.255	512.776	517.473	514.192	537.799	529.843	526.399	522.886	518.071
110	502.671	502.671	493.688	491.468	509.038	509.369	515.644	501.736	530.175	512.607	531.894	518.740	512.277
111	499.476	499.476	481.784	490.123	506.624	516.015	517.387	503.375	528.529	524.831	529.143	524.093	506.234
112	495.892	495.892	485.823	500.456	510.107	510.793	518.895	507.476	522.373	523.174	525.727	525.405	516.864
113	501.634	501.634	488.042	505.061	512.259	514.869	511.539	509.621	515.801	516.919	532.427	517.469	515.556
114	497.065	497.065	494.424	499.390	514.247	520.011	508.827	514.224	524.147	517.362	523.758	522.014	512.087
115	490.812	490.812	497.411	495.595	499.505	515.444	511.011	502.758	529.205	525.223	523.477	516.937	507.418
116	496.354	496.354	491.424	505.505	496.715	512.287	516.403	505.765	518.771	529.973	512.422	513.474	509.340
117	498.158	498.158	487.088	489.270	502.982	499.343	505.559	504.462	524.021	525.670	514.527	517.164	506.004
118	497.543	497.543	487.738	489.784	513.993	498.631	509.342	500.561	525.753	517.562	512.127	522.631	504.494
119	489.700	489.700	486.391	489.210	497.603	500.556	504.100	507.455	515.130	523.567	524.431	511.083	502.841
120	486.850	486.850	486.633	503.779	497.439	511.989	497.186	506.142	500.851	523.411	523.191	502.335	500.498
121	503.858	503.858	480.900	487.074	510.090	501.662	501.097	487.825	505.867	511.657	523.318	510.795	505.755
122	497.736	497.736	480.179	492.499	497.829	502.115	501.992	495.105	508.819	516.071	516.929	523.281	507.468
123	491.609	491.609	489.103	492.812	496.285	504.247	497.418	501.704	518.484	521.646	511.913	511.344	505.890
124	490.748	490.748	483.344	490.913	501.309	502.525	505.397	505.983	513.821	521.906	512.418	505.933	513.149
125	482.493	482.493	482.343	491.343	488.433	503.800	502.663	501.515	506.227	509.568	512.330	508.141	509.020
126	487.050	487.050	479.984	486.051	479.857	505.737	507.163	499.072	506.672	502.377	508.809	498.423	504.471
127	484.875	484.875	476.860	496.681	490.362	494.592	509.777	507.840	513.554	506.303	517.062	500.504	504.498
128	492.054	492.054	468.964	486.671	494.972	492.923	494.621	495.719	509.349	506.990	505.613	509.686	492.916
129	541.827	531.921	532.520	518.081	525.445	531.048	529.025	520.686	539.216	542.573	531.006	545.344	534.159
130	542.839	527.635	518.329	519.196	529.377	531.026	534.704	536.501	525.189	525.872	530.778	536.322	538.481
131	536.944	534.287	519.546	513.698	531.334	526.987	518.989	526.568	534.018	527.597	533.634	533.148	532.515
132	536.400	529.036	510.075	510.657	527.573	525.136	528.286	517.641	541.330	528.767	527.577	522.221	531.580
133	547.493	521.573	512.046	520.591	534.943	518.041	521.675	533.910	537.587	537.437	528.319	525.168	525.653
134	538.065	525.526	519.158	521.133	521.606	518.765	526.649	518.451	524.929	537.180	537.075	536.553	527.167
135	525.846	525.337	507.922	515.147	517.107	527.123	531.043	525.756	521.314	536.832	536.866	532.137	521.810
136	542.869	521.097	507.364	508.537	521.078	525.869	529.739	529.261	532.444	529.651	524.423	529.058	524.145
137	544.066	523.308	507.073	514.308	521.034	517.850	525.868	509.579	529.892	532.686	533.220	513.133	535.173
138	532.994	516.788	502.647	500.628	523.397	533.201	524.824	516.920	523.662	522.762	525.315	514.711	518.030
139	524.918	519.206	514.633	511.593	502.518	522.393	528.138	523.897	525.891	521.258	527.199	524.456	519.813
140	526.815	512.716	515.893	517.472	512.951	516.504	532.939	519.028	524.160	529.933	521.379	514.991	529.073
141	532.661	516.098	503.670	506.649	513.050	526.591	531.430	529.031	521.553	528.442	528.482	512.226	526.734
142	543.145	516.334	505.315	507.411	524.692	517.856	526.687	513.827	531.704	530.002	516.978	506.278	524.296
143	526.373	512.598	506.939	500.306	522.980	523.580	527.783	512.301	522.254	527.998	512.621	514.477	517.713
144	517.508	506.303	494.231	512.852	520.841	526.608	526.071	514.004	517.203	534.188	518.956	511.907	523.772
145	533.069	513.628	498.149	494.666	512.363	509.060	513.397	524.291	521.937	529.853	517.713	517.136	505.023
146	528.760	502.345	493.528	500.065	504.516	519.256	511.228	529.681	517.199	521.195	515.690	517.126	509.868
147	528.419	512.366	495.018	513.263	508.035	510.340	520.108	517.261	522.482	529.020	517.955	502.060	520.282
148	520.475	499.962	490.024	511.015	516.565	524.183	514.935	515.281	516.138	533.482	513.058	506.635	514.809
149	532.043	503.686	493.184	506.027	524.617	512.470	515.055	519.163	514.463	512.229	518.337	515.020	514.572
150	525.440	511.178	497.754	510.234	503.654	504.544	516.141	525.229	514.233	527.861	519.677	523.760	516.350
151	520.208	500.785	486.471	521.402	511.066	512.396	518.192	514.328	505.432	522.606	512.097	507.151	509.481
152	525.571	501.937	496.794	507.385	510.965	527.448	499.366	507.234	513.140	522.497	515.598	513.304	514.806
153	518.391	505.106	482.237	499.917	512.241	525.833	513.474	521.470	510.474	524.582	513.187	518.923	511.233
154	525.829	505.724	478.614	488.104	518.430	521.969	522.046	518.862	514.166	512.236	507.134	511.177	507.165
155	524.294	496.817	486.667	501.554	504.469	500.779	518.264	509.453	512.298	516.921	510.830	514.312	505.451
156	517.925	495.576	484.581	506.132	499.974	506.437	514.773	510.439	513.623	515.526	511.496	510.158	512.982
157	524.441	499.218	492.521	497.234	505.569	506.524	506.709	516.937	514.481	507.028	498.518	509.531	518.396
158	514.541	511.156	484.797	482.501	503.534	507.832	505.311	517.933	506.713	518.886	509.551	492.778	513.588
159	524.768	498.883	480.646	481.623	506.699	507.647	515.690	506.147	509.283	515.962	520.305	508.597	512.521
160	522.289	490.335	490.976	482.870	516.767	505.224	512.195	501.251	506.790	516.824	523.953	506.143	516.778
161	527.698	497.409	481.476	496.887	501.449	511.362	507.753	493.562	509.335	507.697	515.456	506.928	506.762
162	521.635	490.382	479.890	510.118	511.046	507.966	498.701	503.619	508.221	512.992	511.847	510.364	506.390
163	511.632	497.111	493.317	493.680	495.455	503.406	504.805	508.951	508.918	515.923	508.837	510.839	511.720
164	522.834	490.215	480.657	495.149	497.249	505.502	509.076	504.877	505.118	508.011	508.550	506.821	502.873
165	518.150	486.723	470.110	492.028	503.308	505.848	510.843	503.205	504.097	507.580	508.451	508.801	508.409
166	518.950	487.113	486.366	487.137	492.099	497.319	509.623	505.112	510.035	504.446	512.315	505.330	500.271
167	516.991	481.323	498.520	494.178	499.354	500.035	502.889	513.728	506.291	513.131	518.047	508.260	489.231
168	518.171	486.471	482.602	491.435	494.855	490.473	507.757	508.054	520.054	514.915	517.603	504.316	498.235
169	516.154	504.920	493.555	486.606	497.777	511.918	511.784	502.085	513.901	511.710	510.621	504.343	496.866
170	513.911	491.822	492.841	491.660	495.416	508.140	504.307	497.683	516.577	512.458	502.837	504.284	504.184
171	518.729	490.833	494.893	486.984	493.384	504.563	508.749	508.242	510.199	517.670	501.619	516.146	503.832
172	516.860	490.002	483.289	477.605	485.042	495.691	507.334	505.264	506.540	504.739	502.332	506.738	503.379
173	508.490	497.675	485.805	486.661	491.467	508.034	498.688	495.115	504.637	511.667	513.444	502.960	501.405
174	507.027	491.708	482.595	484.622	497.350	498.509	498.322	508.582	500.398	507.679	510.919	497.107	512.038
175	515.041	493.983	482.052	491.412	497.964	499.476	501.576	508.121	506.486	503.697	517.597	501.251	499.100
176	512.367	492.352	487.420	501.383	506.321	499.856	499.286	503.602	495.266	500.253	506.973	499.130	499.285
177	501.009	490.004	483.697	479.147	500.527	502.082	500.726	504.516	509.787	507.948	509.053	505.786	497.581
178	505.537	481.942	477.877	491.858	496.035	497.378	496.192	498.261	509.872	505.681	497.598	499.632	489.632
179	508.562	486.485	489.656	484.040	490.679	504.984	498.223	510.504	501.243	503.388	512.463	507.604	503.533
180	503.761	496.431	479.586	488.611	500.224	510.598	508.776	500.526	497.464	502.492	513.447	500.478	505.830
181	502.849	499.369	474.801	482.520	500.452	500.049	512.708	489.176	507.985	494.477	505.365	493.490	489.667
182	518.766	483.744	471.803	477.029	487.028	507.221	505.631	499.587	495.315	503.760	494.518	492.743	487.563
183	506.942	478.956	475.259	481.543	481.657	491.865	519.309	500.724	494.424	493.515	501.249	509.482	498.479
184	505.414	488.315	482.648	477.684	482.283	487.377	500.162	500.175	497.011	499.808	503.096	506.708	494.042
185	508.564	484.857	484.877	485.720	481.200	499.315	499.586	493.289	499.354	501.103	506.442	500.784	484.181
186	507.913	487.533	465.357	488.902	486.338	499.482	501.682	500.515	501.816	495.976	501.316	495.300	491.662
187	512.426	474.781	488.580	496.914	497.246	499.391	486.721	493.779	494.151	494.030	498.129	482.332	499.124
188	512.317	485.598	464.680	477.841	502.603	493.962	492.499	500.442	499.287	500.022	494.295	496.333	497.738
189	509.563	481.181	471.525	489.324	495.922	503.190	490.722	492.893	498.792	495.814	494.272	490.097	482.854
190	512.954	476.216	478.766	475.938	494.287	491.185	497.926	493.375	494.032	502.045	500.251	493.234	486.473
191	508.452	474.935	482.261	482.050	479.825	487.078	495.664	494.757	489.882	511.720	497.713	487.811	489.016
192	494.230	473.706	465.791	486.206	475.046	500.122	490.364	481.819	491.297	503.602	495.804	490.134	488.538
193	498.418	483.305	475.571	487.859	489.311	485.764	504.389	487.381	488.259	503.406	493.142	503.215	482.736
194	496.803	482.675	473.415	483.155	497.272	493.122	496.647	494.469	492.947	500.821	493.536	496.856	489.746
195	485.553	486.666	454.318	479.240	487.201	492.431	484.023	481.871	496.587	500.799	498.169	479.395	487.424
196	507.287	477.944	469.479	475.384	485.137	494.078	492.022	489.135	503.113	492.125	497.883	494.544	499.724
197	505.937	479.253	466.950	475.156	487.256	494.233	494.143	493.545	501.773	502.829	500.592	488.096	488.339
198	516.097	475.982	462.823	483.168	478.144	484.726	485.802	501.277	507.685	503.529	501.455	481.577	492.208
199	496.476	488.110	467.454	480.664	488.160	483.775	493.217	480.867	495.699	497.935	506.075	496.210	482.893
200	508.214	483.888	465.376	473.081	490.625	497.571	490.804	482.679	487.552	493.834	491.458	496.601	489.086
201	502.670	465.434	476.880	475.831	493.129	489.814	493.395	491.856	488.408	492.083	491.653	486.152	481.046
202	494.287	479.601	475.662	470.905	496.025	491.172	477.502	490.599	499.958	485.824	490.145	485.402	479.565
203	492.681	471.297	475.763	469.363	489.024	478.728	477.145	482.725	491.443	490.048	487.726	499.150	483.945
204	503.889	474.832	479.541	487.112	484.429	477.278	500.800	498.929	494.305	489.116	492.961	488.343	485.305
205	502.328	480.316	468.108	465.792	480.710	490.654	500.341	497.815	486.615	506.615	478.516	488.258	476.699
206	495.094	482.310	473.001	482.854	485.176	486.363	506.522	495.334	487.023	493.240	482.316	484.610	486.186
207	488.553	474.766	474.831	470.820	475.515	490.454	489.580	489.430	494.684	493.073	494.892	488.281	496.114
208	494.217	479.904	458.291	468.988	475.838	492.855	481.631	486.223	490.849	501.730	482.196	491.879	480.782
209	500.273	486.700	473.430	476.068	472.530	482.468	479.140	478.072	491.058	506.186	488.451	483.387	488.158
210	497.161	479.470	473.429	466.645	486.940	489.355	482.952	489.916	483.100	506.782	498.562	478.957	496.238
211	503.999	478.622	475.003	465.029	477.531	480.313	493.273	493.430	492.989	489.382	496.291	492.477	488.990
212	489.516	475.998	478.136	473.980	470.214	474.951	486.175	490.886	481.970	491.624	498.407	487.786	497.660
213	491.837	486.276	474.823	475.392	477.188	494.910	490.385	495.320	492.851	496.165	505.170	486.543	483.527
214	496.943	478.567	473.050	477.553	472.543	481.626	483.710	481.721	498.099	500.326	496.068	487.562	481.956
215	496.049	479.119	471.775	471.717	485.281	491.436	490.158	485.603	488.253	494.939	490.146	481.965	484.366
216	495.178	477.976	470.615	471.349	474.346	492.717	479.162	485.102	491.787	483.790	486.519	491.920	480.541
217	490.531	480.116	463.621	473.006	480.606	501.680	486.397	488.143	494.016	491.302	501.844	485.442	482.132
218	496.198	485.514	474.996	468.603	485.003	501.070	478.335	486.813	493.215	504.780	496.028	499.421	482.137
219	486.230	479.381	483.613	470.590	493.226	489.026	479.494	477.672	490.457	498.844	498.740	482.468	486.583
220	492.075	477.692	463.180	469.258	490.660	487.082	483.550	496.633	491.774	496.869	502.524	485.509	484.319
221	495.330	476.186	468.887	473.104	493.466	487.999	490.313	496.757	493.701	498.128	496.511	500.544	484.609
222	497.579	470.121	475.215	475.239	483.274	491.330	482.505	484.104	481.673	490.131	476.143	496.240	488.625
223	491.647	475.859	470.844	467.265	479.698	483.976	486.701	486.522	495.850	495.627	486.672	490.635	478.174
224	500.001	464.948	469.266	481.697	482.178	482.277	483.079	490.432	502.927	492.009	482.902	483.067	478.040
225	490.378	474.005	474.546	483.293	471.127	489.515	478.929	490.927	483.558	493.431	482.463	490.589	482.512
226	493.745	476.653	474.586	467.946	476.659	489.336	482.452	484.600	483.353	489.782	486.688	479.650	486.719
227	505.182	469.437	462.923	475.623	491.400	487.449	489.064	485.741	488.695	493.532	465.804	478.814	482.621
228	496.903	478.583	474.012	468.133	486.656	477.060	484.726	484.669	490.364	488.480	486.779	487.644	482.609
229	495.619	486.800	463.736	474.248	478.540	475.911	486.782	485.931	487.108	496.874	492.366	480.229	482.711
230	501.023	467.890	473.928	464.662	472.381	479.846	489.443	478.007	485.109	498.169	484.661	488.396	489.432
231	506.530	466.075	466.331	469.041	489.254	486.335	480.040	486.809	490.418	507.593	484.297	483.932	481.343
232	488.193	470.196	468.975	474.246	470.707	473.602	490.473	488.275	497.488	490.163	483.585	491.068	476.277
233	494.192	467.373	476.586	481.787	482.084	476.550	494.217	486.460	497.893	488.323	478.808	493.567	474.312
234	491.331	472.386	476.940	484.122	473.096	484.999	475.206	485.725	486.069	492.185	487.992	484.254	481.387
235	488.758	477.910	462.936	475.951	476.716	493.480	482.888	474.665	483.792	491.480	489.163	492.664	470.291
236	479.700	468.752	466.852	470.610	489.059	490.271	489.841	481.949	484.786	483.200	482.185	489.256	481.010
237	485.255	474.629	459.791	464.072	477.052	489.372	492.638	489.558	487.190	490.874	492.357	495.968	476.326
238	484.781	471.895	468.021	472.195	475.007	485.340	484.567	486.465	485.400	488.781	484.996	479.112	484.724
239	476.296	465.624	476.465	465.632	483.609	489.528	493.703	476.380	480.927	492.401	488.499	480.464	489.059
240	487.834	474.535	463.098	467.798	470.562	483.919	477.792	490.206	481.539	481.721	488.619	472.856	482.047
241	486.041	471.759	459.647	472.723	487.180	483.096	480.319	474.648	484.551	484.918	482.643	474.933	464.205
242	486.625	472.882	455.887	474.936	471.847	478.697	479.977	480.275	490.130	486.263	471.780	492.813	486.973
243	487.794	470.900	459.960	471.448	472.476	475.624	479.608	483.559	482.234	490.282	487.116	481.038	482.519
244	486.573	466.014	454.224	477.836	478.736	485.493	475.822	476.293	488.365	498.736	482.425	467.401	468.530
245	485.197	476.418	460.084	482.906	476.714	491.656	482.113	477.511	487.418	489.419	480.984	476.389	481.436
246	488.347	470.999	466.161	464.570	478.611	487.263	479.438	486.460	484.600	480.059	493.317	482.582	483.670
247	487.819	465.562	463.436	462.775	473.143	491.441	484.962	479.733	489.404	488.129	487.754	487.887	481.816
248	491.516	470.096	467.746	469.939	470.426	473.349	488.492	473.302	490.815	484.224	490.152	480.591	484.468
249	494.778	472.938	468.730	470.148	467.471	477.432	478.613	485.363	486.103	488.487	493.434	481.389	480.092
250	475.374	471.605	466.967	463.525	473.808	488.123	480.931	478.400	481.458	494.310	483.414	488.253	473.562
251	480.689	469.356	469.756	458.509	460.995	479.339	483.933	478.377	475.244	492.880	477.289	483.194	476.256
252	488.891	471.803	463.166	466.022	477.664	477.989	483.265	488.460	481.295	484.910	477.132	483.527	480.372
253	491.344	469.720	467.197	457.116	469.523	482.526	481.957	478.842	485.751	484.250	475.373	483.678	474.182
254	485.999	474.570	467.842	465.025	477.421	487.092	477.337	481.104	495.338	484.953	484.007	493.141	474.328
255	482.324	472.403	462.946	464.044	467.543	476.910	479.803	479.457	483.668	487.837	492.294	478.251	474.396
256	487.547	473.371	466.135	462.201	473.081	485.643	476.090	484.428	484.612	491.023	488.057	475.996	474.381
257	482.825	473.585	464.577	461.726	473.408	476.644	481.371	483.089	480.368	491.856	475.580	474.922	484.926
258	488.841	459.829	486.588	469.666	482.616	485.156	480.246	473.011	490.025	480.985	479.038	479.097	483.010
259	484.344	460.762	458.043	479.343	473.227	491.521	478.087	472.905	495.347	493.571	492.510	490.242	483.358
260	498.734	470.366	466.193	454.206	472.654	478.597	476.069	488.344	492.324	475.355	483.865	485.239	486.743
261	490.473	466.356	471.895	462.531	478.052	476.942	467.240	477.619	488.434	475.508	477.534	487.816	477.946
262	481.410	480.182	457.598	459.407	477.456	478.438	481.065	481.818	482.237	489.593	474.911	486.323	479.802
263	484.165	469.871	457.876	470.398	471.705	480.005	475.509	479.963	480.913	480.967	486.123	485.551	481.302
264	491.310	465.057	463.336	459.754	475.742	480.237	474.997	488.692	485.701	468.685	478.381	481.570	476.133
265	485.357	461.040	467.848	462.956	475.114	481.674	478.468	479.058	481.518	479.190	484.121	485.940	476.788
266	480.763	472.561	455.411	465.944	470.403	476.663	475.165	467.273	479.227	492.528	484.044	472.263	484.624
267	486.275	468.980	449.557	461.390	469.281	476.976	473.958	475.632	475.380	494.312	485.679	466.738	484.255
268	484.122	476.630	451.935	460.092	471.830	476.849	473.961	468.922	482.543	493.778	490.158	484.785	474.726
269	485.328	465.816	471.330	461.645	463.426	483.964	481.866	473.382	475.440	481.258	479.816	484.137	477.556
270	475.696	459.699	464.397	458.720	465.333	490.157	481.215	473.707	467.434	479.531	477.346	488.458	485.086
271	481.516	468.749	456.930	459.652	462.051	481.299	477.458	481.012	484.445	482.339	480.838	480.884	479.165
272	483.992	478.781	464.112	462.564	466.089	482.995	478.210	485.289	482.680	475.263	487.847	478.990	477.427
273	477.179	476.522	459.719	461.612	463.259	475.773	474.329	475.334	464.701	482.092	475.338	484.180	477.959
274	490.633	472.449	462.194	472.963	470.059	477.104	476.811	474.175	474.836	495.805	474.473	479.952	471.805
275	484.611	461.115	455.827	461.865	463.713	474.916	477.991	480.683	484.966	490.367	475.617	480.673	474.962
276	481.448	458.826	460.170	469.044	472.667	480.565	480.953	456.780	481.091	481.391	487.816	478.898	481.557
277	480.364	475.126	462.275	465.030	476.523	476.534	478.124	468.260	478.155	486.448	488.274	479.773	484.614
278	482.476	478.598	467.391	460.890	474.412	474.032	474.617	477.681	477.853	486.062	486.483	479.369	474.952
279	489.577	463.716	471.147	472.119	470.240	478.204	481.426	476.697	485.925	484.505	483.760	482.473	478.566
280	483.541	472.952	459.468	458.016	480.851	478.538	471.843	485.896	484.436	494.515	484.310	483.607	472.889
281	480.138	466.021	449.347	460.821	468.961	483.171	469.939	471.507	480.813	486.871	486.397	472.308	469.557
282	478.143	468.486	457.326	457.898	477.220	479.269	474.450	474.987	488.432	485.904	479.090	476.209	474.917
283	496.591	465.509	464.199	454.214	459.261	476.993	481.224	475.500	478.712	487.813	483.248	480.560	482.264
284	492.598	465.546	467.347	449.329	466.236	470.650	483.626	467.906	484.053	480.177	475.447	476.529	472.003
285	494.329	473.493	459.053	460.902	472.840	471.908	477.224	475.546	482.222	483.467	488.221	484.029	469.473
286	484.089	466.006	458.531	464.331	477.114	475.480	486.550	479.625	484.912	481.795	472.675	478.491	486.671
287	480.026	471.735	459.776	456.938	468.905	480.835	472.969	482.070	484.597	478.327	471.899	470.813	479.126
288	492.706	469.172	463.712	458.950	465.187	471.571	472.022	476.031	478.681	477.753	466.092	474.167	475.320
289	484.773	462.685	460.826	463.286	467.026	468.036	470.347	474.596	474.417	478.476	471.187	473.733	471.269
290	490.345	466.976	451.756	456.207	459.725	466.204	472.254	476.789	480.014	477.353	470.037	478.514	480.910
291	477.364	468.664	461.552	459.770	469.760	476.375	478.668	470.375	464.885	483.365	487.236	489.564	479.914
292	478.337	461.027	461.313	465.385	473.541	480.177	483.224	468.355	472.181	477.401	479.702	476.742	468.724
293	480.433	460.195	466.999	461.810	470.810	476.884	475.251	478.127	473.594	483.060	478.886	472.385	463.764
294	489.727	474.716	465.585	454.692	472.600	474.422	477.612	478.988	474.645	480.105	480.644	482.117	470.169
295	486.063	471.469	458.927	461.888	478.987	469.023	475.643	482.872	492.699	481.286	466.514	477.118	470.664
296	495.092	476.187	465.073	459.437	475.685	471.862	478.685	481.621	492.347	480.808	471.630	482.594	464.743
297	490.846	468.605	459.701	456.494	472.833	469.767	467.054	475.854	486.753	490.075	489.572	485.484	474.712
298	471.546	466.257	462.595	461.223	475.854	467.370	470.899	464.877	476.405	486.402	483.155	472.500	471.637
299	469.248	473.601	455.698	465.029	475.547	466.431	474.699	472.241	469.725	489.903	484.275	472.654	467.738
300	467.643	461.520	456.237	461.853	467.431	480.997	469.022	468.548	471.961	482.582	477.064	476.096	474.746
301	481.496	483.466	463.107	456.749	469.380	477.015	481.133	476.632	475.468	488.530	476.763	479.510	468.860
302	483.195	471.835	459.885	464.238	465.091	473.045	464.458	480.570	483.015	486.956	483.529	483.492	471.476
303	482.653	462.390	465.692	447.465	477.666	480.665	462.146	471.615	477.482	479.707	476.342	478.873	478.175
304	478.605	471.760	462.922	461.416	475.064	482.861	472.865	471.951	468.495	476.583	471.058	472.225	467.538
