 	Profile_Slice_1	Profile_Slice_2
1	309.764	309.764
2	313.990	313.990
3	301.798	301.798
4	312.272	312.272
5	301.899	301.899
6	299.923	299.923
7	302.644	302.644
8	296.159	296.159
9	301.363	301.363
10	296.670	296.670
11	306.628	306.628
12	302.414	302.414
13	302.326	302.326
14	306.544	306.544
15	312.238	312.238
16	318.158	318.158
17	320.696	320.696
18	320.114	320.114
19	311.741	311.741
20	305.513	305.513
21	309.818	309.818
22	310.154	310.154
23	310.238	310.238
24	317.187	317.187
25	305.285	305.285
26	301.869	301.869
27	303.948	303.948
28	304.801	304.801
29	301.622	301.622
30	314.963	314.963
31	308.120	308.120
32	314.115	314.115
33	304.299	304.299
34	304.962	304.962
35	317.382	317.382
36	302.086	302.086
37	307.676	307.676
38	307.199	307.199
39	301.196	301.196
40	316.663	316.663
41	307.631	307.631
42	306.951	306.951
43	304.330	304.330
44	325.766	325.766
45	326.794	326.794
46	311.657	311.657
47	306.831	306.831
48	310.730	310.730
49	307.458	307.458
50	308.069	308.069
51	307.383	307.383
52	315.002	315.002
53	302.282	302.282
54	316.056	316.056
55	308.942	308.942
56	314.346	314.346
57	305.482	305.482
58	304.889	304.889
59	314.756	314.756
60	309.152	309.152
61	308.300	308.300
62	304.707	304.707
63	311.466	311.466
64	306.918	306.918
65	295.112	295.112
66	307.148	307.148
67	302.702	302.702
68	301.809	301.809
69	311.096	311.096
70	308.967	308.967
71	303.549	303.549
72	316.238	316.238
73	317.304	317.304
74	317.301	317.301
75	311.370	311.370
76	304.207	304.207
77	311.291	311.291
78	304.883	304.883
79	296.007	296.007
80	304.909	304.909
81	293.771	293.771
82	296.222	296.222
83	301.932	301.932
84	305.670	305.670
85	295.279	295.279
86	299.630	299.630
87	301.650	301.650
88	286.654	286.654
89	284.116	284.116
90	293.322	293.322
91	297.232	297.232
92	299.203	299.203
93	291.058	291.058
94	301.195	301.195
95	296.680	296.680
96	300.361	300.361
97	304.340	304.340
98	297.764	297.764
99	292.853	292.853
100	286.928	286.928
101	286.387	286.387
102	293.744	293.744
103	292.416	292.416
104	294.602	294.602
105	290.288	290.288
106	283.055	283.055
107	297.469	297.469
108	291.479	291.479
109	295.690	295.690
110	289.599	289.599
111	287.750	287.750
112	298.988	298.988
113	295.840	295.840
114	286.126	286.126
115	290.621	290.621
116	281.584	281.584
117	287.082	287.082
118	289.317	289.317
119	284.010	284.010
120	286.450	286.450
121	288.651	288.651
122	284.734	284.734
123	289.854	289.854
124	284.370	284.370
125	291.221	291.221
126	290.997	290.997
127	282.317	282.317
128	281.248	281.248
129	280.612	280.612
130	291.203	291.203
131	281.603	281.603
132	267.390	267.390
133	284.945	284.945
134	282.457	282.457
135	264.675	264.675
136	277.703	277.703
137	275.595	275.595
138	287.031	287.031
139	273.039	273.039
140	275.738	275.738
141	278.290	278.290
142	276.238	276.238
143	273.147	273.147
144	265.924	265.924
145	277.956	277.956
146	280.335	280.335
147	274.335	274.335
148	274.163	274.163
149	264.316	264.316
150	272.415	272.415
151	270.226	270.226
152	266.860	266.860
153	263.635	263.635
154	270.304	270.304
155	267.276	267.276
156	269.876	269.876
157	271.142	271.142
158	275.747	275.747
159	270.401	270.401
160	269.239	269.239
161	272.112	272.112
162	269.193	269.193
163	270.229	270.229
164	266.904	266.904
165	264.390	264.390
166	263.886	263.886
167	268.008	268.008
168	266.858	266.858
169	265.945	265.945
170	272.938	272.938
171	268.205	268.205
172	264.959	264.959
173	258.261	258.261
174	265.738	265.738
175	263.337	263.337
176	256.024	256.024
177	257.452	257.452
178	256.107	256.107
179	264.452	264.452
180	267.630	267.630
181	259.427	259.427
182	261.468	261.468
183	263.220	263.220
184	260.263	260.263
185	270.744	270.744
186	263.838	263.838
187	256.650	256.650
188	254.833	254.833
189	258.760	258.760
190	260.962	260.962
191	260.780	260.780
192	253.280	253.280
193	254.387	254.387
194	256.630	256.630
195	255.262	255.262
196	255.783	255.783
197	255.302	255.302
198	260.454	260.454
199	259.176	259.176
200	255.253	255.253
201	253.097	253.097
202	255.857	255.857
203	254.218	254.218
204	254.752	254.752
205	257.417	257.417
206	265.060	265.060
207	257.643	257.643
208	247.232	247.232
209	249.671	249.671
210	261.403	261.403
211	258.168	258.168
212	258.342	258.342
213	261.033	261.033
214	254.059	254.059
215	253.399	253.399
216	253.098	253.098
217	265.173	265.173
218	257.993	257.993
219	253.116	253.116
220	249.981	249.981
221	251.662	251.662
222	247.107	247.107
223	256.378	256.378
224	258.087	258.087
225	254.083	254.083
226	254.284	254.284
227	249.473	249.473
228	253.485	253.485
229	254.136	254.136
230	255.381	255.381
231	251.742	251.742
232	259.012	259.012
233	259.916	259.916
234	246.631	246.631
235	250.641	250.641
236	256.304	256.304
237	246.510	246.510
238	245.330	245.330
239	246.418	246.418
240	252.865	252.865
241	251.877	251.877
242	253.084	253.084
243	253.093	253.093
244	254.815	254.815
245	246.315	246.315
246	252.012	252.012
247	261.648	261.648
248	256.865	256.865
249	249.926	249.926
250	253.848	253.848
251	251.863	251.863
252	252.533	252.533
253	251.119	251.119
254	246.303	246.303
255	247.357	247.357
256	243.383	243.383
257	247.347	247.347
258	250.906	250.906
259	247.043	247.043
260	249.037	249.037
261	247.511	247.511
262	251.415	251.415
263	249.475	249.475
264	254.932	254.932
265	248.926	248.926
266	244.578	244.578
267	241.487	241.487
268	246.729	246.729
269	241.862	241.862
270	250.609	250.609
271	245.310	245.310
272	240.388	240.388
273	245.427	245.427
274	239.995	239.995
275	238.156	238.156
276	249.809	249.809
277	247.613	247.613
278	247.345	247.345
279	241.888	241.888
280	235.265	235.265
281	244.026	244.026
282	248.452	248.452
283	256.868	256.868
284	250.943	250.943
285	239.669	239.669
286	246.831	246.831
287	251.385	251.385
288	241.154	241.154
289	240.322	240.322
290	245.403	245.403
291	243.045	243.045
292	242.427	242.427
293	246.770	246.770
294	251.277	251.277
295	247.718	247.718
296	242.335	242.335
297	243.522	243.522
298	243.014	243.014
299	242.227	242.227
300	238.545	238.545
301	240.747	240.747
302	249.991	249.991
303	238.871	238.871
304	242.914	242.914
305	235.426	235.426
306	243.193	243.193
307	248.069	248.069
308	245.185	245.185
309	236.625	236.625
310	237.902	237.902
311	242.228	242.228
312	238.858	238.858
313	237.635	237.635
314	240.996	240.996
315	243.933	243.933
316	249.601	249.601
317	243.304	243.304
318	246.825	246.825
319	245.189	245.189
320	247.383	247.383
321	246.740	246.740
322	241.339	241.339
323	243.802	243.802
324	249.822	249.822
325	250.607	250.607
326	245.020	245.020
327	232.363	232.363
328	242.467	242.467
329	239.114	239.114
330	245.573	245.573
331	248.683	248.683
332	248.660	248.660
333	245.072	245.072
334	243.576	243.576
335	242.351	242.351
336	233.632	233.632
337	236.902	236.902
338	238.177	238.177
339	237.666	237.666
340	245.254	245.254
341	241.900	241.900
342	242.368	242.368
343	243.305	243.305
344	245.595	245.595
345	242.034	242.034
346	235.309	235.309
347	233.419	233.419
348	239.860	239.860
349	240.590	240.590
350	246.024	246.024
351	239.272	239.272
352	233.695	233.695
353	249.458	249.458
354	245.193	245.193
355	248.769	248.769
356	243.187	243.187
357	240.615	240.615
358	243.288	243.288
359	238.986	238.986
360	252.815	252.815
361	244.917	244.917
362	237.266	237.266
363	240.428	240.428
364	237.067	237.067
365	249.997	249.997
366	244.811	244.811
367	252.320	252.320
368	231.365	231.365
369	242.260	242.260
370	238.242	238.242
371	242.229	242.229
372	247.503	247.503
373	250.346	250.346
374	248.374	248.374
375	227.323	227.323
376	230.996	230.996
377	239.838	239.838
378	248.448	248.448
379	235.907	235.907
380	240.813	240.813
381	237.754	237.754
382	250.522	250.522
383	243.632	243.632
384	241.754	241.754
385	246.131	246.131
386	244.664	244.664
387	242.547	242.547
388	251.696	251.696
389	240.198	240.198
390	241.045	241.045
391	237.404	237.404
392	235.760	235.760
393	245.656	245.656
394	237.334	237.334
395	243.033	243.033
396	251.025	251.025
397	247.774	247.774
398	244.570	244.570
399	232.621	232.621
400	241.135	241.135
401	241.313	241.313
402	236.759	236.759
403	230.554	230.554
404	235.600	235.600
405	239.390	239.390
406	230.711	230.711
407	238.457	238.457
408	241.313	241.313
409	247.874	247.874
410	233.445	233.445
411	237.554	237.554
412	250.951	250.951
413	237.567	237.567
414	235.862	235.862
415	239.473	239.473
416	239.758	239.758
417	243.934	243.934
418	245.517	245.517
419	241.969	241.969
420	247.361	247.361
421	240.915	240.915
422	247.435	247.435
423	236.289	236.289
424	235.995	235.995
425	240.915	240.915
426	239.206	239.206
427	232.767	232.767
428	233.003	233.003
429	239.296	239.296
430	240.558	240.558
431	237.864	237.864
432	239.091	239.091
433	240.261	240.261
434	239.925	239.925
