 	Profile_Slice_1	Profile_Slice_2	Profile_Slice_3	Profile_Slice_4	Profile_Slice_5	Profile_Slice_6	Profile_Slice_7	Profile_Slice_8	Profile_Slice_9	Profile_Slice_10	Profile_Slice_11
1	533.701	533.701	547.845	555.969	548.494	551.949	546.306	562.125	546.930	552.035	555.786
2	551.123	551.123	555.553	553.030	549.631	550.999	549.581	561.200	560.260	547.570	553.234
3	540.419	540.419	551.845	541.202	551.233	551.692	550.233	547.466	545.184	554.447	568.436
4	548.962	548.962	543.155	554.767	550.196	549.573	547.309	550.473	544.158	558.127	553.799
5	553.983	553.983	535.407	554.020	550.506	554.323	550.000	560.153	552.741	542.682	567.709
6	542.458	542.458	543.874	546.962	544.550	551.593	549.304	561.888	547.929	546.994	560.358
7	542.137	542.137	535.768	552.008	543.515	564.885	560.138	558.834	543.512	558.686	573.076
8	541.973	541.973	542.485	561.999	562.023	546.244	556.925	560.415	555.752	558.001	575.591
9	537.030	537.030	562.091	547.372	552.839	533.543	551.374	556.030	561.700	564.476	566.312
10	540.583	540.583	562.688	555.569	554.853	545.692	552.581	559.137	558.519	550.387	563.530
11	551.436	551.436	556.381	560.515	554.117	553.615	559.852	562.716	558.386	542.667	564.434
12	560.279	560.279	552.546	559.959	554.669	557.771	566.040	561.954	552.579	547.758	570.563
13	543.573	543.573	570.396	564.289	559.086	562.812	563.957	556.558	545.970	558.625	568.805
14	554.357	554.357	564.276	570.294	573.987	562.682	557.708	562.721	558.769	570.223	566.717
15	556.338	556.338	554.973	563.893	569.301	549.794	568.378	568.236	552.106	564.304	562.884
16	549.467	549.467	562.311	568.186	570.072	545.706	567.758	574.299	563.797	560.549	569.042
17	554.298	554.298	560.286	567.861	563.202	563.198	556.749	571.502	568.140	560.740	569.572
18	543.145	543.145	557.988	573.749	552.421	552.101	557.722	567.689	564.790	559.552	567.820
19	549.548	549.548	552.727	561.688	562.269	551.445	555.342	560.347	566.945	565.354	569.264
20	545.166	545.166	569.256	568.538	573.239	553.748	559.503	553.762	563.131	552.319	574.918
21	550.098	550.098	559.836	578.050	566.411	568.139	565.065	565.116	567.434	567.967	581.647
22	565.114	565.114	547.632	560.803	573.732	567.308	581.237	561.689	558.295	565.316	581.370
23	553.870	553.870	561.685	559.161	566.195	558.762	567.948	573.520	570.037	570.344	575.335
24	553.012	553.012	561.621	571.464	563.064	570.510	565.718	574.838	562.293	576.474	583.630
25	558.085	558.085	572.763	565.090	566.752	565.172	563.934	580.131	570.915	565.946	578.311
26	565.216	565.216	571.258	557.869	559.695	577.801	567.634	577.988	564.416	575.397	575.498
27	570.981	570.981	573.571	563.283	564.539	569.912	569.008	581.214	570.996	570.345	582.380
28	553.714	553.714	566.510	564.720	574.186	570.269	564.641	579.008	565.908	580.260	584.383
29	559.828	559.828	570.054	571.912	567.795	570.551	581.306	579.976	577.644	573.676	581.853
30	552.578	552.578	565.842	565.620	582.271	564.232	571.518	568.785	577.133	569.383	580.319
31	557.089	557.089	566.055	579.057	593.512	577.931	572.524	571.828	570.108	574.210	590.001
32	561.763	561.763	571.667	575.487	579.729	583.671	569.115	579.134	579.301	576.932	591.842
33	562.091	562.091	565.653	560.407	576.114	585.726	574.012	582.968	571.984	585.611	591.615
34	561.079	561.079	564.067	567.215	573.400	570.620	577.098	575.060	576.656	583.761	571.094
35	558.513	558.513	571.113	580.747	574.349	568.485	580.034	585.936	582.954	576.737	593.852
36	573.603	573.603	568.142	572.490	589.496	579.302	583.755	577.544	576.324	581.330	591.199
37	569.673	569.673	573.013	585.239	579.434	578.081	582.489	575.969	582.220	580.531	584.883
38	573.706	573.706	569.701	589.674	578.237	573.490	576.496	589.768	581.063	576.398	579.962
39	568.948	568.948	569.109	590.933	572.796	576.564	579.060	591.224	574.332	579.687	593.101
40	569.712	569.712	585.850	585.687	582.508	564.764	578.786	587.046	570.400	595.029	590.644
41	574.794	574.794	591.986	591.840	583.129	573.852	582.993	594.721	587.710	600.238	599.372
42	571.773	571.773	587.976	596.201	581.662	573.633	576.973	583.479	583.658	595.058	584.281
43	570.086	570.086	578.791	588.581	587.954	580.144	583.660	582.093	579.075	594.334	584.155
44	581.272	581.272	580.165	597.737	589.576	583.466	566.637	577.093	579.063	598.982	600.388
45	581.654	581.654	578.508	599.672	586.799	589.839	587.494	584.483	593.218	575.571	602.114
46	581.488	581.488	590.610	585.899	588.540	592.415	587.655	595.764	588.376	592.744	597.236
47	584.102	584.102	586.159	592.384	593.225	585.445	595.143	586.345	587.072	600.119	619.347
48	579.071	579.071	587.305	596.303	581.344	595.594	593.158	591.175	585.759	602.116	609.608
49	579.587	579.587	583.825	605.372	584.388	598.005	600.521	602.946	583.944	602.262	609.381
50	583.910	583.910	591.699	594.798	601.902	598.077	591.025	593.357	595.891	606.949	606.457
51	591.709	591.709	590.715	604.571	595.063	601.131	599.187	605.982	593.598	612.632	599.051
52	583.245	583.245	593.732	595.455	608.061	599.571	598.382	603.673	595.855	604.543	607.934
53	589.967	589.967	610.028	606.780	609.111	600.923	593.971	594.430	615.827	606.160	613.142
54	589.557	589.557	595.207	611.769	608.018	600.469	593.265	604.741	603.527	604.744	617.240
55	584.326	584.326	600.011	604.692	599.863	607.930	588.302	593.890	603.687	606.874	610.587
56	592.348	592.348	623.002	607.042	611.656	604.911	591.458	593.405	601.931	618.535	611.158
57	593.601	593.601	615.064	614.834	619.034	593.389	594.903	604.299	590.912	618.494	626.551
58	593.940	593.940	609.771	620.227	624.898	616.675	612.327	597.643	606.767	615.491	621.734
59	603.609	603.609	601.555	607.008	623.397	612.094	617.887	600.282	614.196	629.402	623.729
60	620.830	620.830	621.607	603.921	627.587	595.444	622.572	620.374	612.913	626.171	624.004
61	614.558	614.558	609.931	615.762	627.808	609.709	611.061	614.823	597.012	626.995	631.403
62	610.192	610.192	621.670	612.482	610.149	606.379	608.624	619.578	601.870	627.967	631.499
63	601.244	601.244	615.746	615.816	623.712	615.409	611.392	609.008	615.831	620.215	631.666
64	607.050	607.050	625.333	620.273	622.746	620.960	618.706	620.883	606.485	616.675	622.387
65	618.313	618.313	621.589	633.804	628.536	628.814	622.029	625.963	620.214	621.012	637.356
66	627.771	627.771	631.501	638.340	628.480	629.874	620.203	626.870	622.209	622.045	628.539
67	626.368	626.368	623.506	627.606	625.484	633.066	629.168	635.828	627.775	637.200	626.882
68	629.433	629.433	635.580	635.239	630.340	627.709	629.740	640.832	638.629	639.545	645.650
69	628.265	628.265	639.730	647.654	641.123	619.416	637.885	649.543	637.571	644.801	646.708
70	629.420	629.420	630.399	640.325	651.934	629.035	631.114	634.032	631.346	637.557	643.717
71	628.305	628.305	629.576	640.008	629.174	646.644	645.918	644.392	636.681	633.412	662.674
72	620.783	620.783	646.951	651.865	641.441	638.744	634.989	652.367	635.903	647.716	659.722
73	639.101	639.101	650.786	644.448	650.127	645.508	656.668	653.750	631.439	651.788	650.976
74	642.996	642.996	643.892	649.788	663.394	648.014	637.063	661.430	640.201	661.918	666.166
75	636.289	636.289	645.870	662.725	667.526	648.342	646.731	652.176	647.125	677.809	674.168
76	655.519	655.519	661.789	668.456	669.172	650.785	660.860	663.403	661.989	664.281	668.798
77	652.921	652.921	666.639	664.884	671.516	672.301	661.065	678.840	674.678	673.635	672.474
78	661.681	661.681	667.043	686.087	670.197	668.722	678.066	667.670	667.369	676.609	686.881
79	662.340	662.340	683.999	683.785	681.520	675.747	663.404	682.380	688.085	666.739	686.045
80	671.582	671.582	676.479	695.984	674.443	670.414	666.108	678.537	684.052	677.301	688.320
81	688.719	688.719	671.114	688.174	681.504	680.355	680.523	681.042	683.274	690.009	704.766
82	703.298	703.298	685.101	693.628	683.263	686.645	687.788	701.660	681.691	700.990	697.945
83	687.609	687.609	692.122	701.170	696.852	688.098	696.306	698.075	692.726	703.798	691.381
84	687.671	687.671	703.426	710.023	713.130	707.258	702.928	704.646	707.219	709.888	707.661
85	701.551	701.551	705.560	713.185	699.310	717.295	712.076	713.708	711.594	706.468	712.451
86	702.575	702.575	722.238	726.492	718.129	704.683	718.388	714.435	714.771	708.939	714.767
87	708.228	708.228	723.106	721.602	719.253	716.538	717.585	711.961	702.009	710.465	725.339
88	725.234	725.234	720.346	733.213	732.014	726.017	718.396	718.698	723.052	725.326	727.239
89	732.074	732.074	726.723	741.411	730.540	744.615	721.590	721.467	731.870	731.851	736.662
90	724.543	724.543	735.987	736.160	742.811	732.897	732.253	741.503	736.763	743.040	753.848
91	752.892	752.892	758.412	763.546	745.673	748.519	760.286	736.752	746.685	756.778	758.742
92	757.745	757.745	757.695	771.981	759.369	769.103	737.878	767.650	761.685	764.809	765.983
93	760.632	760.632	760.382	775.009	770.067	773.895	756.061	763.576	770.672	775.113	774.853
94	763.587	763.587	777.589	775.043	773.774	776.112	760.469	762.790	781.603	788.660	791.875
95	784.258	784.258	784.702	792.596	793.673	778.401	761.137	794.602	789.968	807.673	791.436
96	797.899	797.899	805.450	811.135	792.626	796.074	770.174	796.861	792.556	805.626	816.648
97	789.853	789.853	806.629	799.139	814.116	790.906	790.465	807.030	794.396	816.412	810.894
98	795.235	795.235	811.555	823.753	808.152	792.534	814.751	815.487	808.917	831.190	828.069
99	805.494	805.494	817.849	841.574	813.040	798.314	804.500	814.013	813.934	843.359	827.145
100	818.290	818.290	828.880	842.553	827.911	819.283	832.884	820.451	825.780	854.946	843.984
101	835.554	835.554	833.679	855.806	840.633	823.079	845.173	832.242	838.083	866.397	849.125
102	852.163	852.163	838.871	868.093	851.787	839.232	835.662	842.681	854.233	858.781	855.247
103	856.364	856.364	863.841	871.503	860.484	857.706	854.196	858.298	864.013	872.503	864.309
104	868.907	868.907	871.465	866.549	862.020	864.278	856.332	882.378	857.262	883.460	881.510
105	864.207	864.207	880.751	891.012	883.058	873.459	864.724	883.731	870.673	890.130	893.365
106	900.722	900.722	886.419	898.660	888.522	894.422	871.294	896.305	885.954	906.074	897.633
107	891.807	891.807	905.648	902.476	904.271	896.217	903.280	904.172	908.065	901.375	920.266
108	925.297	925.297	940.092	926.605	918.889	892.069	911.910	935.278	925.509	916.358	926.135
109	952.518	952.518	935.240	950.356	924.138	912.542	919.040	929.959	937.308	955.831	946.449
110	957.506	957.506	958.292	981.879	947.492	935.616	948.853	949.039	962.815	966.772	979.992
111	961.226	961.226	978.692	998.430	968.165	941.775	973.133	956.686	983.701	999.208	987.715
112	989.435	989.435	1005.294	1018.113	992.291	983.817	973.701	981.965	988.147	981.453	1023.924
113	1003.810	1003.810	1020.802	1028.321	1018.997	994.930	986.159	1013.465	1000.224	1010.283	1027.470
114	1010.123	1010.123	1023.320	1042.476	1020.831	1003.608	1001.661	1006.091	1001.449	1038.689	1044.276
115	1045.853	1045.853	1041.096	1054.391	1036.188	1029.003	1020.741	1031.325	1037.671	1042.833	1064.346
116	1031.249	1031.249	1055.856	1064.282	1048.013	1032.011	1028.621	1046.204	1049.256	1049.287	1108.849
117	1063.362	1063.362	1060.653	1083.908	1067.310	1049.088	1039.338	1070.190	1055.187	1077.497	1125.585
118	1093.634	1093.634	1110.986	1114.581	1086.675	1082.433	1060.628	1094.272	1078.880	1137.608	1162.377
119	1127.480	1127.480	1136.447	1136.582	1109.386	1102.740	1104.363	1139.599	1138.712	1172.144	1210.998
120	1178.954	1178.954	1187.226	1183.315	1151.921	1147.078	1145.837	1155.520	1179.104	1249.625	1261.873
121	1248.094	1248.094	1252.818	1270.926	1196.635	1218.785	1191.708	1212.233	1255.044	1331.635	1341.833
122	1321.085	1321.085	1313.372	1326.222	1271.282	1268.378	1253.599	1281.560	1344.977	1408.028	1398.422
123	1395.071	1395.071	1401.942	1409.189	1344.272	1346.731	1323.219	1342.967	1412.087	1471.610	1490.896
124	1465.161	1465.161	1476.645	1505.317	1414.847	1421.543	1402.525	1432.610	1513.452	1540.367	1568.370
125	1536.665	1536.665	1552.122	1578.021	1511.474	1490.143	1463.144	1507.781	1607.065	1644.982	1642.605
126	1625.942	1625.942	1627.570	1643.730	1596.275	1544.510	1537.417	1571.244	1669.407	1728.926	1714.379
127	1691.710	1691.710	1720.987	1678.970	1632.081	1601.150	1609.034	1615.071	1690.146	1788.536	1769.870
128	1728.479	1728.479	1742.046	1677.993	1647.759	1609.691	1653.382	1626.286	1714.708	1773.097	1794.890
129	1743.914	1743.914	1714.903	1634.563	1635.487	1603.993	1633.268	1626.342	1689.526	1704.457	1739.862
130	1714.063	1714.063	1647.565	1593.580	1595.117	1574.065	1599.849	1542.205	1626.322	1598.284	1652.991
131	1651.332	1651.332	1599.922	1520.013	1530.480	1496.573	1515.331	1495.389	1529.326	1515.623	1539.027
132	1568.575	1568.575	1495.406	1470.189	1453.553	1442.018	1448.989	1435.541	1448.408	1444.783	1479.361
133	1499.592	1499.592	1454.442	1426.514	1407.553	1385.433	1393.126	1385.121	1380.948	1394.974	1413.808
134	1437.976	1437.976	1403.773	1412.064	1396.982	1346.892	1373.237	1346.215	1341.740	1348.566	1359.921
135	1407.452	1407.452	1374.794	1375.050	1376.203	1324.274	1341.926	1332.700	1331.340	1336.843	1346.277
136	1401.566	1401.566	1376.355	1358.312	1363.120	1320.757	1336.556	1301.772	1304.233	1323.822	1323.518
137	1395.965	1395.965	1365.630	1373.015	1358.935	1323.118	1340.127	1289.956	1289.126	1301.747	1316.008
138	1385.814	1385.814	1386.862	1361.695	1342.538	1309.085	1351.553	1310.184	1289.904	1282.746	1327.762
139	1387.187	1387.187	1362.841	1373.106	1336.310	1312.346	1302.934	1292.951	1292.605	1307.099	1335.489
140	1394.447	1394.447	1366.551	1373.395	1359.702	1340.020	1313.820	1279.871	1274.199	1318.811	1322.644
141	1397.037	1397.037	1374.403	1348.066	1359.410	1351.359	1314.855	1285.204	1290.770	1309.247	1310.384
142	1398.321	1398.321	1386.717	1369.645	1343.569	1323.491	1316.246	1309.421	1288.512	1298.341	1334.595
143	1382.959	1382.959	1385.898	1350.222	1344.344	1299.253	1314.902	1297.996	1280.500	1319.263	1328.653
144	1403.374	1403.374	1375.370	1379.269	1354.153	1296.747	1317.354	1305.353	1318.594	1327.451	1311.118
145	1382.135	1382.135	1381.068	1381.947	1339.120	1308.149	1334.784	1309.349	1301.677	1304.288	1309.166
146	1365.799	1365.799	1388.155	1361.077	1342.374	1346.804	1330.465	1297.640	1296.419	1313.248	1312.365
147	1368.626	1368.626	1371.040	1370.556	1341.660	1314.244	1342.023	1309.879	1298.087	1320.515	1293.332
148	1344.340	1344.340	1385.310	1369.594	1347.818	1303.823	1339.981	1304.229	1302.697	1305.314	1310.122
149	1345.275	1345.275	1354.059	1363.080	1321.408	1327.422	1324.325	1280.183	1308.787	1314.788	1275.600
150	1341.354	1341.354	1359.613	1351.695	1327.873	1319.479	1318.563	1270.768	1282.452	1321.670	1296.125
151	1318.771	1318.771	1332.741	1340.508	1317.255	1319.179	1291.753	1263.778	1290.788	1307.462	1285.874
152	1316.311	1316.311	1333.736	1340.341	1316.798	1309.263	1265.493	1251.113	1272.147	1287.855	1274.395
153	1280.619	1280.619	1309.287	1327.722	1327.920	1284.135	1277.734	1262.978	1253.373	1292.691	1290.000
154	1276.961	1276.961	1295.185	1318.911	1275.571	1270.028	1271.974	1244.932	1240.753	1260.354	1287.436
155	1279.266	1279.266	1299.047	1305.341	1273.118	1280.182	1246.785	1233.094	1242.832	1261.342	1261.184
156	1265.688	1265.688	1299.695	1278.929	1282.350	1291.932	1237.719	1227.196	1241.898	1270.416	1256.281
157	1260.892	1260.892	1279.324	1286.340	1259.544	1274.082	1235.376	1202.840	1247.151	1265.590	1260.154
158	1251.400	1251.400	1253.014	1282.090	1246.290	1246.653	1235.375	1206.263	1250.921	1257.644	1249.305
159	1250.567	1250.567	1265.495	1287.943	1269.799	1247.105	1214.331	1210.444	1239.486	1266.991	1242.316
160	1257.298	1257.298	1265.161	1274.203	1258.337	1248.035	1220.421	1198.574	1208.464	1270.614	1243.000
161	1255.615	1255.615	1257.457	1268.329	1281.194	1250.065	1240.977	1218.512	1241.843	1261.310	1257.598
162	1242.561	1242.561	1280.663	1282.746	1260.953	1254.219	1219.806	1217.036	1247.181	1262.281	1257.684
163	1245.001	1245.001	1286.251	1280.610	1263.989	1253.997	1205.458	1226.112	1243.863	1274.776	1261.783
164	1252.474	1252.474	1288.966	1283.068	1286.789	1274.356	1223.418	1219.357	1238.757	1274.753	1250.181
165	1274.860	1274.860	1263.530	1285.020	1279.803	1246.139	1240.153	1246.681	1250.451	1266.161	1275.655
166	1264.373	1264.373	1272.232	1270.629	1272.919	1265.610	1251.363	1246.791	1245.953	1263.073	1296.281
167	1272.546	1272.546	1278.130	1296.216	1272.268	1279.221	1255.771	1239.583	1251.192	1286.459	1288.169
168	1255.333	1255.333	1264.479	1278.807	1270.547	1283.475	1246.758	1247.531	1262.012	1268.859	1296.381
169	1277.064	1277.064	1252.976	1264.386	1274.313	1281.797	1259.597	1261.639	1268.274	1288.223	1308.715
170	1261.405	1261.405	1285.102	1289.203	1288.681	1299.083	1286.906	1283.694	1280.589	1296.254	1315.496
171	1281.280	1281.280	1278.513	1317.823	1330.544	1309.996	1291.376	1297.242	1278.940	1312.316	1337.051
172	1300.412	1300.412	1295.237	1315.641	1315.550	1336.188	1285.029	1295.511	1298.252	1304.382	1350.564
173	1286.190	1286.190	1295.231	1324.986	1311.519	1337.077	1297.136	1316.479	1323.995	1312.476	1343.067
174	1306.144	1306.144	1313.909	1338.769	1311.475	1348.104	1309.368	1328.245	1337.669	1335.463	1366.855
175	1315.440	1315.440	1327.065	1356.810	1348.887	1349.826	1332.642	1343.461	1344.593	1353.678	1370.688
176	1332.118	1332.118	1345.896	1355.387	1355.429	1366.620	1346.009	1351.416	1329.799	1375.985	1346.607
177	1357.638	1357.638	1349.600	1359.723	1372.293	1352.575	1352.458	1371.751	1348.811	1357.604	1365.039
178	1350.403	1350.403	1387.490	1388.888	1366.563	1381.842	1375.432	1412.999	1379.098	1357.553	1367.121
179	1350.478	1350.478	1389.021	1382.311	1392.647	1368.076	1390.698	1410.848	1367.887	1372.494	1367.736
180	1359.466	1359.466	1381.728	1386.792	1383.364	1380.821	1383.378	1401.824	1375.305	1379.394	1353.466
181	1375.084	1375.084	1410.751	1420.373	1397.988	1391.195	1396.212	1420.061	1370.177	1382.204	1374.004
182	1370.612	1370.612	1410.186	1425.004	1392.037	1415.416	1425.029	1430.491	1403.403	1407.316	1353.056
183	1383.830	1383.830	1421.306	1428.086	1415.237	1406.835	1426.715	1445.366	1381.999	1423.414	1401.767
184	1400.010	1400.010	1425.278	1457.725	1415.267	1416.118	1423.534	1441.597	1386.734	1443.960	1412.981
185	1399.538	1399.538	1439.259	1464.373	1428.214	1412.121	1455.193	1448.688	1398.564	1448.566	1406.337
186	1452.010	1452.010	1442.739	1463.197	1427.702	1438.851	1467.378	1473.963	1429.135	1450.675	1409.391
187	1425.633	1425.633	1456.897	1472.067	1435.340	1411.963	1446.793	1495.554	1415.525	1469.590	1422.194
188	1428.364	1428.364	1478.321	1495.196	1453.364	1441.489	1463.072	1487.831	1427.552	1476.450	1437.103
189	1420.155	1420.155	1469.519	1479.096	1448.050	1437.915	1444.258	1478.775	1450.503	1469.761	1451.172
190	1430.349	1430.349	1480.853	1488.293	1435.744	1442.843	1441.258	1476.716	1449.538	1455.667	1481.305
191	1516.351	1290.779	1170.182	1251.895	1160.069	1169.993	1259.998	1274.074	1447.270	1437.264	1516.351
192	1511.487	1252.601	1141.535	1221.429	1143.610	1161.765	1235.936	1247.240	1431.400	1439.417	1511.487
193	1521.692	1220.884	1103.281	1187.302	1124.440	1146.013	1217.755	1213.533	1398.562	1438.417	1521.692
194	1495.685	1174.290	1097.519	1145.763	1099.453	1101.237	1196.290	1222.485	1363.458	1442.004	1495.685
195	1480.740	1146.496	1080.693	1104.367	1071.739	1067.325	1164.812	1176.762	1338.752	1415.908	1480.740
196	1460.965	1112.840	1074.509	1090.353	1072.108	1051.523	1113.624	1163.056	1294.855	1388.719	1460.965
197	1432.856	1090.059	1051.379	1069.198	1054.920	1066.761	1093.487	1134.062	1255.694	1341.288	1432.856
198	1408.210	1065.367	1038.646	1030.919	1042.064	1054.388	1103.691	1100.824	1245.402	1320.146	1408.210
199	1355.077	1068.798	1038.044	1041.879	1039.459	1038.770	1086.751	1100.038	1222.555	1289.195	1355.077
200	1297.020	1064.594	1045.432	1045.418	1034.677	1037.018	1054.140	1088.450	1157.283	1261.868	1297.020
201	1247.985	1050.049	1033.400	1036.765	1026.759	1037.709	1045.301	1068.077	1143.863	1227.694	1247.985
202	1214.512	1052.518	1028.736	1034.420	1022.928	1035.347	1059.171	1079.342	1133.445	1191.595	1214.512
203	1176.357	1048.704	1026.727	1020.335	1013.366	1022.554	1054.488	1068.034	1097.973	1186.523	1176.357
204	1129.317	1032.011	1014.300	1002.097	1012.925	1043.467	1030.866	1053.186	1084.948	1154.153	1129.317
205	1117.375	1023.491	1003.295	1013.446	1013.414	1029.456	1038.887	1038.470	1088.726	1139.250	1117.375
206	1080.551	1032.937	1013.981	1004.230	1003.183	1030.852	1036.106	1036.999	1085.785	1114.850	1080.551
207	1072.534	1032.109	999.522	1008.836	1018.144	1030.086	1027.980	1028.402	1068.893	1106.068	1072.534
208	1052.024	1027.259	1022.449	1005.532	1015.881	1033.530	1020.063	1018.723	1050.682	1095.231	1052.024
209	1055.198	1005.098	1008.427	1018.875	990.913	1011.691	1009.795	999.766	1035.848	1067.987	1055.198
210	1046.828	994.224	1025.716	1000.958	1016.174	1006.235	1005.623	1011.283	1056.669	1052.296	1046.828
211	1039.021	994.755	1023.919	1005.917	1036.963	1004.067	1019.180	1001.327	1046.534	1058.077	1039.021
212	1045.960	1002.646	1007.696	1011.758	1012.646	1032.338	1012.930	1000.113	1039.273	1034.309	1045.960
213	1033.971	1005.598	998.681	1006.640	999.343	1021.131	1004.038	1011.470	1036.694	1036.224	1033.971
214	1035.487	998.937	995.129	1005.288	999.428	1016.914	1003.691	1007.863	1033.881	1046.527	1035.487
215	1016.637	994.858	1003.302	1003.216	990.547	1015.619	995.059	1003.618	1030.763	1043.113	1016.637
216	1032.570	983.806	989.708	1001.946	1003.834	1015.036	995.330	999.880	1012.304	1025.800	1032.570
217	1021.161	989.594	999.473	1008.596	1008.819	1002.771	987.791	1015.117	1031.463	1043.211	1021.161
218	1026.484	982.160	1011.970	1011.068	1000.462	1001.847	1009.622	994.485	1005.511	1038.444	1026.484
219	1039.684	992.588	989.733	1008.665	1025.278	1010.396	1015.627	1002.837	1013.996	1026.852	1039.684
220	1030.626	992.806	1003.681	1006.443	1024.852	1014.235	1016.737	999.174	990.443	1032.881	1030.626
221	1023.456	978.367	999.817	1003.239	1009.450	1011.615	1007.508	997.402	990.995	1013.836	1023.456
222	1040.085	988.913	993.788	997.177	1007.834	1010.934	1005.841	994.350	1001.233	1031.434	1040.085
223	1053.151	990.096	984.066	996.179	994.201	1016.373	1005.668	988.414	993.960	1017.575	1053.151
224	1033.002	1010.821	1002.022	996.313	1000.511	993.146	997.629	997.395	1010.615	1022.165	1033.002
225	1026.531	1007.710	983.337	986.043	1023.173	1009.922	994.161	1008.633	993.069	1040.643	1026.531
226	1025.033	991.893	983.512	994.749	991.085	1006.906	1006.464	1012.989	1011.047	1021.011	1025.033
227	1036.027	1008.499	1008.148	984.158	977.285	1010.700	1001.332	992.066	995.159	1029.043	1036.027
228	1045.266	995.084	1004.236	999.617	1002.605	995.331	1001.881	1001.733	997.939	1013.781	1045.266
229	1045.693	992.848	1012.462	1000.950	984.021	1013.513	997.809	1006.036	999.776	1022.041	1045.693
230	1037.956	986.991	993.219	982.920	990.660	1006.876	985.942	1012.267	994.676	1023.076	1037.956
231	1029.971	963.139	987.150	995.008	987.006	998.436	991.915	1010.886	1000.058	1034.423	1029.971
232	1034.245	991.629	975.905	980.585	987.108	1005.014	1006.762	1012.036	1014.849	1041.592	1034.245
233	1055.828	1002.510	999.569	991.713	992.651	1012.197	1001.418	1020.013	995.334	1027.063	1055.828
234	1054.673	997.348	1014.537	1006.647	994.044	1017.873	1001.378	1025.664	1012.271	1030.470	1054.673
235	1065.478	984.225	990.348	1010.769	997.544	1003.524	1006.286	1019.030	1017.486	1049.649	1065.478
236	1065.634	991.945	1002.174	1009.583	994.627	1015.949	1015.673	1024.287	1018.510	1034.843	1065.634
237	1041.652	1003.537	991.532	1012.340	1008.454	1019.135	1002.907	1030.591	1024.670	1037.777	1041.652
238	1044.093	1006.099	1005.588	1016.215	998.551	1004.448	1032.628	1024.703	1029.121	1047.140	1044.093
239	1067.290	990.495	1011.385	1030.100	1001.482	1010.926	1015.339	1048.082	1051.483	1057.597	1067.290
240	1068.944	999.304	1002.557	1039.230	1007.497	1023.478	1030.178	1018.941	1060.062	1064.019	1068.944
241	1069.618	1028.094	1016.141	1026.132	1023.237	1020.627	1032.676	1032.246	1054.808	1086.768	1069.618
242	1082.863	1025.929	1015.383	1037.904	1026.294	1018.298	1035.098	1041.690	1055.499	1049.637	1082.863
243	1076.604	1016.357	1019.111	1039.657	1028.529	1017.112	1038.165	1040.488	1058.311	1057.097	1076.604
244	1080.402	1022.672	1036.844	1037.033	1036.263	1009.912	1041.125	1048.050	1053.132	1063.616	1080.402
245	1092.042	1034.506	1033.063	1053.434	1031.304	1021.405	1039.557	1054.437	1060.605	1080.001	1092.042
246	1109.410	1109.410	1108.381	1102.162	1131.747	1088.972	1126.470	1141.352	1146.170	1209.178	1236.564
247	1094.082	1094.082	1106.059	1095.555	1141.410	1101.718	1139.942	1137.326	1136.692	1197.330	1200.990
248	1093.011	1093.011	1110.948	1103.004	1127.723	1094.752	1110.799	1152.661	1135.983	1178.417	1177.383
249	1101.982	1101.982	1108.031	1116.588	1140.923	1092.591	1119.437	1141.023	1150.497	1175.289	1164.284
250	1115.302	1115.302	1102.524	1118.391	1145.681	1095.146	1137.054	1124.620	1120.410	1167.509	1159.723
251	1103.526	1103.526	1095.517	1117.048	1133.295	1105.552	1141.060	1131.409	1107.477	1140.100	1130.970
252	1127.655	1127.655	1092.600	1104.070	1118.916	1111.489	1133.579	1114.432	1109.042	1139.710	1117.574
253	1112.156	1112.156	1093.556	1114.447	1110.451	1116.341	1122.361	1112.139	1115.653	1141.788	1100.314
254	1090.186	1090.186	1085.267	1120.964	1090.833	1097.487	1120.868	1108.338	1102.518	1113.795	1096.151
255	1111.237	1111.237	1087.396	1129.621	1100.373	1122.557	1125.470	1075.054	1101.697	1105.063	1075.810
256	1124.349	1124.349	1062.230	1130.444	1105.659	1106.343	1109.558	1095.807	1077.002	1091.945	1090.658
257	1107.231	1107.231	1062.802	1162.109	1107.218	1063.609	1090.996	1109.003	1063.310	1074.721	1074.458
258	1098.225	1098.225	1060.963	1140.108	1101.956	1063.198	1094.082	1105.552	1080.492	1069.742	1053.169
259	1102.477	1102.477	1047.066	1117.840	1096.098	1068.440	1093.879	1081.533	1064.767	1063.780	1047.356
260	1061.096	1061.096	1048.162	1145.987	1078.683	1045.337	1118.560	1072.341	1056.269	1060.971	1051.096
261	1090.110	1090.110	1043.460	1121.864	1073.792	1032.536	1087.110	1092.550	1031.171	1060.960	1043.817
262	1092.830	1092.830	1050.051	1087.844	1065.517	1045.718	1089.189	1070.348	1013.830	1029.914	1045.861
263	1094.855	1094.855	1064.893	1097.831	1068.973	1027.655	1081.413	1052.745	1023.802	1036.820	1056.654
264	1077.227	1077.227	1045.938	1092.654	1050.557	1012.191	1059.340	1053.425	1021.381	1042.237	1016.564
265	1095.462	1095.462	1036.081	1083.466	1036.992	1009.813	1053.550	1050.035	1009.288	1044.226	1031.058
266	1072.032	1072.032	1026.125	1063.409	1038.441	1002.346	1020.162	1048.602	1016.987	1025.664	1042.429
267	1060.611	1060.611	1012.477	1070.551	1041.104	1009.798	1031.208	1042.707	1017.059	1025.857	1023.428
268	1029.872	1029.872	1000.366	1039.233	1030.722	1008.936	1023.138	1027.168	1006.001	1018.148	1003.760
269	1012.982	1012.982	984.446	1031.879	1007.026	1001.272	1016.906	1016.807	996.148	1011.643	1018.672
270	1017.516	1017.516	997.541	1033.338	1001.351	980.229	1006.884	1015.969	1000.490	1015.918	1002.452
271	1013.053	1013.053	984.786	1007.836	1007.534	978.475	1003.638	1000.851	985.404	1015.979	1001.320
272	988.996	988.996	972.004	1003.723	990.820	969.792	982.573	991.335	972.907	1012.195	996.474
273	989.931	989.931	965.459	1015.223	987.327	944.908	988.700	979.366	981.978	1003.509	1001.296
274	987.338	987.338	987.124	998.397	981.143	964.175	979.426	973.302	973.662	989.023	996.248
275	959.319	959.319	973.407	977.727	954.684	957.607	978.109	971.321	959.544	985.580	996.925
276	960.024	960.024	979.001	978.434	959.991	969.707	975.619	956.014	965.070	1008.707	978.246
277	955.227	955.227	965.958	967.878	957.798	955.612	963.742	949.887	972.174	984.611	986.352
278	949.852	949.852	971.631	961.066	954.794	963.536	964.184	941.587	969.367	978.184	972.967
279	934.710	934.710	966.321	945.347	932.313	960.571	946.118	940.690	961.893	982.138	983.378
280	955.269	955.269	937.079	943.866	951.473	950.959	925.430	944.390	947.039	994.131	963.917
281	945.314	945.314	958.563	959.062	953.487	943.867	925.968	960.638	965.424	990.655	963.083
282	942.759	942.759	957.548	937.672	943.438	936.553	934.923	943.566	958.403	991.701	993.175
283	946.414	946.414	962.131	928.532	950.283	944.834	921.234	935.373	960.320	975.934	973.190
284	950.182	950.182	961.119	949.815	932.573	957.458	943.462	931.058	965.972	969.491	966.997
285	928.773	928.773	955.381	933.002	932.334	942.795	916.291	922.537	931.597	961.443	979.648
286	924.296	924.296	956.076	927.879	934.994	948.544	914.422	936.603	924.086	944.448	957.865
287	918.560	918.560	937.919	922.498	933.218	944.770	905.259	928.264	922.142	940.319	952.692
288	901.816	901.816	954.182	931.828	915.628	950.829	924.979	913.887	949.120	953.465	950.568
289	916.320	916.320	932.836	918.818	909.601	938.848	910.109	930.805	944.435	930.781	961.287
290	913.362	913.362	927.107	928.369	918.071	945.493	926.309	928.188	927.019	942.933	949.385
291	907.185	907.185	922.228	930.550	910.106	923.639	945.207	933.116	935.026	943.134	966.219
292	905.944	905.944	924.426	918.733	911.176	924.476	938.868	931.437	941.377	953.074	955.846
293	905.933	905.933	921.326	914.487	907.781	935.393	929.325	932.932	932.926	949.876	949.333
294	895.821	895.821	937.630	922.752	919.730	931.597	925.265	933.639	948.201	943.550	945.479
295	903.929	903.929	941.197	931.501	923.065	958.413	922.659	932.233	927.997	950.581	964.091
296	909.899	909.899	927.693	922.546	916.654	956.711	924.816	933.851	944.550	955.807	947.230
297	900.875	900.875	936.173	926.364	918.099	927.888	918.734	932.783	925.780	942.528	953.567
298	917.553	917.553	906.310	926.859	920.949	935.391	935.793	913.381	926.223	930.460	953.699
299	901.551	901.551	928.622	923.392	936.567	932.756	952.439	937.572	930.617	935.410	944.331
300	924.892	924.892	936.974	917.848	934.596	940.180	942.324	947.545	941.318	940.144	952.234
301	930.629	930.629	930.675	936.012	930.643	941.349	941.162	936.950	946.451	958.778	966.300
302	926.904	926.904	917.579	932.897	926.422	937.011	947.025	956.934	939.923	958.864	953.049
303	909.089	909.089	946.074	938.787	942.457	925.696	928.642	945.731	967.695	956.503	943.569
304	930.831	930.831	951.713	934.976	932.899	924.373	949.613	923.998	954.823	965.136	954.280
305	920.628	920.628	944.246	921.205	920.154	932.480	973.242	951.907	947.778	967.154	972.772
306	938.899	938.899	956.246	931.518	923.666	945.608	940.865	947.919	955.638	962.026	967.489
307	961.367	961.367	951.895	956.185	942.863	957.501	970.263	943.419	972.633	950.019	969.970
308	934.611	934.611	941.261	953.675	952.787	950.521	959.237	951.039	982.207	968.024	973.974
309	948.885	948.885	962.932	944.554	947.315	963.130	959.290	970.965	966.487	979.099	979.258
310	958.301	958.301	964.467	952.828	961.733	966.557	961.826	961.739	952.586	989.819	977.724
311	949.303	949.303	955.069	959.637	963.883	971.409	965.418	968.447	969.973	997.451	978.053
312	954.146	954.146	954.194	972.838	973.436	981.133	970.565	984.861	960.427	988.186	967.624
313	965.853	965.853	984.013	951.387	963.003	983.316	966.795	989.248	983.716	983.616	985.047
314	975.315	975.315	983.017	980.535	978.309	981.851	976.581	1004.521	996.839	994.314	1002.359
315	966.319	966.319	998.203	993.447	982.681	979.389	993.995	971.510	1000.654	1007.716	1009.469
316	977.317	977.317	976.281	996.331	974.261	991.428	1002.694	993.910	1010.172	1007.805	1018.182
317	987.756	987.756	979.771	992.496	981.724	991.802	1014.665	997.308	1029.062	1012.962	1032.821
318	995.840	995.840	1002.848	1001.895	995.635	996.453	1006.857	1017.350	1016.375	1037.615	1050.814
319	993.589	993.589	990.482	998.963	988.519	1005.525	1021.515	1023.335	1010.115	1035.432	1038.853
320	992.614	992.614	1002.410	1016.444	1002.524	1026.671	1000.640	1028.324	1009.799	1034.561	1049.226
321	1018.249	1018.249	1016.324	1027.594	1014.435	1033.037	1027.377	1023.191	1010.294	1057.375	1054.577
322	1020.085	1020.085	1022.807	1045.393	1056.808	1047.007	1026.635	1051.907	1030.059	1053.485	1063.528
323	1029.355	1029.355	1043.903	1037.017	1052.858	1062.058	1050.442	1060.521	1038.002	1049.151	1072.076
324	1033.361	1033.361	1038.948	1039.428	1062.507	1062.974	1048.751	1065.120	1057.874	1066.933	1086.657
325	1058.501	1058.501	1042.062	1059.824	1066.202	1072.507	1058.358	1078.238	1056.916	1074.520	1082.838
326	1061.162	1061.162	1062.675	1062.972	1090.695	1084.959	1092.168	1080.025	1078.357	1099.904	1103.685
327	1075.166	1075.166	1088.232	1080.174	1098.389	1105.706	1108.891	1095.043	1097.574	1122.753	1124.329
328	1068.132	1068.132	1113.568	1092.849	1108.407	1102.911	1103.141	1125.553	1111.121	1115.404	1141.688
329	1088.404	1088.404	1103.546	1123.432	1133.905	1139.518	1126.364	1147.331	1123.216	1127.986	1156.608
330	1096.901	1096.901	1096.718	1116.459	1160.540	1157.120	1155.132	1156.251	1155.371	1158.437	1171.468
