 	Profile_Slice_1	Profile_Slice_2	Profile_Slice_3	Profile_Slice_4	Profile_Slice_5	Profile_Slice_6	Profile_Slice_7	Profile_Slice_8	Profile_Slice_9
1	188.560	188.560	187.640	182.342	186.050	190.668	191.377	187.016	182.826
2	186.763	186.763	187.117	194.239	194.072	196.237	183.771	187.212	186.102
3	184.827	184.827	190.988	190.391	193.069	190.396	184.140	190.780	183.754
4	191.927	191.927	186.351	187.489	197.289	190.906	196.351	192.943	184.839
5	185.601	185.601	184.559	193.970	188.067	197.898	187.867	188.444	186.892
6	186.902	186.902	188.261	189.853	190.923	189.014	188.579	188.259	184.375
7	185.185	185.185	189.625	183.205	193.903	192.939	186.505	190.160	182.836
8	183.112	183.112	190.215	187.428	195.941	193.451	187.058	187.168	185.636
9	184.614	184.614	189.657	191.787	185.690	189.628	188.172	195.272	182.311
10	183.393	183.393	188.725	191.820	196.406	200.491	190.062	192.426	187.459
11	181.883	181.883	191.003	194.698	195.931	197.156	191.444	190.546	190.650
12	183.531	183.531	194.729	195.048	195.771	196.877	187.800	189.182	186.254
13	183.833	183.833	192.567	188.842	197.515	192.497	186.287	189.575	191.810
14	177.152	177.152	186.519	185.092	202.376	190.460	181.966	182.970	186.885
15	184.848	184.848	190.000	192.682	202.749	197.926	184.578	190.431	190.196
16	188.371	188.371	185.379	184.118	201.886	207.308	191.887	191.875	192.743
17	180.932	180.932	190.828	186.853	192.680	206.497	193.396	183.202	189.040
18	181.044	181.044	188.680	191.068	198.825	198.294	189.895	184.637	193.867
19	177.010	177.010	186.831	188.581	203.230	201.265	189.604	189.429	185.028
20	175.024	175.024	183.081	194.450	209.228	201.583	189.912	188.834	186.854
21	182.456	182.456	187.358	197.662	211.877	206.456	189.202	189.962	185.488
22	185.201	185.201	187.739	199.854	207.450	210.467	191.607	198.700	188.592
23	187.195	187.195	192.319	193.602	210.762	203.931	192.345	192.471	188.523
24	184.235	184.235	188.940	195.226	207.754	202.128	194.669	190.480	192.333
25	183.128	183.128	191.210	188.948	198.074	201.916	193.497	194.994	191.654
26	183.486	183.486	191.306	190.066	199.267	205.765	198.682	193.165	188.095
27	187.688	187.688	190.471	195.191	208.950	197.186	193.068	198.546	191.951
28	185.744	185.744	192.745	196.570	207.640	194.332	195.122	191.221	191.724
29	190.502	190.502	189.320	188.072	209.622	192.321	196.653	199.260	194.578
30	191.208	191.208	194.876	189.032	205.111	193.930	188.302	194.013	189.828
31	187.728	187.728	184.055	194.419	202.560	194.032	196.001	193.090	191.693
32	193.404	193.404	183.183	188.935	205.529	193.047	197.867	194.947	187.514
33	185.884	185.884	182.724	195.618	203.132	192.772	192.319	199.616	190.624
34	190.009	190.009	187.714	190.001	200.496	191.167	191.278	191.984	188.873
35	190.761	190.761	191.022	190.346	200.298	192.343	190.788	191.679	189.557
36	192.313	192.313	195.522	187.309	191.279	194.647	190.158	187.043	193.068
37	190.434	190.434	195.575	185.903	187.406	193.512	191.138	189.252	201.355
38	196.499	196.499	192.516	187.027	190.900	190.981	190.004	190.705	197.004
39	199.758	199.758	190.380	189.066	186.128	194.285	187.975	194.711	196.685
40	195.819	195.819	185.075	187.902	187.593	189.875	185.284	190.776	194.454
41	199.218	199.218	182.678	186.901	184.044	190.423	187.521	190.332	200.406
42	193.772	193.772	189.193	188.124	177.309	189.066	189.954	187.497	200.308
43	198.726	198.726	193.148	190.582	182.251	188.806	186.057	193.182	201.209
44	198.915	198.915	191.662	186.494	184.021	189.514	188.971	196.863	202.744
45	200.238	200.238	191.826	184.280	180.727	192.978	191.191	189.659	206.513
46	199.267	199.267	196.159	184.984	181.486	187.332	192.210	191.461	206.496
47	189.960	189.960	190.096	182.202	181.196	185.075	189.152	188.227	204.382
48	195.865	195.865	190.552	192.477	188.439	190.059	189.234	194.203	209.293
49	199.437	199.437	187.327	182.596	189.518	192.381	190.088	191.177	205.767
50	195.863	195.863	192.313	189.970	185.728	188.807	192.309	193.742	201.260
51	189.803	189.803	185.644	189.994	182.074	191.812	190.737	189.433	213.450
52	191.079	191.079	191.699	187.575	183.522	194.743	194.461	194.349	213.091
53	188.609	188.609	192.503	186.907	186.199	195.479	189.208	197.831	208.669
54	186.221	186.221	193.953	190.715	185.487	195.308	193.189	195.604	213.284
55	190.046	190.046	196.496	190.955	197.263	188.218	193.679	200.275	217.906
56	192.386	192.386	195.785	196.017	192.248	189.897	195.748	197.245	221.246
57	190.566	190.566	195.048	190.848	185.528	194.986	191.146	191.290	219.068
58	192.157	192.157	193.214	192.116	187.652	189.435	188.199	197.689	223.401
59	186.012	186.012	190.435	191.525	187.882	191.005	195.814	197.196	217.655
60	190.775	190.775	188.510	186.755	185.071	186.423	186.381	193.683	212.017
61	185.199	185.199	185.572	192.050	189.143	191.999	190.135	199.015	212.030
62	187.274	187.274	185.723	191.808	182.249	187.469	192.493	196.684	209.974
63	189.601	189.601	189.475	197.543	186.810	190.399	187.088	194.680	207.830
64	187.931	187.931	192.220	197.457	183.884	188.107	186.121	188.793	207.480
65	184.977	184.977	190.018	194.268	186.983	188.767	184.099	180.475	207.055
66	186.158	186.158	192.125	190.420	182.133	183.679	186.953	184.757	207.201
67	183.903	183.903	188.144	183.920	185.099	191.389	185.979	182.624	200.995
68	185.812	185.812	190.514	184.181	182.420	191.782	185.996	186.023	202.606
69	182.710	182.710	190.415	184.459	185.356	192.880	180.782	183.183	201.438
70	179.046	179.046	187.628	189.694	184.696	190.363	181.737	178.597	194.551
71	188.376	188.376	187.839	188.952	186.783	192.099	184.284	177.896	187.246
72	191.325	191.325	186.503	187.628	185.711	188.831	185.249	182.264	187.295
73	188.876	188.876	183.320	179.572	184.594	192.470	187.637	180.762	191.369
74	188.990	188.990	181.649	178.231	184.374	185.658	185.066	178.463	194.095
75	190.910	190.910	188.622	185.149	185.306	182.729	187.192	181.050	190.001
76	189.182	189.182	187.783	183.911	177.911	182.132	180.772	184.174	191.105
77	192.752	192.752	190.523	186.573	185.455	192.750	176.473	185.455	185.645
78	188.499	188.499	184.406	182.979	183.341	188.401	177.455	181.725	179.476
79	190.394	190.394	183.678	179.784	187.708	183.504	180.536	178.192	187.207
80	188.942	188.942	185.171	182.323	187.363	187.075	185.498	188.328	185.858
81	187.015	187.015	186.072	182.009	189.233	186.226	177.686	185.642	182.069
82	188.251	188.251	190.770	189.158	184.326	180.926	175.785	185.935	186.356
83	183.643	183.643	187.389	188.546	187.288	183.471	178.309	184.624	182.522
84	187.288	187.288	182.342	186.674	187.941	185.089	177.650	183.965	182.486
85	185.961	185.961	185.565	190.181	187.399	180.552	179.409	184.541	182.783
86	183.268	183.268	188.546	185.936	189.830	179.420	177.848	182.868	179.257
87	187.574	187.574	184.417	188.098	185.264	179.166	180.505	188.261	177.368
88	190.899	190.899	183.413	190.111	187.120	182.832	181.155	183.962	174.874
89	188.254	188.254	184.840	188.427	179.278	182.193	181.092	190.801	177.083
90	188.976	188.976	185.295	197.358	181.494	179.240	177.643	191.964	181.170
91	184.844	184.844	191.145	191.922	188.433	184.378	177.851	194.324	180.301
92	189.544	189.544	197.924	185.590	189.968	180.287	179.770	193.376	176.501
93	187.842	187.842	190.898	185.861	187.667	186.484	187.890	190.948	179.802
94	186.993	186.993	188.293	187.655	184.532	188.238	180.344	188.592	177.365
95	188.825	188.825	188.876	188.642	185.862	183.397	174.172	195.473	180.487
96	189.124	189.124	194.185	187.133	183.129	181.300	179.617	195.655	179.435
97	194.842	194.842	190.888	193.489	186.396	185.458	175.211	188.402	184.554
98	191.955	191.955	190.443	186.113	177.898	184.361	177.057	195.403	179.425
99	188.322	188.322	195.341	189.288	184.616	179.524	176.948	187.801	184.671
100	189.741	189.741	191.073	185.312	184.133	178.273	174.198	188.931	183.335
101	187.949	187.949	191.731	184.473	185.788	179.118	180.820	185.778	183.852
102	187.119	187.119	192.132	183.105	183.984	179.345	184.336	188.192	175.517
103	189.259	189.259	195.503	180.803	183.486	181.172	187.399	187.411	178.175
104	189.851	189.851	185.429	188.717	186.793	182.490	183.139	185.276	175.986
105	185.465	185.465	186.448	186.946	182.044	179.362	184.073	189.183	177.032
106	185.830	185.830	188.999	183.433	185.364	178.105	182.176	189.207	175.656
107	184.377	184.377	180.395	181.128	179.887	179.360	186.670	183.749	172.229
108	193.983	193.983	184.655	181.536	179.604	178.090	188.719	186.866	172.978
109	195.447	195.447	187.029	178.999	177.182	175.173	180.503	189.328	175.574
110	189.013	189.013	183.907	180.986	181.118	182.591	185.870	190.055	175.738
111	191.107	191.107	186.573	181.098	181.146	183.585	185.732	183.131	178.039
112	186.475	186.475	180.394	180.455	181.786	180.295	185.258	182.717	174.384
113	190.703	190.703	186.573	183.958	183.937	174.973	186.770	189.742	180.629
114	193.828	193.828	186.328	175.986	181.627	180.943	188.561	183.303	179.133
115	184.046	184.046	183.333	179.415	180.538	182.113	186.394	182.088	177.362
116	183.469	183.469	177.313	178.201	182.522	179.081	185.863	181.821	171.727
117	184.485	184.485	178.941	177.758	183.979	180.774	184.564	182.243	176.566
118	184.803	184.803	181.900	183.741	177.276	177.661	189.687	179.618	177.777
119	189.273	189.273	184.933	181.063	179.198	176.843	183.997	183.269	175.794
120	188.382	188.382	179.772	180.361	183.322	178.367	183.539	182.704	172.926
121	188.812	188.812	179.072	181.721	179.628	178.152	181.389	184.039	178.157
122	188.555	188.555	177.861	181.869	184.756	180.940	185.829	179.070	174.759
123	184.922	184.922	179.456	179.788	184.132	180.676	183.847	175.507	180.436
124	188.388	188.388	176.623	177.138	186.094	177.898	177.965	180.319	175.384
125	182.564	182.564	174.890	181.485	178.173	179.883	180.647	178.061	177.983
126	189.848	189.848	179.875	184.681	177.295	181.971	174.384	176.425	181.810
127	187.601	187.601	175.696	179.823	173.702	178.712	177.092	173.922	177.820
128	181.833	181.833	173.721	176.432	170.590	174.254	171.620	177.489	181.200
129	177.462	177.462	178.845	182.858	174.009	172.778	171.068	170.196	176.725
130	176.802	176.802	175.540	179.679	169.003	172.925	166.276	166.176	176.292
131	176.056	176.056	173.997	178.426	169.795	167.754	166.669	171.609	174.363
132	171.924	171.924	180.463	176.059	169.120	169.410	165.500	170.238	173.596
133	173.119	173.119	172.318	173.837	169.693	166.948	165.539	168.512	171.138
134	169.220	169.220	167.346	171.327	168.425	166.890	167.699	169.619	173.978
135	172.797	172.797	169.709	168.656	165.432	169.218	166.057	167.052	172.457
136	170.058	170.058	164.941	167.237	162.688	166.527	168.941	163.722	177.394
137	172.750	172.750	170.185	171.346	161.200	163.742	167.411	167.278	176.838
138	162.546	162.546	167.212	168.944	157.733	160.666	165.182	165.004	176.253
139	167.808	167.808	165.854	168.769	163.522	163.124	167.083	164.407	177.242
140	166.495	166.495	167.534	169.817	161.039	170.447	169.418	169.724	176.101
141	167.134	167.134	169.865	167.383	164.216	173.910	163.036	166.518	179.259
142	163.496	163.496	172.916	165.792	162.403	170.809	167.016	165.281	177.841
143	168.043	168.043	167.666	164.954	166.217	175.018	166.678	169.317	178.350
144	162.693	162.693	169.319	166.504	170.604	181.873	166.937	166.920	179.826
145	159.252	159.252	167.261	163.743	169.917	174.667	174.498	168.866	178.322
146	163.058	163.058	165.174	163.849	174.391	176.988	178.112	173.906	188.075
147	165.137	165.137	169.250	166.392	176.951	179.122	177.794	184.655	182.066
148	160.953	160.953	164.732	168.411	177.770	179.397	180.460	177.209	185.142
149	163.968	163.968	171.905	177.046	179.684	179.608	178.350	180.208	175.432
150	163.118	163.118	166.499	171.289	181.680	181.473	185.158	179.569	173.743
151	165.299	165.299	169.387	170.152	177.735	180.812	180.804	174.540	184.343
152	166.202	166.202	170.078	175.954	178.054	178.873	182.728	183.683	184.071
153	171.403	171.403	173.723	172.042	174.724	179.024	180.115	179.192	183.569
154	178.356	178.356	175.463	176.316	174.779	183.212	182.228	178.390	176.296
155	177.017	177.017	177.264	179.552	176.496	184.286	184.943	177.536	178.918
156	171.992	171.992	177.124	178.690	174.007	182.805	183.057	175.843	178.905
157	175.993	175.993	182.295	179.498	176.801	186.810	183.455	178.843	177.531
158	173.019	173.019	178.060	182.170	180.103	179.553	181.887	177.350	179.974
159	179.431	179.431	181.296	181.151	173.986	180.775	177.594	174.210	187.736
160	177.327	177.327	179.791	179.635	176.683	177.260	178.825	174.630	178.945
161	176.147	176.147	177.014	179.359	173.407	185.326	178.570	177.461	179.720
162	180.347	180.347	176.955	176.724	176.082	171.456	178.798	176.922	179.200
163	179.090	179.090	176.157	180.011	173.032	175.153	172.881	176.331	171.358
164	178.090	178.090	179.218	178.277	177.569	172.040	173.512	177.779	174.536
165	176.959	176.959	172.850	173.682	170.249	173.842	180.427	176.394	175.657
166	175.265	175.265	172.744	176.020	170.745	173.677	177.455	176.274	179.239
167	180.895	180.895	179.894	177.608	171.445	175.917	172.364	177.690	167.663
168	174.335	174.335	181.878	178.175	172.129	170.000	175.394	174.509	176.604
169	172.646	172.646	179.076	179.669	176.499	170.974	168.185	168.840	172.267
170	172.692	172.692	180.257	178.234	170.327	173.546	172.896	176.341	172.988
171	173.599	173.599	180.227	175.177	172.631	170.982	173.262	173.101	172.832
172	178.065	178.065	170.775	171.685	172.081	173.934	177.674	170.729	169.004
173	170.713	170.713	173.821	169.882	175.962	177.357	172.968	173.394	169.487
174	172.293	172.293	174.990	173.125	172.656	174.837	169.087	172.562	177.376
175	172.575	172.575	172.522	175.259	167.859	177.183	166.751	172.535	176.388
176	171.595	171.595	172.970	175.082	172.254	171.224	166.119	172.573	177.582
177	170.840	170.840	173.533	172.313	177.318	174.783	169.494	172.562	171.038
178	166.631	166.631	171.009	177.041	175.406	178.456	171.699	182.109	176.362
179	163.334	163.334	170.227	170.109	174.208	170.123	177.146	182.120	175.712
180	169.307	169.307	174.264	171.906	172.842	173.528	172.864	176.061	171.624
181	171.380	171.380	169.046	170.726	169.938	168.315	173.050	172.235	171.029
182	163.020	163.020	166.337	174.447	172.233	171.017	175.223	175.171	169.777
183	168.919	168.919	170.265	173.058	174.795	175.127	171.475	174.378	171.411
184	170.664	170.664	173.402	170.687	174.677	179.908	175.960	172.125	169.614
185	173.997	173.997	171.280	174.199	169.620	176.721	175.571	179.228	168.324
186	175.640	175.640	169.490	170.458	167.040	175.017	173.511	172.621	172.820
187	172.019	172.019	171.279	173.175	167.958	172.106	173.568	170.961	169.277
188	169.654	169.654	175.148	172.169	168.575	170.994	171.131	177.083	170.550
189	167.348	167.348	174.383	168.293	172.689	172.425	171.621	171.497	169.506
190	166.834	166.834	171.609	170.684	169.065	171.891	170.331	172.322	169.924
191	170.637	170.637	173.916	173.403	173.673	170.265	174.326	176.403	168.726
192	172.183	172.183	173.299	170.706	172.241	172.714	172.598	176.040	166.395
193	162.676	162.676	174.006	172.620	170.908	166.454	173.470	170.682	173.634
194	165.052	165.052	171.671	170.675	170.652	171.938	175.690	168.641	170.375
195	165.868	165.868	173.916	172.384	168.304	174.271	174.932	176.318	175.016
196	163.866	163.866	172.979	172.002	172.850	178.765	170.048	168.037	167.766
197	169.327	169.327	174.053	167.527	168.195	173.266	165.709	171.647	168.560
198	169.483	169.483	171.749	166.426	169.774	171.301	167.688	178.452	173.163
199	165.360	165.360	171.813	171.252	169.239	171.168	172.143	172.034	168.692
200	167.502	167.502	170.970	168.335	170.123	169.319	174.610	170.013	167.633
201	169.566	169.566	172.041	168.679	172.967	176.578	169.117	175.372	173.763
202	169.739	169.739	176.779	170.179	165.689	167.952	170.936	170.735	175.963
203	170.334	170.334	176.982	175.260	170.365	171.862	171.614	176.887	172.455
204	164.442	164.442	172.453	173.183	176.337	169.632	174.062	171.011	171.203
205	163.698	163.698	169.435	169.480	168.536	170.886	169.045	165.931	171.192
206	171.707	171.707	169.079	172.843	170.083	172.831	166.928	170.678	172.496
207	167.613	167.613	176.539	172.616	168.163	174.435	167.609	167.207	172.460
208	164.694	164.694	170.732	167.923	171.690	175.577	173.544	174.376	173.225
209	167.192	167.192	165.363	170.885	171.932	173.049	178.178	170.053	172.169
210	168.199	168.199	164.503	173.925	168.945	171.883	168.732	172.827	169.723
211	161.985	161.985	171.313	169.937	167.189	169.134	171.083	169.111	165.395
212	163.852	163.852	169.538	171.618	171.289	169.485	168.270	170.360	172.823
213	164.171	164.171	168.955	170.909	173.048	170.522	171.251	167.434	172.185
214	172.313	172.313	167.076	169.833	171.397	173.191	168.061	170.821	169.644
215	167.455	167.455	169.735	172.796	172.628	172.195	172.974	171.571	171.198
216	163.561	163.561	175.044	169.639	172.046	166.706	168.138	171.392	171.868
217	163.286	163.286	173.722	173.585	166.575	169.015	170.623	173.123	164.718
218	166.632	166.632	169.752	170.108	169.914	169.702	175.980	163.783	171.418
219	169.763	169.763	168.709	162.895	167.917	168.543	173.256	167.918	170.802
220	169.099	169.099	171.632	167.019	168.150	168.729	170.299	177.617	172.777
221	166.304	166.304	171.856	168.197	169.074	168.453	168.632	162.484	173.619
222	165.096	165.096	173.843	171.359	174.243	164.104	168.792	165.207	170.150
223	165.328	165.328	171.379	170.390	165.296	167.059	167.343	168.574	171.345
224	163.044	163.044	167.965	171.892	171.995	168.812	161.618	171.724	172.771
225	163.822	163.822	167.894	164.627	169.116	171.095	168.875	167.540	170.176
226	161.756	161.756	164.829	167.841	169.886	171.468	170.861	167.760	167.651
227	163.002	163.002	167.557	171.663	170.747	174.946	166.482	166.901	170.688
228	166.217	166.217	164.187	170.149	169.296	175.522	166.074	166.409	174.044
229	165.944	165.944	174.231	167.066	164.550	171.598	167.744	167.925	175.855
230	171.483	171.483	170.433	166.290	167.375	171.341	171.912	169.707	176.132
231	171.251	171.251	170.609	173.789	174.837	170.825	174.252	169.402	170.059
232	169.354	169.354	174.042	167.660	170.220	171.642	172.125	168.529	170.780
233	158.626	158.626	174.205	171.245	171.020	169.848	170.497	173.188	167.698
234	164.683	164.683	169.358	170.216	177.520	168.666	171.325	170.356	177.331
235	167.612	167.612	170.759	168.217	173.140	169.052	172.923	174.429	174.357
236	165.082	165.082	165.455	165.603	174.339	166.846	168.618	170.454	168.909
237	168.471	168.471	163.279	167.331	168.403	166.495	169.430	173.254	168.731
238	171.776	171.776	169.095	166.876	162.242	168.088	170.023	170.473	165.253
239	161.976	161.976	169.706	167.034	166.397	170.506	166.527	166.068	166.577
240	162.342	162.342	170.792	169.211	171.817	167.675	168.727	169.280	169.843
241	169.247	169.247	167.932	166.315	169.846	172.627	163.959	172.775	163.672
242	162.885	162.885	169.200	166.513	168.685	172.153	169.902	176.260	169.653
243	163.050	163.050	172.504	168.112	166.849	169.579	166.859	168.844	168.314
244	163.842	163.842	165.975	167.153	166.494	171.208	173.898	170.086	167.164
245	166.251	166.251	169.539	168.358	170.571	170.918	164.017	165.490	164.315
246	168.960	168.960	167.346	169.443	171.455	170.081	166.834	171.385	169.516
247	165.852	165.852	162.856	170.449	163.999	170.703	168.820	170.049	164.809
248	163.949	163.949	166.172	171.388	165.584	172.042	165.070	166.091	165.825
249	164.642	164.642	166.790	164.301	161.232	166.438	162.291	167.872	163.846
250	163.167	163.167	168.377	169.197	164.924	169.072	166.609	168.263	163.638
251	162.570	162.570	171.400	168.834	165.607	172.173	167.647	168.989	170.325
252	167.831	167.831	163.943	171.580	167.465	166.468	168.388	169.028	170.368
253	165.815	165.815	164.920	168.798	167.600	168.088	167.268	170.097	167.275
254	168.039	168.039	169.800	164.622	169.793	166.673	167.131	169.897	173.105
255	163.509	163.509	164.728	166.206	166.188	168.230	171.441	169.361	170.490
256	165.383	165.383	167.115	166.234	166.998	170.810	166.918	164.601	167.838
257	159.235	159.235	168.185	161.075	165.218	165.157	166.580	167.049	168.559
258	161.854	161.854	160.035	165.614	162.717	162.715	169.980	173.812	163.397
259	170.821	170.821	170.319	165.127	169.458	168.291	164.821	169.312	168.044
260	164.067	164.067	169.201	168.112	164.546	168.410	163.353	168.468	167.492
261	164.008	164.008	163.987	167.858	163.253	169.687	168.715	170.266	169.372
262	170.015	170.015	166.599	161.350	167.681	165.303	170.617	168.363	168.806
263	166.492	166.492	167.381	163.982	166.405	166.001	170.487	170.699	163.575
264	162.388	162.388	167.551	169.144	169.043	167.845	167.369	166.046	163.136
265	163.257	163.257	162.357	167.618	168.433	171.545	169.275	166.338	164.186
266	164.282	164.282	162.528	169.046	171.698	162.348	169.399	164.311	166.803
267	168.055	168.055	166.097	169.352	169.147	164.358	169.872	169.793	171.352
268	164.223	164.223	166.974	163.457	169.136	164.959	169.535	167.353	165.848
269	162.308	162.308	167.307	166.132	170.682	168.956	163.590	166.192	167.746
270	163.754	163.754	162.503	163.543	170.270	166.768	166.058	168.183	160.964
271	164.926	164.926	162.659	169.509	166.326	169.752	168.905	171.230	168.565
272	169.314	169.314	169.577	166.733	168.826	165.493	171.831	168.927	171.256
273	166.080	166.080	170.788	167.871	167.718	167.177	168.705	163.679	167.005
274	168.109	168.109	164.293	163.808	166.354	167.363	167.161	169.214	164.995
275	161.629	161.629	159.706	168.388	169.545	170.182	166.401	165.450	168.565
276	163.606	163.606	165.598	169.611	167.294	168.568	166.204	165.488	166.558
277	164.545	164.545	166.237	170.122	165.964	162.092	168.183	168.237	167.155
278	161.713	161.713	166.365	162.985	167.467	165.047	168.911	161.579	167.181
279	165.877	165.877	167.049	165.740	166.496	168.213	168.157	169.372	165.381
280	162.561	162.561	160.999	168.164	169.024	166.609	169.165	161.642	166.297
281	162.101	162.101	165.716	170.515	168.498	163.713	167.659	165.782	170.373
282	165.538	165.538	167.617	164.929	169.126	162.781	167.542	167.690	166.794
283	166.398	166.398	163.366	160.219	168.343	169.001	170.503	166.303	162.713
284	164.002	164.002	165.581	167.004	171.806	169.734	168.016	168.030	165.109
285	161.763	161.763	160.194	163.169	168.055	165.826	165.693	166.131	161.206
286	165.138	165.138	161.636	163.499	169.502	165.853	168.183	167.030	163.137
287	162.904	162.904	160.645	167.208	163.154	168.052	168.444	166.903	163.057
288	164.625	164.625	164.850	168.739	163.456	167.573	168.904	166.202	164.628
289	166.385	166.385	165.557	168.731	167.984	166.492	167.536	172.615	166.592
290	165.591	165.591	165.248	168.487	162.161	166.366	163.426	169.257	167.713
291	167.149	167.149	166.042	166.831	168.518	166.882	162.655	167.540	167.543
292	162.837	162.837	168.045	167.475	168.783	167.339	163.242	165.038	164.871
293	161.723	161.723	170.142	168.861	176.721	167.367	164.455	170.953	162.897
294	164.888	164.888	169.188	163.846	165.552	160.446	165.254	166.903	161.802
295	162.661	162.661	165.143	163.554	163.742	165.922	166.131	167.527	167.550
296	162.293	162.293	160.379	162.436	167.673	168.964	165.435	169.025	168.512
297	164.501	164.501	164.915	168.203	165.426	170.725	165.199	168.096	168.769
298	164.245	164.245	165.782	163.515	165.641	164.015	162.157	169.554	166.600
299	160.266	160.266	166.834	167.116	166.256	169.709	161.632	167.319	163.677
300	161.918	161.918	165.034	163.302	164.627	166.019	156.310	163.228	169.391
301	160.259	160.259	164.150	167.573	160.443	165.063	168.509	163.373	162.775
302	163.915	163.915	168.014	162.845	165.993	166.654	163.979	167.439	157.587
303	165.846	165.846	161.807	171.245	162.125	163.435	165.701	168.530	163.057
304	167.208	167.208	164.226	168.200	168.496	165.414	168.046	165.079	165.925
305	159.092	159.092	163.543	163.158	169.790	164.850	166.964	166.343	166.344
306	158.028	158.028	164.742	160.780	167.911	166.045	169.441	165.848	168.115
307	160.574	160.574	163.864	165.295	169.869	165.762	163.301	166.007	168.531
308	162.075	162.075	168.884	165.362	164.034	165.388	166.168	164.630	166.719
309	166.653	166.653	168.674	166.848	165.454	165.181	165.512	164.688	167.093
310	161.989	161.989	162.908	165.014	166.431	161.955	166.804	165.595	166.680
311	163.109	163.109	163.826	169.219	163.422	163.126	167.363	163.950	169.417
312	161.879	161.879	166.343	166.007	163.377	164.151	169.201	170.515	165.792
313	160.077	160.077	167.426	168.491	165.179	165.283	165.847	163.247	166.549
314	158.577	158.577	164.041	167.066	166.285	166.774	164.766	165.450	162.818
315	164.099	164.099	161.484	165.152	163.926	166.338	161.873	166.665	166.956
316	164.802	164.802	159.643	168.662	167.083	166.355	164.527	166.128	167.498
317	162.487	162.487	163.877	163.558	162.164	164.447	162.095	169.539	167.451
318	163.388	163.388	165.568	163.879	166.974	164.054	168.470	168.262	166.096
319	165.644	165.644	166.675	159.517	168.688	167.364	164.888	166.861	166.743
320	159.876	159.876	163.345	166.203	166.205	165.843	165.608	160.829	167.642
321	158.114	158.114	163.148	160.556	166.890	168.458	169.093	164.503	167.444
322	165.404	165.404	165.079	166.182	167.259	165.128	164.845	166.037	165.820
323	165.378	165.378	165.664	168.322	159.660	166.764	167.776	164.912	162.526
324	161.592	161.592	166.467	165.587	166.296	167.749	169.171	167.454	168.548
325	162.626	162.626	167.999	167.216	170.574	165.346	164.873	164.271	161.888
326	166.724	166.724	163.760	164.932	170.462	166.856	162.325	164.784	165.725
327	162.799	162.799	162.464	166.084	166.618	170.789	166.444	164.734	166.371
328	159.225	159.225	165.589	163.972	169.547	164.895	167.795	159.622	162.103
329	160.221	160.221	167.593	163.658	164.259	161.608	161.322	163.567	162.817
330	164.345	164.345	161.599	165.076	159.192	161.546	167.316	166.547	167.213
