 	Profile_Slice_1	Profile_Slice_2	Profile_Slice_3	Profile_Slice_4	Profile_Slice_5	Profile_Slice_6	Profile_Slice_7	Profile_Slice_8	Profile_Slice_9	Profile_Slice_10
1	445.703	445.703	442.619	454.260	446.451	454.775	446.090	455.111	445.888	456.427
2	446.364	446.364	449.023	458.993	454.905	448.789	449.217	450.172	454.020	454.021
3	433.863	433.863	459.494	446.051	463.849	456.868	448.175	451.559	449.838	450.241
4	442.219	442.219	442.788	452.697	447.974	463.086	441.893	453.183	454.742	458.469
5	435.368	435.368	446.559	462.286	453.107	453.430	452.515	451.874	449.760	459.225
6	444.361	444.361	457.617	461.112	457.194	451.073	456.960	454.751	448.901	450.820
7	445.433	445.433	460.894	454.756	446.139	452.098	444.508	459.381	451.273	452.987
8	446.283	446.283	453.111	453.138	452.172	462.805	463.983	461.354	453.775	454.375
9	435.951	435.951	459.538	458.331	458.138	450.738	455.224	453.509	449.770	459.524
10	429.592	429.592	454.470	459.554	453.072	451.230	456.204	453.322	460.328	458.850
11	436.632	436.632	464.540	457.807	456.901	448.654	462.891	461.040	455.263	447.850
12	438.050	438.050	450.478	460.131	457.591	454.230	457.405	455.248	459.787	470.342
13	452.154	452.154	453.028	458.992	470.126	457.228	449.092	459.582	451.803	463.188
14	455.009	455.009	447.513	456.582	449.388	454.167	457.158	462.710	452.710	460.863
15	448.323	448.323	455.186	464.018	464.024	452.875	470.223	460.655	447.540	456.892
16	449.212	449.212	460.583	467.789	457.904	449.666	459.869	444.097	461.793	459.362
17	456.554	456.554	449.722	458.252	464.756	462.147	456.994	446.002	464.487	467.033
18	444.035	444.035	453.856	469.154	470.932	463.072	461.307	458.523	462.523	464.089
19	442.846	442.846	458.466	462.138	462.652	464.104	456.740	468.173	461.360	460.222
20	446.820	446.820	459.657	466.326	456.726	460.968	456.257	461.798	455.950	448.119
21	442.250	442.250	457.386	467.702	466.974	466.058	464.098	453.209	468.777	461.568
22	449.882	449.882	447.481	457.496	459.582	461.954	468.522	463.288	464.788	466.796
23	442.035	442.035	463.006	459.479	461.413	466.495	460.490	465.200	466.807	466.832
24	452.818	452.818	462.845	462.437	481.362	469.299	456.595	455.605	464.716	463.484
25	453.786	453.786	451.894	470.195	465.017	459.148	456.171	455.905	458.983	461.806
26	446.893	446.893	450.643	466.587	470.605	453.680	462.734	462.271	454.172	460.247
27	450.918	450.918	457.639	463.503	461.104	457.164	464.314	468.810	467.268	462.721
28	446.605	446.605	463.830	462.854	459.304	468.215	466.493	468.342	462.293	463.825
29	458.227	458.227	466.336	455.126	471.886	453.599	466.873	463.673	458.207	456.835
30	459.396	459.396	463.263	461.163	459.861	462.865	470.021	460.775	463.125	470.023
31	450.873	450.873	470.660	468.570	457.139	475.195	466.536	455.508	462.825	474.537
32	447.401	447.401	467.898	464.678	462.580	454.357	464.393	466.164	453.619	465.062
33	442.083	442.083	465.937	464.748	456.522	457.547	471.867	465.995	458.559	465.383
34	459.069	459.069	466.892	462.613	469.075	458.481	469.549	462.510	461.193	463.043
35	452.495	452.495	471.484	467.850	472.548	461.387	459.206	464.973	452.582	461.951
36	453.408	453.408	466.354	472.051	466.647	463.322	461.094	462.802	465.854	458.082
37	469.424	469.424	468.807	470.008	470.607	470.505	457.437	469.567	476.270	469.532
38	459.342	459.342	465.310	451.046	468.112	470.193	473.784	475.835	470.148	470.867
39	454.338	454.338	465.678	467.982	466.999	466.298	475.544	460.724	472.572	466.719
40	454.326	454.326	458.558	475.004	460.697	460.439	473.823	467.358	463.982	468.781
41	462.315	462.315	474.490	470.285	464.149	461.126	469.679	463.445	466.331	475.577
42	462.695	462.695	477.999	468.002	456.571	470.256	454.451	467.538	472.571	466.977
43	461.409	461.409	469.782	465.626	467.042	464.019	464.260	471.522	469.687	463.771
44	460.582	460.582	483.501	464.604	482.744	470.692	472.028	475.178	470.047	474.739
45	456.694	456.694	475.878	460.260	472.490	464.131	467.835	466.173	469.451	477.355
46	462.978	462.978	478.178	470.951	477.951	469.293	479.244	457.817	479.619	479.023
47	456.601	456.601	474.495	474.102	468.591	477.398	482.912	468.443	480.407	476.164
48	463.261	463.261	469.495	473.507	472.829	486.120	480.177	474.098	476.097	482.058
49	460.364	460.364	474.915	467.842	474.641	473.845	473.568	475.028	479.766	477.084
50	463.303	463.303	478.248	470.885	473.754	468.510	468.933	474.404	492.236	471.367
51	464.589	464.589	483.355	470.351	472.733	483.994	478.978	473.499	478.344	480.539
52	459.156	459.156	476.989	477.154	469.855	471.249	472.520	481.908	487.514	477.580
53	465.399	465.399	483.287	480.026	481.293	473.464	482.370	474.346	483.166	478.897
54	466.151	466.151	483.145	472.230	486.219	468.795	473.975	482.064	483.076	474.525
55	464.653	464.653	470.851	480.797	487.318	472.203	472.550	478.715	487.076	484.372
56	468.153	468.153	472.896	486.154	488.914	473.116	481.444	479.124	476.167	488.082
57	464.015	464.015	487.015	473.260	482.509	475.121	465.519	477.684	472.638	477.832
58	470.144	470.144	471.307	485.560	476.627	475.636	476.698	474.844	474.983	493.761
59	461.845	461.845	477.667	493.234	483.041	485.316	499.141	477.672	485.777	485.798
60	477.750	477.750	478.089	484.678	480.742	482.646	490.680	482.801	477.328	482.793
61	469.049	469.049	482.884	470.265	474.288	480.488	482.706	484.470	483.467	479.517
62	466.111	466.111	485.483	473.148	475.806	476.722	475.876	477.810	467.215	494.527
63	480.904	480.904	481.225	476.727	473.797	479.078	492.401	488.911	484.105	493.365
64	468.834	468.834	480.122	498.345	476.278	487.355	480.996	492.540	479.747	483.262
65	475.988	475.988	494.910	481.044	486.527	471.618	489.766	490.282	471.235	479.468
66	473.784	473.784	481.590	483.309	485.399	494.261	486.170	482.053	479.542	475.871
67	467.327	467.327	489.337	486.840	475.038	497.741	476.530	483.088	483.934	490.330
68	464.191	464.191	476.697	481.540	482.118	486.259	480.180	483.139	479.939	486.723
69	477.072	477.072	483.059	485.020	478.602	486.786	493.868	483.318	485.691	489.831
70	484.316	484.316	479.718	481.434	488.502	483.542	496.343	484.908	494.682	488.514
71	485.963	485.963	480.041	499.006	483.987	488.409	489.585	485.503	483.339	499.712
72	477.436	477.436	486.863	485.764	486.842	483.076	486.438	491.702	491.175	496.252
73	481.875	481.875	485.472	492.959	489.119	486.234	481.569	494.809	500.083	504.517
74	490.894	490.894	477.858	489.931	492.367	492.891	493.963	503.689	500.309	508.833
75	481.076	481.076	485.465	478.631	481.860	495.985	500.257	507.510	501.149	501.849
76	476.712	476.712	474.305	486.272	486.735	487.192	511.978	491.008	510.031	494.003
77	483.714	483.714	486.435	502.751	493.495	489.584	492.658	494.828	498.653	490.740
78	478.603	478.603	494.283	499.034	480.904	491.731	486.651	505.831	493.790	486.362
79	486.177	486.177	493.497	498.615	480.975	493.875	491.077	487.551	489.355	497.477
80	487.829	487.829	486.623	500.791	492.518	499.548	496.796	496.594	499.054	496.137
81	493.343	493.343	501.068	496.267	504.848	506.026	490.308	502.442	507.816	489.805
82	482.957	482.957	488.939	503.355	494.242	503.910	498.478	518.072	508.536	504.325
83	484.481	484.481	507.499	508.405	494.244	504.460	503.834	499.913	509.978	508.432
84	484.169	484.169	511.826	508.316	501.441	494.654	490.244	502.532	503.813	512.882
85	481.955	481.955	506.413	499.022	506.163	497.496	508.794	494.582	503.656	513.633
86	481.947	481.947	504.815	507.363	508.366	489.309	510.781	491.661	502.620	516.628
87	499.794	499.794	500.580	503.118	498.109	507.208	509.389	503.182	512.324	506.472
88	503.501	503.501	498.642	508.642	512.768	502.118	511.681	515.568	500.874	508.823
89	497.031	497.031	502.272	497.441	492.619	502.690	515.907	517.987	516.701	505.265
90	504.704	504.704	504.978	508.346	490.653	502.667	498.684	503.440	502.988	508.662
91	496.737	496.737	491.520	512.799	506.841	500.496	505.714	511.444	518.344	506.578
92	495.621	495.621	503.443	512.478	502.471	502.594	502.605	509.884	522.753	516.504
93	490.964	490.964	497.683	521.214	497.762	510.942	510.454	510.132	522.228	519.702
94	499.004	499.004	501.120	506.713	502.598	509.346	508.702	510.499	522.925	519.493
95	500.896	500.896	510.381	512.953	504.059	503.807	506.859	507.122	513.921	524.748
96	511.329	511.329	516.669	516.356	506.911	520.356	514.743	498.135	511.281	527.262
97	511.680	511.680	515.537	516.658	513.318	518.497	522.664	518.007	514.600	513.945
98	502.159	502.159	498.390	528.940	524.374	516.549	518.465	517.977	530.590	529.695
99	509.237	509.237	493.843	517.863	512.968	523.626	518.682	509.420	510.823	519.636
100	509.295	509.295	502.475	517.597	500.818	520.024	513.605	522.635	513.816	523.893
101	508.274	508.274	520.830	522.930	508.870	514.545	524.720	522.245	523.592	526.454
102	510.874	510.874	510.180	525.560	516.243	528.471	528.617	523.909	521.719	533.515
103	525.625	525.625	524.579	522.021	520.590	537.986	540.373	529.730	526.951	544.812
104	524.805	524.805	531.177	528.107	521.208	532.324	530.908	525.053	519.932	540.458
105	520.610	520.610	514.276	525.983	519.078	514.821	525.484	526.733	522.533	519.664
106	512.284	512.284	518.826	520.815	518.912	517.939	531.076	520.771	545.956	541.095
107	511.978	511.978	523.128	517.169	521.607	531.686	525.222	531.247	535.736	541.877
108	523.734	523.734	526.714	523.233	539.907	523.289	531.758	536.681	538.234	544.742
109	515.756	515.756	523.902	532.604	531.403	532.821	542.983	529.590	545.570	546.669
110	502.983	502.983	527.426	528.183	536.870	524.518	544.105	529.669	544.089	540.993
111	527.432	527.432	528.594	545.922	525.699	514.212	530.714	548.339	537.921	544.456
112	511.137	511.137	541.387	530.096	532.059	545.254	534.452	553.076	542.654	534.065
113	536.323	536.323	537.496	540.356	540.684	538.825	534.936	549.795	554.229	558.436
114	526.156	526.156	536.174	539.843	546.016	535.812	539.100	547.091	554.080	553.427
115	527.515	527.515	540.474	544.436	550.600	530.255	540.534	556.019	543.063	560.028
116	517.796	517.796	550.117	548.823	538.440	539.032	545.439	558.063	553.843	550.660
117	522.182	522.182	546.563	549.066	546.754	543.115	545.367	560.178	555.631	571.252
118	533.868	533.868	540.441	536.547	557.475	552.061	552.021	554.191	560.174	571.585
119	542.466	542.466	544.014	548.038	555.605	537.344	562.436	550.720	577.485	557.134
120	546.941	546.941	542.095	545.247	554.076	537.304	564.448	541.398	576.808	564.887
121	543.434	543.434	549.347	549.274	549.352	540.145	557.535	546.154	572.780	581.051
122	534.459	534.459	546.431	558.997	559.248	549.234	559.478	564.093	565.694	576.543
123	543.840	543.840	557.180	555.844	556.320	555.866	563.526	572.540	575.700	572.703
124	549.244	549.244	548.036	555.682	553.475	548.735	562.953	562.755	593.248	575.131
125	545.385	545.385	553.007	562.631	558.652	558.165	568.725	562.645	586.590	580.840
126	545.298	545.298	556.609	565.184	571.531	563.573	572.167	576.661	591.379	589.409
127	557.074	557.074	564.025	573.584	567.539	563.328	575.915	573.345	593.411	596.078
128	565.511	565.511	564.279	567.746	553.568	568.364	576.954	568.470	588.816	586.699
129	562.813	562.813	562.770	572.263	557.696	563.017	572.133	578.357	584.905	596.261
130	566.642	566.642	573.940	572.633	549.877	570.408	584.075	578.262	589.756	611.207
131	556.047	556.047	564.501	582.011	556.040	567.266	577.707	587.549	602.909	611.280
132	565.271	565.271	583.278	568.751	576.693	569.285	582.043	595.510	600.044	601.240
133	562.918	562.918	577.319	581.162	578.179	579.209	571.364	600.733	604.401	602.642
134	562.194	562.194	569.809	577.037	586.486	573.249	586.032	594.152	607.802	619.976
135	554.461	554.461	585.832	578.526	589.926	582.237	588.699	596.856	617.842	625.482
136	564.868	564.868	567.338	585.241	584.895	574.675	578.247	601.858	609.627	625.947
137	563.383	563.383	578.458	593.115	572.116	591.759	592.366	595.535	612.860	627.616
138	589.256	589.256	592.274	591.835	574.449	590.201	592.144	612.922	622.783	632.842
139	568.864	568.864	576.239	597.198	592.970	584.017	599.343	615.754	644.901	633.512
140	566.727	566.727	593.332	594.444	587.939	595.307	607.029	622.358	633.357	633.489
141	586.448	586.448	589.504	602.798	595.103	609.573	599.913	619.867	612.577	628.005
142	583.771	583.771	588.025	596.166	595.896	606.807	625.021	619.835	622.598	643.120
143	588.444	588.444	598.328	597.573	592.419	602.983	612.794	628.019	630.472	648.775
144	581.404	581.404	607.481	609.888	603.505	604.523	612.486	626.468	650.865	649.277
145	600.011	600.011	607.528	611.473	606.357	602.153	619.334	634.340	656.821	650.320
146	603.909	603.909	608.300	614.162	616.947	600.727	631.290	651.974	661.596	659.782
147	612.882	612.882	615.006	618.281	614.109	612.093	626.005	650.784	659.440	659.523
148	607.874	607.874	614.502	624.078	620.982	617.132	638.912	646.707	660.061	664.754
149	603.766	603.766	618.490	633.431	615.869	637.444	641.702	663.167	668.225	685.883
150	623.678	623.678	620.102	625.924	623.278	634.358	643.066	662.089	657.759	687.945
151	629.300	629.300	624.773	616.593	636.420	629.904	641.133	651.756	665.173	681.912
152	630.762	630.762	617.623	639.855	644.835	634.971	648.586	667.182	678.940	679.367
153	630.963	630.963	623.999	635.486	627.979	639.469	646.774	666.485	676.107	695.120
154	630.334	630.334	638.892	656.687	630.456	632.545	662.993	669.920	668.452	710.449
155	632.333	632.333	637.732	639.213	633.616	640.562	668.122	673.524	685.052	710.501
156	637.901	637.901	633.498	653.269	652.727	636.847	665.444	666.098	699.892	715.424
157	659.734	659.734	661.638	640.944	639.019	665.077	664.908	684.204	697.907	711.149
158	655.347	655.347	664.021	651.719	646.069	658.208	665.800	685.543	701.933	707.342
159	657.320	657.320	657.395	671.720	657.402	659.101	661.946	692.718	716.985	734.368
160	657.451	657.451	655.557	692.009	659.841	669.597	681.899	691.767	707.308	732.611
161	659.566	659.566	678.669	674.832	657.251	652.184	690.224	696.997	713.593	732.794
162	680.279	680.279	670.859	670.047	664.530	660.550	704.011	701.098	725.029	740.000
163	666.881	666.881	683.763	684.967	677.022	699.270	699.521	704.955	725.112	756.171
164	653.368	653.368	684.088	679.026	672.997	679.660	703.769	709.632	734.317	752.459
165	679.107	679.107	687.454	695.559	683.219	685.614	713.913	715.638	749.793	763.440
166	686.710	686.710	676.850	701.908	697.587	698.318	719.836	737.619	753.572	761.366
167	692.280	692.280	704.977	697.508	706.415	705.493	709.906	735.927	755.199	779.703
168	693.463	693.463	701.919	727.354	706.632	707.252	714.830	753.291	749.333	777.143
169	696.937	696.937	704.004	708.292	698.793	713.341	729.235	741.198	760.788	799.816
170	717.210	717.210	710.519	725.692	709.199	733.073	734.849	738.516	767.308	825.343
171	710.493	710.493	727.068	734.625	713.804	729.431	753.588	760.787	772.770	825.007
172	718.513	718.513	720.439	731.936	721.970	726.722	744.395	765.265	783.382	831.315
173	733.234	733.234	723.665	740.403	736.185	733.224	764.961	765.193	804.191	839.672
174	729.247	729.247	737.634	748.670	725.432	740.618	771.487	786.251	799.417	857.243
175	749.775	749.775	755.638	757.522	744.603	756.861	793.572	793.731	805.400	874.519
176	745.934	745.934	754.034	767.689	754.030	755.702	797.150	796.305	829.567	898.659
177	758.953	758.953	741.221	803.689	760.466	767.363	798.665	818.428	849.922	928.086
178	758.594	758.594	759.596	801.809	764.528	761.795	827.360	829.780	858.046	932.315
179	773.100	773.100	776.949	791.225	776.411	783.279	821.340	843.827	878.220	955.318
180	786.018	786.018	811.690	796.973	781.417	796.320	850.024	865.559	903.024	983.308
181	794.572	794.572	803.781	805.264	782.055	786.163	849.058	883.866	926.701	989.573
182	805.541	805.541	825.099	832.470	800.642	807.731	868.735	921.984	948.505	984.087
183	827.698	827.698	828.159	829.739	813.519	820.892	900.657	937.217	946.475	1004.608
184	849.701	849.701	822.903	858.268	830.259	817.254	914.439	956.690	973.075	992.823
185	845.549	845.549	845.698	890.193	857.930	850.888	940.216	969.544	980.654	985.344
186	871.019	871.019	867.615	893.835	859.947	866.238	944.754	979.325	978.059	991.518
187	878.235	878.235	888.584	926.909	876.607	854.621	953.311	999.016	984.410	970.717
188	911.196	911.196	903.337	938.495	896.654	915.526	954.001	973.797	989.169	953.664
189	935.028	935.028	928.378	965.501	926.591	946.014	943.536	973.545	990.411	959.976
190	960.525	960.525	945.992	987.392	945.184	959.852	936.286	976.759	959.768	974.944
191	983.304	983.304	963.997	984.773	965.088	981.055	947.049	972.299	945.008	980.209
192	978.760	978.760	987.805	976.555	967.348	982.180	940.578	967.995	952.768	973.236
193	995.960	995.960	990.975	954.852	954.921	959.010	951.417	977.244	969.883	946.894
194	962.256	962.256	992.486	954.020	949.764	953.474	935.738	967.320	971.488	975.457
195	973.694	973.694	984.688	923.923	959.645	954.347	933.125	969.448	965.044	976.978
196	951.318	951.318	965.042	909.844	952.042	955.471	949.941	973.417	978.523	973.358
197	964.777	964.777	944.130	941.140	942.945	946.095	947.260	986.346	975.135	964.215
198	935.791	935.791	938.796	950.941	939.603	960.313	936.128	983.774	993.613	980.938
199	942.630	942.630	940.301	939.973	927.211	952.789	943.082	964.501	986.331	973.734
200	946.275	946.275	918.711	941.631	917.862	941.799	962.104	971.872	982.963	980.016
201	939.595	939.595	922.451	937.989	932.669	951.259	968.671	971.703	987.952	992.470
202	954.130	954.130	921.622	937.291	939.348	954.013	960.658	964.785	994.696	1011.059
203	949.415	949.415	933.500	943.388	932.616	954.627	949.017	972.241	1000.514	1026.376
204	961.583	961.583	948.711	947.275	946.350	963.896	953.722	993.236	1024.665	1041.585
205	968.693	968.693	967.487	956.659	932.446	964.132	962.940	972.366	1005.959	1048.762
206	963.954	963.954	957.293	963.396	939.640	959.139	958.679	979.503	1014.868	1060.111
207	973.552	973.552	955.858	971.547	933.325	972.529	961.931	984.164	1014.109	1061.894
208	993.281	993.281	957.173	970.678	942.453	979.323	973.980	992.691	1021.204	1072.633
209	993.220	993.220	961.261	980.183	958.461	983.281	982.206	1009.934	1046.263	1054.474
210	1016.866	1016.866	978.117	995.013	965.270	971.509	976.173	1030.208	1032.286	1072.301
211	1013.266	1013.266	985.576	1008.023	950.011	993.081	985.528	1021.683	1041.064	1090.267
212	1016.510	1016.510	996.789	1021.254	959.332	1000.778	1005.567	1044.623	1049.830	1090.019
213	1031.268	1031.268	1005.928	1038.173	965.187	1005.796	1014.177	1045.470	1073.779	1118.501
214	1029.047	1029.047	1015.862	1053.890	979.902	1010.943	1034.758	1056.861	1078.982	1109.922
215	1039.670	1039.670	1053.270	1083.945	984.172	1003.738	1047.132	1073.059	1097.731	1100.411
216	1047.138	1047.138	1063.666	1112.792	1002.171	1012.469	1057.451	1100.710	1090.556	1113.160
217	1029.009	1029.009	1062.836	1143.283	1041.726	1011.735	1077.009	1114.651	1108.381	1124.227
218	1040.793	1040.793	1065.871	1156.723	1035.788	1027.405	1099.625	1115.698	1101.909	1105.483
219	1049.021	1049.021	1062.120	1169.198	1054.713	1040.241	1135.483	1122.443	1134.953	1130.619
220	1033.687	1033.687	1073.976	1167.966	1092.848	1051.454	1201.184	1134.092	1130.175	1131.951
221	1061.268	1061.268	1082.235	1181.729	1123.151	1077.962	1231.731	1151.458	1139.850	1151.647
222	1095.360	1095.360	1086.479	1162.472	1151.884	1089.821	1241.324	1165.980	1169.490	1163.190
223	1114.060	1114.060	1092.329	1121.002	1156.597	1116.972	1270.327	1188.851	1167.704	1177.059
224	1093.792	1093.792	1105.465	1116.190	1161.860	1140.896	1283.080	1191.622	1193.429	1174.053
225	1125.849	1125.849	1098.491	1097.164	1190.627	1152.810	1286.742	1179.603	1206.019	1191.598
226	1131.351	1131.351	1126.662	1109.181	1190.793	1161.064	1254.528	1194.744	1246.554	1177.333
227	1135.975	1135.975	1117.516	1083.243	1188.590	1175.058	1241.866	1225.601	1232.322	1182.811
