 	Profile_Slice_1	Profile_Slice_2
1	724.433	724.433
2	733.786	733.786
3	719.936	719.936
4	723.937	723.937
5	742.869	742.869
6	720.348	720.348
7	713.926	713.926
8	715.677	715.677
9	720.826	720.826
10	713.833	713.833
11	724.554	724.554
12	703.360	703.360
13	718.232	718.232
14	708.141	708.141
15	702.602	702.602
16	712.787	712.787
17	705.587	705.587
18	700.867	700.867
19	699.902	699.902
20	695.612	695.612
21	714.291	714.291
22	715.135	715.135
23	703.071	703.071
24	694.348	694.348
25	717.939	717.939
26	700.663	700.663
27	696.475	696.475
28	690.423	690.423
29	703.777	703.777
30	679.277	679.277
31	690.635	690.635
32	707.277	707.277
33	683.922	683.922
34	682.629	682.629
35	680.381	680.381
36	680.397	680.397
37	682.191	682.191
38	693.660	693.660
39	694.440	694.440
40	676.005	676.005
41	688.943	688.943
42	676.168	676.168
43	683.571	683.571
44	687.538	687.538
45	690.568	690.568
46	701.417	701.417
47	697.859	697.859
48	709.688	709.688
49	714.021	714.021
50	693.820	693.820
51	709.613	709.613
52	715.941	715.941
53	729.758	729.758
54	712.064	712.064
55	702.750	702.750
56	726.528	726.528
57	706.440	706.440
58	714.953	714.953
59	735.634	735.634
60	763.826	763.826
61	727.609	727.609
62	748.867	748.867
63	753.194	753.194
64	747.552	747.552
65	746.696	746.696
66	771.425	771.425
67	772.803	772.803
68	781.787	781.787
69	781.646	781.646
70	804.854	804.854
71	821.251	821.251
72	824.249	824.249
73	806.734	806.734
74	819.297	819.297
75	820.270	820.270
76	827.767	827.767
77	839.595	839.595
78	874.011	874.011
79	880.569	880.569
80	890.271	890.271
81	874.258	874.258
82	892.863	892.863
83	939.754	939.754
84	936.453	936.453
85	964.650	964.650
86	989.061	989.061
87	998.974	998.974
88	1018.765	1018.765
89	1076.570	1076.570
90	1074.067	1074.067
91	1137.723	1137.723
92	1149.218	1149.218
93	1156.623	1156.623
94	1172.456	1172.456
95	1220.060	1220.060
96	1260.297	1260.297
97	1282.092	1282.092
98	1343.140	1343.140
99	1433.155	1433.155
100	1496.929	1496.929
101	1588.260	1588.260
102	1602.675	1602.675
103	1587.593	1587.593
104	1558.853	1558.853
105	1575.309	1575.309
106	1503.851	1503.851
107	1513.133	1513.133
108	1484.532	1484.532
109	1389.547	1389.547
110	1335.014	1335.014
111	1231.180	1231.180
112	1179.267	1179.267
113	1097.528	1097.528
114	1018.566	1018.566
115	964.096	964.096
116	952.040	952.040
117	911.234	911.234
118	850.348	850.348
119	833.073	833.073
120	791.133	791.133
121	776.104	776.104
122	769.214	769.214
123	736.932	736.932
124	722.520	722.520
125	711.789	711.789
126	692.999	692.999
127	680.849	680.849
128	661.670	661.670
129	627.023	627.023
130	629.502	629.502
131	612.569	612.569
132	591.859	591.859
133	581.783	581.783
134	571.984	571.984
135	573.805	573.805
136	541.387	541.387
137	556.051	556.051
138	546.236	546.236
139	537.786	537.786
140	523.685	523.685
141	506.454	506.454
142	508.808	508.808
143	529.196	529.196
144	513.811	513.811
145	498.924	498.924
146	491.877	491.877
147	484.955	484.955
148	486.520	486.520
149	467.947	467.947
150	479.769	479.769
151	452.085	452.085
152	463.310	463.310
153	451.938	451.938
154	460.173	460.173
155	452.934	452.934
156	444.712	444.712
157	446.478	446.478
158	442.565	442.565
159	430.179	430.179
160	427.300	427.300
161	429.002	429.002
162	409.528	409.528
163	418.950	418.950
164	416.653	416.653
165	419.056	419.056
166	418.568	418.568
167	400.760	400.760
168	406.687	406.687
169	406.026	406.026
170	413.905	413.905
171	394.750	394.750
172	389.908	389.908
173	386.148	386.148
174	387.957	387.957
175	396.351	396.351
176	394.697	394.697
177	380.635	380.635
178	363.365	363.365
179	368.927	368.927
180	371.745	371.745
181	361.124	361.124
182	375.979	375.979
183	363.711	363.711
184	366.664	366.664
185	375.311	375.311
186	361.194	361.194
187	360.245	360.245
188	353.897	353.897
189	357.592	357.592
190	360.127	360.127
191	360.867	360.867
192	340.430	340.430
193	346.257	346.257
194	353.494	353.494
195	358.803	358.803
196	346.952	346.952
197	346.824	346.824
198	353.798	353.798
199	342.358	342.358
200	349.364	349.364
201	355.230	355.230
202	340.012	340.012
203	352.373	352.373
204	348.613	348.613
205	339.047	339.047
206	349.577	349.577
207	331.717	331.717
208	335.907	335.907
209	331.410	331.410
210	342.892	342.892
211	332.776	332.776
212	327.031	327.031
213	331.914	331.914
214	329.395	329.395
215	328.297	328.297
216	320.352	320.352
217	318.495	318.495
218	325.653	325.653
219	318.853	318.853
220	332.282	332.282
221	318.481	318.481
222	323.362	323.362
223	327.405	327.405
224	318.376	318.376
225	324.401	324.401
226	331.703	331.703
227	335.196	335.196
228	308.123	308.123
229	311.538	311.538
230	313.893	313.893
231	317.180	317.180
232	322.043	322.043
233	301.167	301.167
234	305.000	305.000
235	314.817	314.817
236	313.263	313.263
237	321.448	321.448
238	313.143	313.143
239	311.575	311.575
240	312.359	312.359
241	307.152	307.152
242	305.855	305.855
243	309.436	309.436
244	309.256	309.256
245	312.475	312.475
246	302.690	302.690
247	299.026	299.026
248	298.036	298.036
249	303.205	303.205
250	297.952	297.952
251	310.009	310.009
252	311.406	311.406
253	292.884	292.884
254	292.845	292.845
255	307.504	307.504
256	291.616	291.616
257	302.557	302.557
258	305.108	305.108
259	287.707	287.707
260	297.502	297.502
261	289.048	289.048
262	295.841	295.841
263	296.823	296.823
264	290.693	290.693
265	298.759	298.759
266	293.255	293.255
267	293.405	293.405
268	300.997	300.997
269	296.079	296.079
270	294.704	294.704
271	291.445	291.445
272	294.487	294.487
273	288.579	288.579
274	291.968	291.968
275	304.757	304.757
276	285.258	285.258
277	291.465	291.465
278	290.780	290.780
279	296.438	296.438
280	288.385	288.385
281	286.367	286.367
282	271.548	271.548
283	296.132	296.132
284	280.239	280.239
285	297.141	297.141
286	287.385	287.385
287	294.413	294.413
288	277.898	277.898
289	285.206	285.206
290	287.493	287.493
291	275.063	275.063
292	290.212	290.212
293	292.481	292.481
294	280.100	280.100
295	289.251	289.251
296	280.358	280.358
297	279.001	279.001
298	288.712	288.712
299	287.444	287.444
300	280.898	280.898
301	283.628	283.628
302	285.249	285.249
303	281.474	281.474
304	286.140	286.140
305	281.859	281.859
306	272.991	272.991
307	282.410	282.410
308	272.714	272.714
309	281.101	281.101
310	282.262	282.262
311	267.304	267.304
312	291.478	291.478
313	286.672	286.672
314	290.431	290.431
315	274.472	274.472
316	275.170	275.170
317	281.714	281.714
318	282.675	282.675
319	283.481	283.481
320	276.582	276.582
321	271.046	271.046
322	275.819	275.819
323	279.235	279.235
324	276.932	276.932
325	291.736	291.736
326	277.014	277.014
327	274.877	274.877
328	267.390	267.390
329	274.610	274.610
330	273.158	273.158
331	272.476	272.476
332	286.571	286.571
333	285.396	285.396
334	280.963	280.963
335	285.479	285.479
336	271.650	271.650
337	274.084	274.084
338	284.124	284.124
339	283.410	283.410
340	281.412	281.412
341	278.149	278.149
342	273.857	273.857
343	284.962	284.962
344	285.409	285.409
345	278.513	278.513
346	282.576	282.576
347	278.703	278.703
348	285.508	285.508
349	275.119	275.119
350	278.735	278.735
351	267.928	267.928
352	272.963	272.963
353	268.752	268.752
354	274.277	274.277
355	274.645	274.645
356	272.859	272.859
357	273.548	273.548
358	284.068	284.068
359	277.130	277.130
360	283.838	283.838
361	279.581	279.581
362	278.829	278.829
363	276.421	276.421
364	274.442	274.442
365	279.297	279.297
366	271.752	271.752
367	274.984	274.984
368	279.936	279.936
369	280.939	280.939
370	282.776	282.776
371	267.989	267.989
372	271.084	271.084
373	262.169	262.169
374	279.291	279.291
375	284.348	284.348
376	273.449	273.449
377	285.864	285.864
378	282.450	282.450
379	283.045	283.045
380	276.783	276.783
381	280.465	280.465
382	279.579	279.579
383	285.174	285.174
384	279.158	279.158
385	274.971	274.971
386	279.877	279.877
387	287.119	287.119
388	270.511	270.511
389	278.642	278.642
390	277.071	277.071
391	273.618	273.618
392	266.725	266.725
393	273.125	273.125
394	276.366	276.366
395	273.289	273.289
396	281.650	281.650
397	269.648	269.648
398	263.587	263.587
399	282.685	282.685
400	268.854	268.854
401	286.220	286.220
402	284.780	284.780
403	277.834	277.834
404	281.227	281.227
405	275.351	275.351
406	288.033	288.033
407	273.773	273.773
408	274.985	274.985
409	287.325	287.325
410	281.290	281.290
411	277.387	277.387
412	271.186	271.186
413	278.919	278.919
414	269.699	269.699
415	279.142	279.142
416	282.308	282.308
417	273.632	273.632
418	279.528	279.528
419	275.789	275.789
420	275.980	275.980
421	276.651	276.651
422	275.198	275.198
423	270.102	270.102
424	276.631	276.631
425	279.625	279.625
426	277.587	277.587
427	280.283	280.283
428	288.648	288.648
429	283.723	283.723
430	276.705	276.705
431	269.663	269.663
432	277.772	277.772
433	273.686	273.686
434	280.608	280.608
435	274.119	274.119
436	281.270	281.270
437	278.089	278.089
438	279.088	279.088
439	274.945	274.945
440	284.206	284.206
441	283.161	283.161
442	286.033	286.033
443	277.521	277.521
444	279.168	279.168
445	270.034	270.034
