 	Profile_Slice_1	Profile_Slice_2
1	263.614	249.262
2	244.578	242.836
3	241.085	251.687
4	248.757	245.325
5	262.970	252.575
6	255.233	245.127
7	241.605	245.919
8	248.363	247.577
9	261.487	250.798
10	269.226	248.871
11	245.704	259.169
12	245.722	250.991
13	247.282	250.701
14	256.820	246.417
15	251.740	254.802
16	266.278	249.462
17	258.230	249.262
18	253.385	245.272
19	255.049	250.853
20	252.804	264.580
21	265.486	253.911
22	262.015	254.329
23	254.505	257.406
24	269.600	250.636
25	257.296	256.271
26	234.510	256.823
27	251.446	254.581
28	255.514	251.743
29	255.831	255.052
30	258.072	263.881
31	256.428	257.587
32	251.003	250.633
33	255.272	246.350
34	246.236	254.173
35	258.084	272.348
36	257.450	253.770
37	254.843	255.984
38	246.102	254.023
39	255.752	259.575
40	248.007	236.795
41	246.536	240.564
42	260.921	252.830
43	258.461	253.845
44	246.355	256.451
45	246.440	258.479
46	250.108	256.012
47	257.606	261.837
48	262.376	264.129
49	263.503	252.869
50	248.537	242.177
51	250.415	256.584
52	246.366	250.538
53	264.171	258.887
54	264.879	260.319
55	254.690	255.137
56	251.052	246.003
57	251.830	241.941
58	265.234	259.710
59	267.779	257.111
60	265.263	275.736
61	250.172	265.825
62	242.068	255.856
63	241.503	258.293
64	249.691	253.976
65	247.363	252.565
66	247.730	244.507
67	250.666	235.917
68	256.190	250.210
69	258.025	257.014
70	257.981	258.671
71	251.967	257.804
72	245.255	257.623
73	257.614	262.691
74	266.981	263.042
75	267.918	256.370
76	254.468	253.267
77	262.079	253.888
78	252.221	263.902
79	257.081	260.733
80	263.286	258.424
81	256.427	262.105
82	251.855	251.132
83	248.230	254.825
84	245.253	262.395
85	247.378	266.714
86	253.089	264.086
87	256.120	258.234
88	256.238	246.902
89	250.026	257.123
90	262.466	254.977
91	255.743	258.019
92	255.344	248.447
93	254.672	253.631
94	265.938	248.023
95	251.542	257.029
96	256.487	250.557
97	255.415	245.161
98	256.888	253.215
99	248.178	250.278
100	248.455	258.064
101	255.271	257.195
102	267.680	256.315
103	263.351	262.312
104	259.798	251.905
105	264.368	255.367
106	263.361	251.451
107	259.870	254.687
108	254.133	250.653
109	256.059	241.579
110	253.202	268.171
111	253.512	248.522
112	250.935	259.090
113	255.627	242.805
114	263.493	255.962
115	268.069	259.859
116	253.609	260.495
117	252.703	257.938
118	250.146	248.296
119	255.217	253.574
120	257.494	246.942
121	259.651	245.929
122	252.864	255.865
123	240.918	258.849
124	257.460	251.901
125	259.223	258.637
126	250.017	253.847
127	251.578	262.274
128	260.746	263.549
129	257.576	254.451
130	258.772	262.010
131	258.758	262.991
132	264.728	260.284
133	255.516	249.904
134	258.233	258.686
135	263.460	258.104
136	264.197	271.329
137	245.917	257.041
138	248.700	261.047
139	258.864	258.335
140	259.876	263.942
141	259.032	263.777
142	257.202	262.273
143	258.254	248.611
144	261.410	245.424
145	255.394	259.103
146	260.014	263.751
147	256.299	255.529
148	260.055	245.951
149	256.679	248.816
150	261.752	259.764
151	252.994	264.033
152	251.657	255.313
153	254.509	271.863
154	258.635	272.036
155	264.418	270.139
156	257.109	260.467
157	263.224	265.789
158	259.660	268.486
159	261.012	259.786
160	262.007	258.943
161	257.546	259.956
162	259.790	263.851
163	270.350	261.003
164	266.758	264.918
165	280.749	260.781
166	268.006	259.139
167	255.923	255.653
168	262.156	258.571
169	274.174	257.341
170	266.913	254.928
171	257.660	252.122
172	263.508	258.996
173	258.703	251.815
174	262.856	251.430
175	265.776	266.770
176	267.569	275.428
177	254.460	262.966
178	265.186	267.698
179	259.591	259.438
180	265.391	257.183
181	262.735	254.031
182	268.829	261.446
183	287.335	269.171
184	269.172	276.698
185	260.962	268.761
186	255.123	252.998
187	276.138	265.068
188	260.363	268.230
189	269.777	259.454
190	258.941	264.042
191	281.273	256.134
192	274.957	255.819
193	277.259	264.383
194	282.829	264.967
195	279.940	270.000
196	257.128	269.423
197	254.938	263.461
198	289.283	258.545
199	278.034	271.059
200	283.710	274.791
201	258.664	265.966
202	275.820	265.521
203	266.747	271.922
204	266.511	259.318
205	268.030	270.305
206	274.633	278.614
207	272.007	266.730
208	264.659	263.712
209	261.242	269.727
210	260.705	262.174
211	281.771	266.594
212	283.129	279.565
213	282.677	277.218
214	280.682	265.006
215	272.160	278.991
216	276.778	283.756
217	276.795	293.007
218	265.927	289.896
219	281.662	273.943
220	276.966	279.211
221	273.129	285.184
222	281.964	274.890
223	280.888	285.759
224	279.566	294.544
225	267.811	279.400
226	272.242	280.183
227	271.785	283.364
228	285.657	282.479
229	274.113	282.558
230	277.524	275.873
231	279.359	300.084
232	284.438	301.533
233	287.368	279.948
234	283.949	277.708
235	286.153	279.157
236	287.348	291.919
237	294.129	291.768
238	297.273	283.789
239	281.919	278.091
240	286.330	295.577
241	299.170	289.922
242	288.548	280.214
243	285.620	286.799
244	292.630	298.247
245	296.601	298.834
246	278.725	287.075
247	287.852	291.349
248	285.832	292.553
249	290.405	301.479
250	304.215	292.886
251	303.634	294.758
252	303.342	303.199
253	312.537	293.827
254	298.130	301.076
255	287.114	314.534
256	303.876	313.832
257	306.050	307.019
258	299.551	302.919
259	304.918	303.340
260	317.853	307.699
261	308.405	316.538
262	312.824	300.841
263	319.773	315.570
264	320.261	320.813
265	317.180	321.651
266	314.927	315.783
267	322.443	317.317
268	320.128	324.442
269	296.198	326.322
270	306.147	323.350
271	317.727	339.708
272	312.739	321.938
273	328.000	328.825
274	340.894	326.150
275	319.885	323.982
276	332.519	337.061
277	331.891	339.566
278	335.658	342.286
279	338.058	342.235
280	342.701	334.201
281	338.494	343.648
282	342.104	350.755
283	359.127	357.743
284	352.854	358.628
285	349.723	385.893
286	361.765	376.268
287	360.404	377.120
288	370.250	371.946
289	366.166	373.794
290	362.527	384.624
291	374.126	380.265
292	366.206	405.669
293	382.800	394.216
294	383.907	384.214
295	374.639	398.454
296	396.903	386.972
297	396.819	404.966
298	413.912	407.258
299	399.132	406.424
300	400.626	419.301
301	397.976	427.650
302	422.249	437.420
303	437.134	434.673
304	444.712	432.727
305	444.976	440.560
306	450.078	454.879
307	457.913	443.139
308	474.293	484.327
309	472.494	489.360
310	500.999	497.370
311	521.375	504.020
312	500.754	506.463
313	516.436	515.806
314	524.689	545.528
315	544.822	552.891
316	550.113	573.087
317	583.976	571.883
318	610.917	607.201
319	575.018	594.032
320	608.983	624.549
321	618.847	640.362
322	655.957	645.321
323	667.334	679.379
324	679.995	729.102
325	744.165	736.960
326	787.039	758.940
327	812.740	820.848
328	866.719	858.155
329	897.549	876.935
330	917.645	909.641
331	936.331	887.306
332	957.414	907.665
333	959.444	917.812
334	930.680	921.305
335	921.057	868.821
336	899.760	839.936
337	865.753	795.535
338	846.473	785.931
339	809.540	786.439
340	808.258	752.751
341	804.049	740.772
342	780.072	734.642
343	756.488	756.574
344	733.378	710.026
345	715.796	696.268
346	692.463	691.254
347	681.985	656.990
348	686.676	680.842
349	654.177	668.079
350	659.078	656.050
351	673.989	658.204
352	656.111	655.701
353	665.920	646.037
354	643.742	629.598
355	628.711	614.994
356	628.414	643.495
357	624.341	603.991
358	630.845	601.406
359	637.248	609.881
360	601.389	618.139
361	605.412	582.144
362	611.966	590.556
363	618.266	617.249
364	602.301	592.556
365	591.996	574.809
366	590.767	589.111
367	600.331	588.186
368	584.986	582.743
369	592.943	560.823
370	600.217	582.131
371	589.380	580.584
372	588.130	578.603
373	581.840	577.202
374	559.430	551.713
375	564.771	550.719
376	553.414	560.999
377	567.504	563.810
378	564.793	550.463
379	570.762	544.736
380	568.439	542.109
381	556.648	552.312
382	560.919	551.250
383	578.795	547.708
384	540.481	561.566
385	537.202	576.152
386	551.641	553.573
387	571.992	519.814
388	556.264	542.371
389	565.133	572.004
390	569.239	561.369
391	556.385	540.438
392	551.127	564.479
393	545.304	564.532
394	534.968	553.526
395	567.822	545.721
396	548.168	557.060
397	564.013	552.390
398	558.330	546.116
399	560.160	552.465
400	572.171	544.613
401	552.849	551.770
402	553.260	584.261
403	561.725	564.168
404	547.039	570.068
405	536.160	545.611
406	529.886	550.630
407	544.636	560.879
408	544.537	537.705
409	523.663	535.511
410	535.905	544.531
411	566.590	553.665
412	558.837	555.717
413	542.270	549.774
414	542.277	544.379
415	534.500	546.893
416	541.071	566.639
417	552.853	546.933
418	566.070	566.037
419	563.890	542.027
420	568.379	555.083
421	557.950	550.781
422	568.627	574.784
423	568.985	583.474
424	556.442	562.072
425	575.705	564.117
426	568.236	591.113
427	571.211	583.890
