 	Profile_Slice_1	Profile_Slice_2	Profile_Slice_3	Profile_Slice_4	Profile_Slice_5	Profile_Slice_6	Profile_Slice_7	Profile_Slice_8	Profile_Slice_9	Profile_Slice_10	Profile_Slice_11	Profile_Slice_12
1	464.657	456.626	446.162	454.926	456.122	456.763	451.073	460.151	459.528	459.139	470.741	462.850
2	474.217	462.208	434.202	440.079	459.788	461.079	449.928	450.052	452.375	465.878	472.468	476.050
3	464.079	449.967	453.777	450.555	450.821	459.934	467.527	457.971	457.941	459.370	465.985	476.305
4	462.837	453.969	456.580	442.290	447.266	456.421	464.432	461.654	462.152	464.582	468.078	484.717
5	474.899	450.652	457.989	456.230	452.059	459.301	459.029	455.570	455.843	469.998	464.513	467.866
6	464.032	445.038	456.718	451.743	446.392	445.605	455.271	465.132	464.077	454.868	472.076	465.988
7	461.565	442.833	445.583	456.777	453.746	452.549	467.882	460.145	456.086	455.218	464.446	458.673
8	467.750	452.659	453.026	447.673	453.088	452.358	466.476	460.326	465.866	460.030	466.161	460.120
9	468.254	459.866	451.599	452.243	465.007	451.549	465.883	462.294	468.400	469.609	475.333	465.474
10	466.055	449.012	454.780	456.162	456.098	453.180	474.462	459.213	459.047	457.982	467.447	464.157
11	463.435	444.679	451.395	453.193	462.580	445.662	466.333	457.620	467.126	455.101	478.299	464.286
12	468.438	448.100	442.463	445.926	456.618	453.346	462.199	457.456	457.427	464.834	479.397	466.832
13	463.152	459.123	459.694	450.445	465.826	465.181	460.966	471.564	460.510	469.032	466.675	473.909
14	465.402	461.871	461.109	460.808	468.988	463.233	451.086	465.174	459.686	457.359	472.688	466.511
15	467.518	466.051	459.807	448.421	462.395	468.239	452.879	457.984	464.643	460.827	480.609	479.554
16	475.034	457.117	468.559	460.737	459.341	458.721	459.333	457.085	457.826	467.577	466.625	475.874
17	463.980	438.435	455.544	443.365	456.821	451.620	462.375	458.914	456.564	457.660	468.650	475.752
18	455.415	446.745	464.403	459.419	461.496	460.711	461.593	459.217	461.717	466.107	472.442	474.828
19	462.729	450.079	461.456	467.056	466.683	460.956	463.166	462.988	464.142	472.307	470.901	467.067
20	478.448	453.167	466.706	456.493	465.853	461.334	468.774	469.017	460.862	479.263	466.164	463.398
21	466.806	448.963	464.133	457.125	457.586	454.045	462.036	469.915	466.393	462.630	465.272	468.020
22	474.735	444.246	457.384	461.644	456.996	456.972	462.704	463.241	463.870	460.311	476.859	470.847
23	476.218	452.374	463.261	458.646	465.272	468.103	475.844	451.777	462.333	471.135	474.390	465.815
24	477.647	443.855	460.217	447.936	458.944	453.408	464.656	461.960	462.271	458.369	461.881	478.130
25	474.612	455.779	444.833	454.736	465.366	454.771	450.660	469.890	468.055	467.806	462.706	473.513
26	473.460	452.808	454.839	451.100	466.192	466.290	460.098	461.746	454.036	461.456	470.862	454.312
27	477.171	468.046	451.694	463.919	452.963	461.155	459.097	467.303	456.425	468.945	474.594	466.314
28	467.267	464.315	460.040	472.579	439.153	459.905	470.749	463.572	462.535	474.678	476.635	473.826
29	465.531	459.148	460.470	463.797	459.165	459.525	466.722	456.803	461.144	464.046	468.636	467.894
30	466.328	453.959	460.244	456.234	470.215	463.462	459.459	464.271	464.771	466.435	471.127	481.498
31	473.055	455.842	450.699	459.281	467.011	458.484	468.242	458.797	461.976	466.568	474.297	480.076
32	474.724	455.930	461.981	461.576	467.065	462.039	479.468	465.592	463.579	467.946	479.312	474.462
33	468.015	465.261	459.563	463.638	464.556	459.014	471.785	471.058	462.234	464.208	477.625	477.276
34	460.758	465.364	449.448	458.497	458.569	457.498	474.564	472.128	461.995	468.912	472.732	473.223
35	478.752	456.839	451.094	460.236	457.749	460.701	465.934	468.181	470.592	459.367	470.184	491.049
36	467.321	452.644	463.822	461.292	461.695	458.425	458.994	465.770	470.413	467.989	471.748	469.669
37	472.432	450.526	458.806	457.673	466.911	468.239	463.602	462.286	460.226	472.643	479.126	485.030
38	468.586	453.531	451.780	456.368	464.699	475.529	465.768	464.436	467.157	460.763	470.092	474.258
39	470.972	454.493	450.437	463.886	475.512	461.650	475.999	460.839	455.621	465.348	467.974	476.585
40	462.631	449.439	464.744	471.948	465.627	470.413	463.464	469.146	468.021	467.192	463.095	473.899
41	475.691	455.501	456.942	467.163	464.204	468.697	470.506	463.451	468.077	464.384	473.019	478.156
42	475.803	455.254	458.321	463.013	469.036	471.712	465.132	467.292	460.593	474.260	471.013	476.915
43	469.451	457.396	466.641	469.164	469.700	458.325	460.792	470.923	465.733	467.360	470.242	467.433
44	469.839	455.917	463.920	460.391	467.478	464.854	471.106	461.496	467.832	467.930	484.644	471.039
45	468.856	462.050	465.894	454.930	466.772	463.303	467.854	475.837	467.776	479.555	478.081	470.939
46	465.096	445.284	449.155	450.730	467.291	461.823	456.933	474.065	474.097	464.405	486.710	474.135
47	473.072	453.010	468.279	452.459	470.660	461.991	469.737	465.602	468.781	471.219	475.907	474.064
48	473.451	456.666	463.207	454.152	467.769	461.399	473.712	461.293	465.453	474.463	478.751	483.601
49	477.149	453.008	468.150	462.048	456.033	459.311	472.460	470.296	469.443	471.026	478.231	474.277
50	471.377	460.135	458.496	466.514	459.675	464.488	469.343	469.581	465.379	460.966	479.488	479.766
51	467.885	455.291	458.725	462.412	450.480	466.473	466.901	470.822	466.645	470.865	478.206	471.698
52	477.856	457.291	462.930	460.957	461.322	454.500	463.167	464.441	472.157	480.089	478.695	472.707
53	478.828	455.450	462.467	461.009	457.254	464.172	469.200	465.498	468.581	470.390	477.594	472.619
54	471.403	458.899	464.379	478.826	471.704	472.580	470.938	470.282	463.673	474.383	469.172	472.688
55	474.356	462.104	462.373	463.293	467.304	455.571	472.467	464.450	473.244	483.149	465.511	484.125
56	468.492	460.141	456.575	472.043	468.758	462.801	470.930	459.915	461.298	475.044	469.088	481.389
57	459.887	456.827	458.961	473.564	467.318	465.880	471.951	474.024	470.621	475.978	469.998	477.746
58	476.580	463.919	469.261	460.160	462.912	467.506	473.154	470.699	471.294	475.964	470.830	472.119
59	473.081	457.905	480.528	466.392	455.256	473.738	460.862	460.509	467.098	467.892	474.234	477.743
60	474.731	452.964	467.173	468.921	463.859	475.237	465.063	463.135	474.051	468.968	475.571	485.709
61	479.176	467.880	461.988	463.674	463.836	462.762	459.246	476.410	471.836	473.692	482.209	487.532
62	477.546	464.840	462.711	472.099	466.166	457.560	482.821	479.697	481.125	467.081	493.504	485.668
63	480.379	471.656	462.738	475.147	464.644	461.253	473.121	480.058	470.621	476.473	484.275	485.432
64	474.485	471.368	471.411	479.253	482.481	473.926	466.245	486.599	476.971	466.667	487.486	478.186
65	478.285	460.651	466.039	479.800	475.303	479.070	468.703	466.090	473.012	469.282	482.494	474.833
66	480.390	466.858	462.348	470.281	474.161	469.098	469.845	470.467	472.524	479.870	482.869	478.797
67	482.950	462.631	459.410	465.602	470.329	468.240	471.683	460.418	470.378	480.444	484.974	475.490
68	478.912	476.064	466.246	464.128	468.328	479.371	471.180	476.993	466.016	481.420	483.817	475.271
69	472.431	466.907	466.725	469.503	480.527	475.219	468.643	474.286	474.002	480.447	477.565	485.066
70	483.062	458.544	467.979	481.015	465.786	465.303	472.798	462.569	467.670	484.888	472.938	487.273
71	486.315	458.423	457.306	467.293	466.526	461.897	478.113	460.738	469.009	475.701	483.365	470.974
72	484.926	465.826	455.274	470.635	473.134	470.877	482.055	471.348	475.449	478.907	488.687	480.070
73	484.880	460.552	473.994	460.319	468.843	463.803	476.117	474.718	470.733	466.306	484.952	483.245
74	485.670	471.537	464.382	466.096	463.031	473.382	477.305	481.535	480.311	468.366	479.834	478.450
75	488.010	464.551	467.071	469.683	469.381	478.446	476.719	476.138	485.080	470.040	480.823	472.095
76	477.787	463.256	463.795	478.521	467.740	486.312	474.505	470.248	481.124	474.348	483.124	484.619
77	476.702	462.869	469.249	471.480	476.351	475.807	473.292	487.828	479.995	482.596	481.660	486.496
78	464.411	459.772	470.314	472.905	469.788	476.731	473.618	487.940	473.438	483.616	480.514	484.302
79	476.678	455.213	465.371	466.802	470.158	476.749	462.125	473.233	461.056	490.748	483.694	481.314
80	486.971	471.313	469.308	460.797	482.957	471.491	478.706	475.153	476.733	473.235	503.596	482.038
81	488.957	465.064	464.190	463.136	476.174	476.254	476.958	471.299	466.342	474.564	480.002	479.425
82	480.547	470.014	472.539	460.095	475.164	485.375	464.020	476.525	474.698	475.666	476.057	480.991
83	477.744	473.452	467.961	468.638	475.051	471.555	469.322	481.643	468.107	482.749	483.047	477.276
84	479.578	459.135	465.324	470.220	481.808	476.319	480.484	465.908	483.798	474.962	488.498	480.689
85	483.072	469.330	468.938	472.594	475.964	483.426	470.806	466.884	475.961	476.791	490.405	498.397
86	485.190	467.177	463.907	467.259	470.151	466.134	473.160	476.245	482.588	477.958	476.442	482.689
87	487.111	468.288	448.054	468.260	483.046	469.564	476.553	482.626	474.729	486.154	486.492	493.936
88	478.986	467.066	475.388	485.567	487.639	467.289	481.434	482.508	469.398	482.611	474.529	491.889
89	473.214	461.684	469.605	478.839	478.768	471.830	482.593	472.916	470.733	482.838	475.424	480.034
90	489.756	467.051	463.050	466.362	483.690	478.933	478.787	476.075	484.484	485.445	484.919	488.497
91	482.538	456.167	472.777	478.674	480.360	480.277	478.487	475.232	473.092	491.287	488.976	484.401
92	482.604	475.358	464.876	483.371	482.218	469.876	474.769	473.664	470.959	478.834	486.307	480.391
93	489.042	469.145	471.838	470.367	469.020	489.183	482.681	481.325	477.643	485.154	494.004	470.920
94	487.872	473.698	475.166	479.683	474.388	483.675	475.085	484.991	480.458	477.726	490.280	480.990
95	476.628	474.431	481.537	484.966	482.295	483.896	485.355	490.357	479.341	476.404	477.683	489.177
96	492.549	466.383	479.711	482.842	480.175	480.612	484.932	478.375	482.489	478.483	481.825	480.101
97	481.794	475.609	474.641	475.144	469.462	489.304	467.979	490.614	483.150	474.670	490.222	477.347
98	491.770	475.088	474.252	478.608	479.599	481.728	478.308	479.904	475.592	488.596	494.448	485.322
99	492.653	475.472	477.115	479.360	480.113	485.420	477.012	484.022	487.109	471.658	491.415	488.667
100	493.611	470.997	481.881	475.724	489.814	487.606	486.789	471.138	489.284	474.692	498.642	484.469
101	492.826	466.022	476.063	472.282	484.349	486.572	479.433	469.229	482.516	480.996	485.628	489.100
102	484.908	475.278	481.717	484.019	482.977	480.873	481.259	484.898	478.987	489.021	484.329	481.026
103	488.313	475.410	487.683	486.374	463.638	484.769	480.219	475.924	485.051	471.927	488.449	482.751
104	489.764	478.834	488.395	486.360	475.816	487.665	480.386	476.087	481.447	476.782	507.839	478.712
105	493.745	490.425	475.484	492.571	479.192	491.292	479.618	477.776	479.433	481.096	493.163	499.919
106	491.785	491.881	465.997	473.334	489.364	474.702	490.241	487.578	480.501	477.667	483.995	485.805
107	486.059	491.140	478.229	481.415	491.706	488.260	491.186	486.385	467.173	482.361	483.398	490.059
108	488.626	477.164	471.984	474.328	489.450	492.974	478.073	476.332	491.032	472.935	492.392	485.813
109	487.902	467.786	477.191	478.599	479.586	484.736	481.848	476.170	487.273	482.365	497.996	489.999
110	486.015	476.601	479.296	478.271	480.954	485.547	477.620	478.702	483.992	474.342	493.989	493.007
111	500.983	464.146	475.422	481.237	478.407	484.991	476.505	481.706	478.638	476.167	487.022	490.573
112	492.466	473.648	486.602	475.346	484.538	491.523	487.116	492.246	483.743	495.029	491.945	487.852
113	477.420	471.391	482.281	486.033	480.113	496.095	484.761	485.095	472.941	483.751	487.370	488.020
114	490.338	475.813	470.735	479.838	485.901	486.884	481.751	487.311	483.931	485.169	491.461	485.987
115	502.952	481.759	482.249	469.279	478.535	483.907	481.795	476.968	482.922	483.520	478.043	487.626
116	487.143	475.346	475.960	486.532	471.727	479.052	474.988	482.284	493.778	482.484	496.717	497.098
117	491.445	478.762	484.875	490.882	487.659	480.801	480.900	475.719	482.016	481.427	495.553	490.706
118	485.537	484.603	489.025	485.910	490.315	478.466	477.228	486.001	487.549	488.974	504.281	501.434
119	492.437	470.885	479.547	482.216	478.926	486.847	487.379	487.848	483.069	484.005	487.861	492.836
120	485.023	479.055	473.628	479.553	486.947	486.608	503.563	481.380	485.885	489.132	507.468	483.532
121	483.892	485.399	480.618	487.548	501.264	486.165	493.778	487.928	490.193	493.657	480.399	493.871
122	488.116	473.498	479.954	488.043	486.125	484.523	491.502	482.967	480.823	485.885	481.917	494.940
123	497.149	473.941	488.255	493.510	479.887	486.146	491.697	483.603	483.101	477.729	485.864	496.921
124	502.350	483.399	479.344	479.267	494.426	490.348	484.139	487.550	480.217	485.780	496.459	485.906
125	493.307	490.511	475.810	473.785	482.938	487.688	484.665	482.912	481.866	484.419	496.355	493.762
126	494.279	483.114	487.453	485.129	480.145	473.914	491.614	489.116	484.459	489.417	494.123	497.086
127	497.828	495.886	489.884	498.434	483.214	495.951	487.510	497.977	489.451	500.813	495.382	495.752
128	494.036	490.267	487.553	487.499	494.155	485.204	482.478	486.098	491.912	486.404	496.608	497.139
129	490.985	483.243	483.202	491.006	496.022	489.397	485.606	481.476	478.406	488.286	490.900	505.447
130	489.431	486.445	488.775	491.588	484.348	485.651	482.709	480.180	488.002	503.147	498.283	506.521
131	492.101	470.564	481.491	486.638	484.680	477.193	497.374	497.083	504.603	491.897	486.404	489.332
132	497.924	496.942	489.443	481.554	494.922	498.203	488.401	501.969	494.434	504.887	500.005	504.643
133	501.957	493.615	480.760	483.571	491.775	496.221	487.829	496.391	492.345	483.140	497.478	500.907
134	501.016	489.943	493.877	478.027	489.733	495.762	486.105	495.122	493.068	495.618	481.762	499.009
135	488.910	477.647	482.606	489.994	485.717	496.138	492.789	487.853	493.881	492.575	490.351	495.792
136	491.622	486.268	489.166	498.763	481.859	485.576	488.107	492.831	487.727	488.967	489.887	497.429
137	489.400	481.696	489.177	485.582	491.028	499.890	494.308	492.790	487.369	495.400	512.225	496.718
138	499.635	484.479	485.158	487.567	492.361	492.208	486.461	491.442	489.299	489.238	501.112	504.795
139	496.020	488.908	494.411	496.420	493.615	480.257	491.095	487.533	497.030	496.171	503.298	506.511
140	512.958	486.222	499.640	497.603	488.115	498.417	495.408	502.200	494.722	506.608	505.412	498.958
141	509.564	480.619	494.658	489.581	502.695	510.281	514.506	491.805	492.146	498.962	491.012	497.744
142	497.842	486.806	486.626	494.195	499.549	484.591	489.328	493.023	494.635	498.487	495.720	501.597
143	495.089	493.490	488.775	497.334	497.486	492.499	496.136	495.903	494.537	492.827	502.840	514.335
144	498.028	492.840	492.290	490.550	494.362	500.146	501.661	495.300	504.104	494.954	508.621	504.511
145	507.255	487.040	492.028	492.549	489.042	489.874	500.122	492.329	507.961	499.301	510.613	505.262
146	500.872	491.634	482.799	497.945	491.802	489.553	488.415	493.108	484.533	493.380	504.045	498.632
147	503.918	494.341	486.938	488.719	496.123	491.808	496.530	491.683	488.460	492.996	503.046	509.295
148	493.243	490.762	494.492	500.828	494.172	497.888	502.038	489.966	500.729	487.078	512.565	507.321
149	502.793	483.274	501.956	503.337	497.334	492.817	499.867	499.205	487.253	492.511	506.801	506.294
150	507.392	495.248	499.219	496.581	504.394	507.640	514.192	502.228	490.361	496.197	508.202	498.783
151	506.789	488.945	496.679	494.528	510.515	498.797	498.637	498.346	491.421	496.596	505.546	505.678
152	496.696	504.337	495.968	494.285	520.523	496.895	504.774	495.739	497.151	497.385	509.602	517.338
153	506.322	501.156	495.492	488.826	497.370	500.469	503.550	492.608	503.992	507.023	504.285	508.946
154	506.575	485.839	501.304	501.072	490.889	499.830	504.568	484.476	503.692	503.130	502.959	518.352
155	509.620	495.433	485.618	503.499	486.067	502.008	497.797	501.698	504.948	495.521	497.029	502.608
156	508.334	491.137	494.804	498.810	495.225	501.107	512.115	508.247	495.650	494.883	506.173	515.668
157	512.574	482.431	493.523	511.230	489.940	504.124	505.800	515.515	489.735	510.569	513.974	504.720
158	515.232	495.626	499.155	521.123	502.967	506.698	498.841	508.379	503.889	515.744	514.343	507.320
159	514.614	484.903	498.047	505.691	495.422	498.360	501.873	493.443	497.299	496.536	506.036	510.578
160	507.291	490.998	493.425	500.465	500.093	496.269	493.907	499.999	501.548	500.714	518.686	500.224
161	505.697	501.887	501.184	503.215	499.708	506.618	505.288	503.865	496.115	507.640	506.603	517.291
162	499.383	498.575	502.883	495.467	498.694	509.918	503.421	493.620	496.283	500.609	512.963	512.274
163	509.279	492.876	498.657	510.604	505.188	498.302	498.051	496.701	497.095	500.326	514.726	522.613
164	521.818	488.810	506.582	505.416	502.571	503.218	503.887	509.191	503.711	504.600	508.326	516.906
165	512.798	484.718	506.668	513.103	515.682	504.714	495.009	507.295	513.992	497.733	502.346	521.058
166	511.094	491.739	494.893	510.034	502.953	506.005	503.618	501.914	513.325	497.865	498.090	514.354
167	508.422	503.823	502.642	504.895	508.751	508.509	513.553	503.311	508.047	509.437	516.934	512.312
168	504.120	499.663	504.243	502.464	504.788	497.164	523.366	507.476	508.682	510.049	521.696	521.185
169	517.779	512.539	503.847	507.348	508.969	496.003	527.355	511.071	509.475	517.999	520.377	527.619
170	531.376	510.565	510.325	504.188	505.045	503.877	508.812	512.067	497.093	512.267	523.909	521.398
171	517.247	504.789	510.029	510.319	515.846	510.565	502.776	512.899	510.289	515.962	534.041	524.544
172	511.854	501.374	513.251	508.130	510.071	508.227	509.111	523.542	500.731	517.320	524.964	517.259
173	516.132	494.000	499.207	514.547	504.052	498.750	514.875	505.438	511.516	517.018	522.077	521.014
174	520.920	507.758	513.282	519.557	516.240	518.188	515.797	515.747	510.228	507.527	522.831	520.888
175	515.928	507.087	509.269	508.014	511.268	508.836	512.231	512.086	502.243	510.599	513.167	521.547
176	521.613	507.237	499.956	505.150	515.302	506.269	510.633	516.376	507.818	509.076	512.442	521.461
177	524.384	514.528	511.571	508.338	517.761	500.327	520.385	501.987	501.113	509.132	510.065	516.722
178	517.271	507.966	512.393	510.494	515.815	510.867	507.151	509.368	507.455	513.469	533.295	535.408
179	516.367	507.281	512.035	513.528	509.834	515.544	521.129	517.469	508.378	516.654	520.983	537.565
180	520.670	508.406	518.124	515.527	514.539	513.420	512.556	523.754	521.285	518.355	512.978	524.008
181	517.306	501.623	517.230	509.587	521.541	509.492	514.961	503.479	514.115	520.448	516.437	518.194
182	513.677	505.397	515.638	503.761	521.209	523.502	517.613	514.396	520.059	503.221	520.639	521.188
183	516.548	521.566	517.768	518.586	519.673	531.738	504.372	525.186	519.702	517.749	521.252	526.660
184	522.752	517.481	511.592	521.880	507.214	528.461	511.011	512.842	520.413	519.783	527.282	534.572
185	514.878	516.194	515.485	515.795	523.263	522.295	513.447	501.738	519.542	510.241	523.001	527.026
186	522.044	512.555	518.891	520.625	534.442	519.378	512.260	518.605	515.133	515.060	522.640	540.091
187	521.264	509.461	519.847	526.276	534.332	510.049	512.682	518.705	516.948	518.917	511.453	528.147
188	516.067	522.855	517.207	521.764	519.948	521.433	518.823	517.347	511.129	513.047	523.146	530.836
189	512.188	508.737	517.473	513.815	522.677	527.401	516.486	521.346	514.912	523.772	514.623	539.654
190	524.688	510.291	526.453	521.311	524.279	528.378	522.959	522.922	519.163	524.011	513.765	531.333
191	533.446	516.451	524.535	522.264	514.680	523.151	508.138	529.109	534.065	530.008	527.992	541.869
192	524.597	524.636	515.273	525.049	517.981	523.512	507.707	517.414	522.446	525.487	522.681	534.011
193	527.377	516.938	520.369	521.436	520.776	527.388	515.684	526.378	528.152	520.647	535.580	532.882
194	524.260	529.575	523.057	514.510	528.556	524.601	520.219	517.639	538.863	523.848	527.886	531.757
195	529.863	525.670	522.631	520.685	536.090	533.321	522.790	526.964	515.469	531.582	530.193	532.841
196	529.698	518.835	530.970	529.801	524.927	539.049	519.879	527.460	518.287	531.185	547.507	524.938
197	540.360	528.961	524.070	535.378	523.382	522.248	522.830	525.208	520.255	533.093	539.430	521.124
198	524.646	533.164	532.354	534.960	518.222	533.526	533.534	528.808	511.553	532.216	523.665	533.614
199	533.312	524.986	543.276	529.487	529.797	528.019	527.977	531.229	525.145	529.026	523.702	553.669
200	534.358	527.647	531.707	525.559	529.899	537.480	520.098	540.312	535.849	536.335	529.156	545.120
201	535.538	521.807	528.537	531.931	524.880	532.396	523.606	525.490	519.884	539.524	538.659	533.603
202	519.531	538.346	519.360	543.967	526.697	538.271	538.518	536.129	525.696	531.932	540.633	536.823
203	537.935	532.538	527.425	540.657	535.074	534.847	530.189	529.569	539.443	526.993	542.539	537.628
204	540.281	533.036	538.482	548.733	539.959	531.245	535.763	534.807	539.300	548.335	547.065	536.261
205	538.453	544.839	529.380	541.691	551.476	540.200	541.548	522.879	531.981	536.776	540.759	546.349
206	542.944	532.594	545.499	543.048	537.428	539.070	537.184	536.960	538.446	537.853	539.928	551.482
207	550.449	535.968	555.431	549.104	531.525	550.767	532.573	531.956	531.189	535.994	553.022	552.401
208	538.412	531.096	549.895	540.940	532.771	540.760	537.801	545.052	529.413	538.798	550.105	532.987
209	543.601	538.773	553.491	543.250	540.330	541.812	532.568	545.236	536.707	542.941	546.656	543.592
210	552.577	541.357	550.337	554.938	538.306	546.671	533.373	538.366	532.441	544.957	545.198	548.583
211	555.088	528.909	547.965	550.512	546.523	549.321	551.380	550.637	541.652	543.546	563.319	556.830
212	552.474	549.653	562.027	563.106	547.033	543.753	547.805	547.168	540.071	552.080	560.382	556.955
213	558.450	538.864	569.527	557.344	552.475	551.369	551.276	550.161	545.290	543.238	559.540	559.776
214	568.071	539.596	554.997	550.349	563.508	566.517	550.679	555.571	549.559	536.945	565.929	565.377
215	558.599	545.866	559.443	559.124	561.418	554.734	563.867	556.396	555.912	541.793	565.602	567.502
216	555.647	555.463	567.464	557.691	552.083	554.657	556.613	556.454	553.881	549.502	549.681	564.180
217	557.133	559.217	559.217	568.288	560.731	568.063	562.631	552.560	557.173	554.989	566.766	569.015
218	561.511	570.037	571.781	571.221	563.643	570.183	572.153	561.681	565.774	554.987	570.768	568.821
219	560.980	570.032	570.418	574.910	569.349	574.696	560.152	568.577	551.895	558.930	558.343	571.622
220	560.222	570.314	569.936	582.525	558.383	576.250	570.436	567.252	557.313	555.907	570.592	572.232
221	567.341	568.252	569.405	577.545	562.308	572.493	569.361	564.473	562.886	559.567	568.618	574.124
222	562.769	567.346	574.052	572.353	562.468	568.638	573.383	566.007	545.233	561.158	573.736	550.576
223	560.978	577.925	573.621	575.433	557.737	570.957	560.707	570.556	562.489	560.643	568.079	558.275
224	583.382	564.493	580.261	578.389	567.981	581.014	573.538	580.748	559.586	566.990	566.481	562.624
225	579.491	572.244	578.926	601.137	570.558	588.307	583.019	573.342	566.438	576.967	585.000	587.450
226	571.322	563.571	585.358	589.589	589.262	576.885	580.353	592.289	580.829	583.855	561.917	587.378
227	576.079	584.007	594.823	594.157	589.928	590.791	587.243	576.642	582.836	577.018	582.322	582.709
228	581.460	574.624	584.519	595.020	578.217	589.513	581.090	591.027	572.183	584.566	582.185	581.688
229	581.345	578.791	598.993	613.918	579.622	592.068	589.633	597.818	589.458	583.385	601.073	591.712
230	588.103	591.905	604.368	603.485	599.427	595.030	595.850	594.567	573.449	588.425	605.652	597.424
231	585.197	595.237	590.822	588.437	595.672	604.860	601.466	607.007	588.037	599.468	599.231	594.004
232	568.910	602.804	600.461	601.707	606.527	599.240	602.201	611.196	589.587	590.677	595.797	597.883
233	583.422	597.562	603.585	605.933	604.839	599.992	606.742	620.958	588.607	589.131	601.675	606.471
234	595.190	600.219	615.641	618.101	610.174	595.511	613.309	615.589	602.946	595.967	601.442	613.913
235	597.180	618.540	620.139	622.198	608.541	630.068	601.989	623.130	603.987	588.788	605.284	608.105
236	611.144	621.131	623.415	618.736	617.587	610.566	603.418	620.081	619.778	606.345	602.862	614.957
237	618.560	623.663	627.270	617.349	620.472	641.016	601.080	614.295	609.329	607.785	614.125	604.813
238	615.677	626.901	631.817	617.026	623.548	614.188	604.830	628.262	609.866	603.030	620.005	618.722
239	621.067	631.223	636.526	623.509	620.254	635.521	628.037	643.339	631.069	603.738	626.858	611.572
240	610.483	639.206	642.506	636.006	631.259	653.977	624.599	640.738	643.302	608.482	623.990	618.313
241	627.391	627.111	643.221	646.827	641.346	659.441	640.113	640.949	620.877	621.936	613.454	624.231
242	622.016	635.261	635.574	643.485	651.421	653.269	649.748	647.368	624.122	618.469	637.003	638.938
243	627.105	657.669	660.004	651.610	652.034	646.333	656.468	655.050	638.255	629.518	646.539	653.789
244	637.096	655.549	661.149	656.650	664.319	656.531	647.337	663.004	628.955	638.022	645.331	651.905
245	641.374	664.426	666.286	674.860	680.358	667.832	662.528	663.691	648.105	643.754	643.848	672.100
246	650.472	659.760	666.746	662.829	668.482	654.743	669.295	669.731	648.739	648.157	655.486	675.384
247	641.621	677.764	681.768	670.704	678.684	674.427	676.126	666.690	657.658	649.676	669.621	667.150
248	662.703	683.996	675.230	684.573	680.462	694.873	670.512	677.517	667.688	653.854	673.450	687.178
249	672.901	691.624	693.294	696.168	681.463	692.215	684.664	678.305	667.929	668.571	668.491	698.500
250	684.007	702.229	705.480	694.381	689.977	679.530	690.588	684.613	682.795	669.400	681.855	712.148
251	686.189	715.983	696.120	698.772	710.886	703.720	710.757	702.222	680.361	686.679	699.110	715.509
252	688.608	743.390	715.460	703.791	701.152	711.935	697.600	713.087	684.406	681.277	708.503	731.204
253	698.616	750.254	728.014	718.403	714.340	735.572	698.447	714.532	694.740	698.566	697.897	747.690
254	690.983	764.573	734.407	732.788	720.048	720.311	706.140	716.348	711.224	701.055	701.949	743.857
255	707.019	778.063	735.631	738.368	731.434	738.621	728.689	731.975	717.851	713.499	722.526	758.703
256	723.899	795.790	753.153	734.230	731.784	738.833	725.884	732.325	723.564	719.097	731.686	769.146
257	727.955	799.585	768.011	749.299	737.958	743.527	742.209	750.135	738.306	737.796	720.644	760.615
258	742.715	814.820	775.939	755.649	745.847	752.759	757.820	757.970	730.983	743.286	745.632	769.595
259	750.815	813.103	797.273	737.287	756.476	756.353	767.421	755.208	748.639	750.856	755.468	777.582
260	741.693	839.118	808.847	765.148	741.432	771.758	778.822	769.158	756.970	742.796	754.552	792.855
261	765.784	868.813	845.090	791.372	765.477	766.388	797.205	789.196	761.949	754.586	780.926	797.018
262	781.086	882.300	864.433	793.756	772.619	795.579	801.553	808.545	780.546	765.894	778.255	817.548
263	795.182	895.698	887.496	806.643	795.234	811.116	820.726	805.747	773.740	771.291	787.376	820.916
264	811.560	916.587	897.066	823.087	806.599	836.868	828.759	817.788	767.276	779.676	793.296	848.076
265	832.071	926.431	914.172	861.388	825.260	854.955	845.501	826.462	779.392	776.063	812.152	841.787
266	832.415	936.618	947.487	882.106	867.876	873.303	863.051	845.238	800.251	800.624	831.661	861.212
267	836.666	941.395	953.929	926.463	879.471	890.959	874.448	836.257	808.886	823.286	836.030	873.317
268	842.041	948.347	965.923	925.360	889.052	913.046	872.549	865.123	820.702	842.397	854.749	881.587
269	884.128	942.289	964.273	925.222	914.721	917.751	887.006	872.664	851.358	849.115	869.606	882.078
270	895.860	917.563	958.753	928.903	938.129	912.589	894.917	881.012	853.291	875.136	903.334	903.292
271	916.405	920.433	934.538	894.458	917.475	927.088	915.806	901.475	881.217	905.989	897.704	901.235
272	912.146	873.572	941.835	880.885	903.013	890.928	921.689	906.452	882.727	903.160	902.690	916.143
273	899.325	864.861	914.637	859.721	871.921	874.880	921.710	910.006	887.753	893.656	920.273	892.759
274	884.529	877.126	873.480	850.213	870.363	861.509	907.779	873.971	876.132	892.310	903.763	866.084
275	866.243	865.104	865.877	852.388	859.694	848.185	882.112	861.451	875.278	886.649	871.924	863.383
276	843.451	842.820	840.570	830.884	824.824	823.296	858.476	859.292	844.013	854.036	830.048	836.172
277	830.290	838.122	830.140	832.029	827.642	838.779	840.790	832.701	825.997	826.287	808.492	823.489
278	827.119	842.520	831.758	845.514	837.695	839.816	855.403	812.179	808.466	813.151	820.454	814.491
279	820.607	827.134	824.292	833.630	832.992	826.676	833.358	815.666	809.394	813.853	824.636	810.683
280	811.696	840.530	821.532	820.079	820.966	828.373	827.673	810.551	810.163	788.691	818.389	815.104
281	794.894	825.540	806.844	816.458	815.202	813.184	826.371	817.216	802.030	811.536	820.472	796.382
282	811.126	824.495	825.882	812.631	803.483	813.373	814.073	826.561	796.834	796.517	797.842	790.989
283	801.655	805.803	832.234	804.714	827.460	803.613	812.070	785.221	802.553	799.792	801.055	790.061
284	799.126	797.138	813.005	813.155	822.722	797.802	804.348	789.503	796.005	789.834	790.860	798.773
285	802.047	795.114	820.808	788.062	825.969	783.902	796.254	782.638	784.589	772.894	796.047	810.049
286	794.996	819.492	803.999	778.190	803.137	797.788	799.645	781.988	786.785	780.580	795.154	782.139
287	788.845	810.136	804.294	791.202	791.010	799.972	801.471	772.773	782.647	780.845	782.458	789.375
288	789.570	793.195	780.586	774.345	796.473	807.071	803.781	781.700	764.511	770.018	775.895	797.010
289	781.215	797.195	782.709	780.544	783.738	798.964	802.455	779.379	773.071	774.710	787.697	779.890
290	772.760	785.543	786.096	779.537	779.944	781.897	787.534	774.168	766.175	767.438	781.835	779.209
291	775.236	769.431	777.665	776.141	774.407	787.531	793.432	766.231	776.502	777.164	781.932	785.504
292	787.448	777.883	762.761	779.082	763.037	781.879	788.551	760.841	768.332	756.657	775.631	776.148
293	774.041	772.275	773.986	780.393	779.395	778.080	767.208	761.587	759.933	760.594	775.851	768.666
294	776.599	752.669	767.893	760.246	772.358	783.026	760.036	767.422	746.475	761.678	759.809	770.077
295	770.111	746.715	775.553	768.570	768.487	762.795	779.879	765.115	740.845	776.535	766.785	765.055
296	748.663	772.793	766.701	766.032	774.110	763.563	771.294	760.625	747.326	750.731	765.493	773.862
297	767.654	766.190	768.487	765.737	762.309	777.012	753.149	765.760	731.123	757.531	764.855	757.765
298	763.403	764.137	761.406	751.080	758.801	758.556	759.677	764.103	748.212	740.649	756.725	763.490
299	758.169	767.906	760.078	762.935	758.775	758.175	756.737	756.507	734.698	751.468	758.717	767.311
300	751.914	772.098	768.295	757.822	754.547	754.535	752.454	750.875	756.616	744.568	751.347	742.917
301	761.429	774.854	773.165	754.525	761.901	759.913	765.092	747.984	754.683	753.121	744.184	754.190
302	757.689	755.790	761.645	745.607	756.800	756.224	769.722	756.309	735.010	765.413	753.803	767.312
303	762.360	763.538	751.333	744.391	761.104	749.646	767.272	758.092	744.651	755.898	751.524	760.450
304	756.323	753.145	761.385	748.124	762.672	745.826	758.992	741.905	746.017	749.168	758.620	763.689
305	747.490	751.244	751.024	747.627	761.894	755.331	758.417	755.269	749.297	737.550	759.332	757.620
306	749.220	749.871	760.618	750.322	751.477	751.938	730.816	748.748	743.159	746.552	753.792	765.062
307	755.849	746.132	767.489	746.899	780.260	742.845	754.208	767.002	749.878	757.533	756.939	747.442
308	750.459	758.749	770.311	742.968	760.401	756.998	767.133	747.927	746.829	749.375	757.481	757.245
309	740.949	750.184	751.534	756.613	742.662	752.053	759.064	746.815	760.959	754.005	746.544	766.386
310	743.594	743.629	748.400	758.670	748.225	746.483	755.158	755.665	719.829	742.112	758.982	754.854
311	752.065	749.305	751.381	765.333	746.991	756.289	751.131	747.103	738.974	740.223	770.975	750.601
312	765.899	745.863	759.086	750.084	758.491	739.220	757.197	746.288	743.253	735.394	757.319	751.521
313	738.772	747.998	756.371	735.926	760.192	744.740	738.320	734.186	740.232	734.271	748.511	759.220
314	740.873	759.724	750.890	741.994	766.115	752.001	736.567	737.852	750.595	732.479	749.100	744.823
315	742.568	756.004	757.153	743.051	758.987	745.380	750.807	753.947	745.045	740.364	751.839	739.924
316	744.642	759.162	744.690	757.038	756.827	736.863	756.922	752.494	745.653	737.945	746.224	762.843
317	739.826	751.640	755.029	745.149	765.436	759.430	753.121	754.738	740.898	736.934	747.584	754.026
318	744.603	753.961	756.318	739.845	763.120	745.487	754.471	740.471	764.559	731.246	755.049	757.428
319	744.605	739.650	759.903	744.599	751.163	759.285	747.104	769.133	760.931	741.551	746.560	750.826
320	747.928	746.454	762.371	753.334	743.033	743.181	758.513	757.676	742.582	753.629	765.846	760.095
321	769.234	745.893	769.552	751.228	756.941	758.119	754.233	753.503	721.479	748.198	745.644	758.341
322	765.690	769.709	759.785	737.051	760.373	746.654	761.610	752.111	745.931	743.929	744.350	757.549
323	742.242	757.380	753.031	750.246	751.508	750.905	758.625	760.776	753.121	743.283	737.978	752.099
324	746.112	752.622	744.876	751.322	758.829	724.912	748.305	741.407	732.953	756.235	744.742	740.638
325	755.212	746.314	756.906	752.699	760.563	742.418	755.731	750.727	738.614	742.220	758.479	763.719
326	752.969	749.172	759.328	756.814	767.141	761.713	762.046	758.115	734.520	735.375	753.660	754.358
327	743.228	756.034	744.934	757.232	760.998	759.369	744.125	746.749	729.318	739.463	742.841	737.718
328	744.625	754.989	761.188	742.014	760.744	766.711	744.030	751.009	746.731	735.783	756.202	744.872
329	760.906	762.534	762.471	761.320	756.260	755.734	755.436	755.273	753.121	737.953	743.067	748.545
330	788.414	757.811	765.440	760.431	758.705	751.570	759.399	766.522	737.593	741.843	758.163	744.148
331	761.883	751.550	766.520	767.001	765.296	752.070	764.812	742.700	736.663	748.057	761.300	761.646
332	758.446	762.729	763.328	766.923	761.307	765.860	764.469	752.767	752.487	748.155	757.510	771.337
333	766.026	761.543	767.521	767.701	761.782	758.645	764.740	739.771	742.579	743.663	763.545	767.084
334	769.203	769.669	778.211	759.876	772.584	778.358	769.149	740.845	750.073	740.692	754.187	767.326
335	758.065	768.167	774.096	756.683	774.348	770.614	782.137	749.803	765.503	748.049	759.813	766.776
336	768.789	780.444	776.613	771.606	777.216	749.238	768.792	767.011	755.813	759.884	760.173	763.996
337	786.723	770.505	770.026	771.329	766.995	763.956	769.944	774.557	754.239	747.929	769.922	766.430
338	784.687	770.471	784.317	774.051	777.168	784.567	777.835	750.780	750.398	755.618	760.161	775.791
339	759.644	775.266	784.340	757.558	780.261	793.095	770.282	764.207	763.610	760.151	774.547	754.607
340	772.090	788.815	778.159	788.201	794.139	780.345	774.695	784.473	765.444	778.436	776.439	768.849
341	778.416	776.068	782.467	798.300	784.296	775.964	780.635	772.485	764.962	768.038	766.833	785.879
342	769.765	791.010	796.662	797.170	782.994	791.396	790.986	772.321	782.531	793.313	789.549	793.979
343	777.981	790.756	778.447	799.479	786.648	798.953	785.717	784.793	782.389	785.688	802.737	776.956
344	792.092	785.754	794.539	800.430	799.225	799.987	789.241	781.391	788.743	782.658	812.763	799.968
345	800.424	801.224	778.165	796.072	792.836	792.274	792.020	802.056	794.848	781.550	792.024	807.176
346	793.968	813.754	790.648	791.792	789.782	789.076	800.419	789.117	796.312	773.974	793.274	814.037
347	793.892	799.233	803.414	785.459	782.554	799.952	791.555	802.291	795.586	785.444	797.917	811.034
348	813.087	802.944	801.665	795.736	794.228	806.676	790.791	805.500	790.530	789.867	806.445	801.464
349	806.746	808.492	818.075	800.653	810.870	796.245	796.480	787.363	795.393	798.917	821.410	808.852
350	799.290	797.882	813.036	797.347	802.553	807.776	809.725	786.597	801.391	800.478	799.007	811.561
351	790.952	822.295	806.274	804.107	808.934	804.218	827.928	797.021	800.472	792.259	809.980	822.301
352	821.481	817.586	817.177	814.847	811.265	806.250	826.308	796.591	801.408	806.724	816.643	824.987
353	830.226	823.722	830.023	805.217	800.890	809.326	821.632	804.291	806.128	800.863	820.226	810.802
354	822.204	818.411	825.650	826.776	803.358	812.856	825.309	803.467	820.837	822.401	817.910	830.832
355	809.974	843.640	825.423	836.671	808.318	803.590	816.583	827.249	805.126	816.285	815.258	836.605
356	816.642	849.555	834.751	831.916	837.244	810.571	832.142	820.067	800.657	814.156	824.048	827.609
357	825.965	843.042	838.313	821.528	826.160	811.182	810.219	817.857	815.243	814.371	823.912	821.831
358	821.552	839.107	852.384	824.912	829.464	822.056	822.325	827.238	825.068	819.270	828.839	823.908
359	822.973	843.757	840.292	837.872	825.684	815.731	820.785	828.766	830.609	828.864	834.745	829.112
360	836.961	857.016	850.153	851.270	839.550	819.064	838.056	830.790	826.474	839.269	831.731	842.107
361	826.368	869.399	860.885	846.379	833.714	825.894	849.689	820.108	825.276	821.596	854.530	844.169
362	839.173	865.381	856.473	837.797	844.325	841.156	838.955	822.173	829.723	836.532	849.348	835.529
363	851.552	873.783	871.374	846.900	845.261	837.356	829.885	843.574	819.031	850.160	843.204	843.800
364	856.737	874.263	871.475	857.920	839.289	834.320	832.247	835.457	846.301	841.087	844.261	858.600
365	864.047	881.357	867.830	861.613	835.665	837.403	831.517	837.992	836.977	858.890	859.960	840.946
366	864.330	869.136	881.698	871.601	863.573	837.342	843.167	842.464	828.839	851.840	865.753	862.271
367	869.979	894.571	886.144	877.549	865.620	849.414	853.944	861.380	854.130	846.694	872.283	856.687
368	884.660	888.317	860.121	865.679	871.378	858.050	851.935	849.541	842.504	861.476	885.524	879.381
369	896.307	894.625	885.303	848.886	871.058	871.783	859.242	852.397	843.662	862.820	869.823	878.386
370	882.955	898.848	899.281	877.342	886.508	874.359	856.278	842.293	846.703	880.633	885.208	869.842
371	879.538	903.744	896.152	887.304	872.387	875.171	854.338	861.143	856.208	870.722	904.158	882.234
372	870.255	924.504	915.667	906.526	885.404	874.693	880.285	873.767	867.516	882.822	916.732	894.694
373	883.015	909.712	894.504	892.604	902.327	876.389	878.704	866.413	875.158	869.506	926.602	892.517
374	902.765	902.934	898.284	884.474	911.952	868.966	875.317	875.288	873.911	881.469	921.042	894.507
375	887.248	908.253	914.744	885.019	920.573	867.329	864.486	889.918	862.122	884.691	937.712	885.465
376	890.698	915.095	919.330	904.139	906.414	872.396	872.415	894.110	864.868	895.691	938.805	905.612
377	915.106	911.150	904.260	910.164	898.258	887.513	881.691	886.776	882.013	907.325	959.249	914.655
378	925.063	900.957	894.007	919.453	910.948	889.635	892.774	889.342	891.529	887.400	941.395	908.406
379	939.936	920.277	903.699	926.797	901.809	898.275	890.535	900.524	908.769	924.739	957.396	926.888
380	905.344	909.235	913.948	917.325	895.482	887.887	902.290	902.632	902.446	929.881	954.655	917.703
381	933.594	908.953	932.021	900.453	896.122	907.203	916.110	909.423	904.900	923.342	958.319	925.005
382	939.090	913.723	927.983	918.338	902.420	914.663	917.617	908.828	908.566	932.476	957.405	921.140
383	935.022	922.891	937.902	925.847	900.820	910.815	919.082	915.227	910.551	930.085	935.559	950.035
384	942.714	933.813	945.202	920.945	898.690	926.022	917.063	929.044	899.524	936.033	944.570	949.421
385	930.031	932.560	927.459	920.720	904.618	909.753	924.268	918.161	904.600	953.030	953.085	929.337
386	946.062	927.196	931.747	909.236	908.819	914.596	920.352	922.034	932.491	936.917	948.655	955.761
387	928.973	913.594	937.329	932.753	909.271	914.779	913.236	927.225	941.705	945.250	950.976	960.135
388	947.755	930.572	969.481	949.289	930.061	917.839	917.549	932.540	948.812	939.891	952.474	947.895
389	942.842	926.079	958.853	931.620	934.716	926.387	924.688	928.663	970.897	954.179	945.357	951.936
