 	Profile_Slice_1	Profile_Slice_2	Profile_Slice_3
1	284.379	269.033	268.436
2	271.132	285.143	269.946
3	277.815	279.776	278.196
4	287.208	268.286	285.314
5	283.464	269.276	281.659
6	280.800	269.211	276.373
7	289.362	276.873	281.472
8	284.551	271.599	280.650
9	285.931	270.001	283.618
10	284.401	275.642	284.921
11	278.974	272.357	276.658
12	276.910	277.996	277.879
13	275.299	265.497	275.920
14	274.093	268.015	286.414
15	285.931	272.892	290.496
16	283.132	274.053	283.334
17	280.925	267.338	289.142
18	282.651	267.827	286.220
19	283.911	265.282	285.693
20	289.962	264.762	275.508
21	283.924	269.104	275.987
22	275.772	277.818	271.632
23	278.066	272.745	276.605
24	263.928	271.544	273.133
25	273.184	277.952	271.351
26	286.174	274.752	281.219
27	287.629	276.900	280.660
28	289.941	285.456	284.406
29	289.894	278.865	284.389
30	275.317	277.818	277.777
31	283.553	277.939	282.960
32	288.539	274.161	283.842
33	283.428	275.785	292.202
34	283.526	271.405	286.925
35	286.163	268.697	283.958
36	280.229	268.408	290.251
37	284.759	267.267	289.808
38	286.577	273.129	272.545
39	281.804	280.827	282.954
40	274.525	268.391	288.331
41	281.728	265.926	282.113
42	286.147	267.122	285.293
43	288.869	276.985	286.664
44	292.150	266.995	285.127
45	286.467	270.248	283.797
46	290.310	270.080	292.596
47	279.259	273.026	293.511
48	275.190	265.821	289.020
49	281.682	284.519	293.006
50	278.198	279.634	282.299
51	285.249	287.008	283.884
52	283.998	277.503	291.763
53	288.625	282.174	281.751
54	285.887	276.602	284.191
55	293.087	280.836	274.435
56	287.435	279.294	278.686
57	288.484	278.426	289.325
58	289.972	276.945	304.830
59	286.817	280.075	285.876
60	288.563	273.397	286.662
61	284.613	274.991	284.543
62	302.990	277.992	289.141
63	290.478	284.598	291.399
64	285.775	281.367	286.251
65	294.984	279.878	294.117
66	291.947	277.963	297.467
67	289.015	278.631	300.917
68	291.316	282.952	296.075
69	292.308	283.773	296.862
70	297.308	282.638	305.598
71	293.924	286.080	303.766
72	289.973	282.847	296.532
73	294.101	284.165	298.729
74	289.379	286.636	296.280
75	290.536	300.981	288.893
76	296.109	293.200	293.841
77	298.390	275.371	296.906
78	295.629	288.072	298.359
79	300.054	288.813	298.859
80	297.558	286.339	302.858
81	297.577	288.887	304.719
82	301.454	290.308	300.865
83	303.652	288.774	300.528
84	298.982	290.453	299.003
85	305.539	287.922	299.495
86	295.581	297.199	299.348
87	293.028	293.680	299.363
88	295.478	298.143	301.445
89	302.114	296.820	307.932
90	312.731	298.355	308.987
91	314.269	296.733	314.128
92	307.913	304.575	316.353
93	295.718	298.159	325.123
94	301.416	298.081	322.980
95	304.322	297.691	318.063
96	316.862	306.426	326.154
97	322.835	310.296	330.709
98	318.795	311.741	324.269
99	316.335	312.673	321.334
100	313.333	309.733	313.003
101	315.730	310.228	326.590
102	316.111	317.070	325.775
103	323.950	321.356	326.652
104	336.200	314.026	319.490
105	337.010	301.679	331.034
106	343.494	319.280	334.697
107	343.178	323.387	341.394
108	355.753	323.953	348.819
109	345.766	344.277	337.524
110	343.781	340.675	341.873
111	356.041	328.257	358.135
112	349.156	336.915	359.361
113	353.577	347.195	355.077
114	342.426	346.839	338.155
115	343.491	333.039	341.168
116	343.891	343.820	351.882
117	348.225	353.687	349.652
118	348.699	345.353	350.645
119	338.492	345.710	357.021
120	335.383	345.453	351.590
121	335.120	331.295	347.496
122	353.249	345.755	342.863
123	343.049	340.188	345.090
124	341.009	340.240	339.573
125	336.941	342.631	342.660
126	335.030	348.388	344.174
127	338.750	345.647	347.402
128	338.444	348.011	344.814
129	346.475	343.039	338.329
130	340.410	342.368	347.833
131	335.670	343.062	354.261
132	333.526	345.303	349.553
133	349.332	348.354	346.654
134	331.401	340.717	353.146
135	329.622	344.409	352.720
136	329.065	351.922	346.894
137	341.169	348.094	354.577
138	335.271	345.397	344.011
139	327.952	348.056	344.834
140	340.867	335.910	338.339
141	346.276	343.268	338.793
142	329.222	346.542	351.588
143	326.576	343.684	341.972
144	331.955	338.227	340.630
145	332.467	338.448	337.082
146	323.582	338.239	332.263
147	321.322	332.960	347.018
148	326.302	330.824	340.196
149	324.841	346.700	329.951
150	333.955	337.484	336.803
151	334.855	327.998	325.886
152	326.645	327.687	338.574
153	331.068	320.077	330.559
154	318.598	326.761	333.018
155	332.209	335.257	331.668
156	320.714	329.340	324.881
157	330.493	330.673	329.161
158	316.774	339.808	330.481
159	323.271	326.351	330.417
160	311.042	325.174	331.575
161	318.717	334.621	327.026
162	318.162	328.236	328.573
163	318.520	321.088	322.670
164	323.004	318.084	307.161
165	319.375	319.841	323.504
166	311.019	310.652	329.739
167	321.796	320.567	339.131
168	321.194	331.725	321.249
169	312.819	324.334	326.949
170	312.462	316.194	331.591
171	317.341	311.423	334.258
172	326.502	318.382	332.410
173	319.333	329.922	325.701
174	320.449	322.974	317.373
175	311.204	323.630	320.617
176	308.675	320.717	333.257
177	325.804	326.563	328.036
178	325.296	320.671	329.913
179	319.575	328.323	325.333
180	321.006	316.635	319.317
181	328.991	322.387	331.445
182	324.325	332.587	330.630
183	321.738	323.411	331.261
184	328.471	320.795	321.784
185	320.999	316.527	322.907
186	325.839	313.526	332.338
187	321.469	311.696	315.565
188	321.875	314.202	321.244
189	321.098	321.000	331.486
190	323.138	322.414	334.160
191	326.229	320.882	327.975
192	325.573	324.625	338.353
193	320.871	318.334	322.962
194	326.406	326.498	328.908
195	323.775	320.591	334.578
196	322.276	323.094	326.031
197	317.817	319.077	322.080
198	313.046	327.113	326.970
199	325.234	318.246	327.121
200	332.556	314.080	325.906
201	332.907	323.728	321.528
202	323.111	315.639	335.498
203	321.991	315.711	327.889
204	327.442	326.835	325.627
205	329.980	320.012	326.127
206	333.755	324.552	332.573
207	333.639	325.780	326.715
208	324.769	325.423	328.577
209	328.759	327.465	329.015
210	323.737	329.153	331.430
211	327.016	325.105	320.086
212	330.429	321.800	333.223
213	326.471	316.778	321.201
214	333.654	325.046	329.013
215	330.736	329.582	333.412
216	337.603	324.955	337.739
217	330.855	327.078	331.515
218	327.028	329.418	333.627
219	334.524	330.401	333.262
220	327.882	316.595	335.642
221	335.913	325.576	333.533
222	334.677	339.059	338.776
223	351.695	329.465	336.038
224	335.691	331.399	332.379
225	336.863	336.322	342.221
226	344.200	333.606	334.490
227	342.713	318.458	343.325
228	337.751	336.743	349.526
229	348.154	347.297	339.672
230	348.402	351.859	347.947
231	340.818	345.903	338.284
232	336.950	346.880	343.413
233	330.288	344.147	349.706
234	336.835	347.845	346.640
235	353.301	346.402	354.289
236	349.514	339.647	348.249
237	346.893	339.666	353.087
238	350.669	340.980	346.277
239	346.344	343.725	341.803
240	347.095	342.965	349.097
241	350.836	330.883	346.455
242	341.412	336.643	345.756
243	347.688	351.008	352.382
244	347.590	351.536	355.509
245	350.086	350.162	354.987
246	359.939	350.380	363.564
247	350.620	347.914	348.630
248	343.243	350.944	352.225
249	350.817	342.395	348.207
250	346.036	351.967	349.918
251	347.520	345.462	335.229
252	273.092	273.092	277.791
253	266.455	266.455	278.277
254	269.523	269.523	271.373
255	269.761	269.761	275.714
256	269.995	269.995	274.010
257	269.711	269.711	276.590
258	267.278	267.278	274.588
259	284.618	284.618	279.857
260	271.596	271.596	275.129
261	274.365	274.365	274.189
262	271.720	271.720	273.594
263	270.931	270.931	272.990
264	269.999	269.999	272.614
265	271.882	271.882	276.155
266	261.837	261.837	286.393
267	268.259	268.259	270.058
268	267.445	267.445	278.990
269	279.059	279.059	273.181
270	276.488	276.488	281.696
271	266.491	266.491	277.310
272	260.039	260.039	274.210
273	260.065	260.065	266.430
274	257.237	257.237	271.911
275	250.954	250.954	279.938
276	260.114	260.114	278.121
277	257.657	257.657	283.555
278	264.468	264.468	275.066
279	273.167	273.167	274.212
280	274.054	274.054	287.482
281	267.168	267.168	275.957
282	262.385	262.385	273.187
283	269.880	269.880	278.279
284	264.761	264.761	273.078
285	263.413	263.413	273.625
286	264.628	264.628	269.764
287	269.766	269.766	271.323
288	259.832	259.832	281.066
289	261.914	261.914	282.394
290	272.547	272.547	277.754
291	260.830	260.830	279.063
292	265.673	265.673	270.989
293	266.374	266.374	266.858
294	267.556	267.556	269.355
295	271.116	271.116	264.620
296	274.066	274.066	271.824
297	266.416	266.416	277.224
298	264.867	264.867	276.762
299	261.465	261.465	279.903
300	267.780	267.780	270.015
301	265.243	265.243	269.895
302	260.717	260.717	280.203
303	259.049	259.049	275.775
304	268.933	268.933	273.851
305	263.664	263.664	278.861
306	265.320	265.320	277.174
307	257.704	257.704	278.292
308	261.077	261.077	276.116
309	261.667	261.667	271.601
310	263.917	263.917	271.634
311	272.396	272.396	274.915
312	267.907	267.907	269.026
313	260.367	260.367	277.042
314	268.158	268.158	281.304
315	267.962	267.962	268.095
316	269.141	269.141	280.818
317	265.775	265.775	277.949
318	267.757	267.757	274.924
319	265.773	265.773	274.761
320	262.423	262.423	270.738
321	254.492	254.492	268.419
322	263.234	263.234	265.972
323	260.682	260.682	272.561
324	256.466	256.466	279.163
325	268.226	268.226	284.411
326	266.114	266.114	271.293
327	268.193	268.193	266.389
328	276.857	276.857	271.276
329	268.243	268.243	275.345
330	262.967	262.967	269.976
331	255.192	255.192	275.665
332	252.618	252.618	272.815
333	264.368	264.368	268.198
334	264.863	264.863	284.578
335	268.640	268.640	284.998
336	259.118	259.118	274.139
337	269.018	269.018	270.763
338	268.002	268.002	273.587
339	271.005	271.005	277.668
