 	Profile_Slice_1	Profile_Slice_2	Profile_Slice_3	Profile_Slice_4	Profile_Slice_5	Profile_Slice_6	Profile_Slice_7	Profile_Slice_8	Profile_Slice_9	Profile_Slice_10	Profile_Slice_11
1	554.972	561.417	553.836	558.291	577.034	591.746	577.396	576.875	562.096	559.238	555.562
2	554.728	571.081	550.743	560.823	578.244	591.164	582.302	565.930	563.766	566.078	569.578
3	558.027	566.706	554.949	576.283	572.954	587.667	588.652	564.121	565.447	573.558	566.775
4	566.084	568.762	558.346	579.010	573.204	577.974	589.027	571.775	581.272	563.596	558.031
5	567.601	567.836	570.270	578.516	587.407	587.996	585.564	580.145	562.633	558.621	560.342
6	566.460	568.190	560.926	562.711	571.397	586.279	596.935	580.252	563.070	565.997	567.478
7	563.924	578.882	561.587	580.733	582.472	587.873	588.891	599.636	576.703	568.434	570.021
8	566.393	588.331	564.369	569.270	580.931	594.868	589.850	597.437	576.946	558.826	556.739
9	560.329	606.222	562.818	569.149	583.202	603.021	591.568	588.099	573.926	564.690	557.458
10	572.442	606.227	566.784	571.958	591.106	601.217	597.014	600.428	581.264	572.368	563.479
11	575.229	598.048	574.169	580.903	588.447	606.033	589.242	578.256	585.302	577.747	565.299
12	569.927	589.088	577.970	589.962	581.105	613.886	602.034	583.978	576.142	570.639	566.669
13	573.702	600.700	568.599	585.012	593.672	616.918	600.260	605.793	587.113	593.364	580.211
14	580.667	605.929	564.925	581.749	599.417	607.696	601.154	611.323	572.971	591.100	584.169
15	569.175	609.158	569.330	585.363	593.092	604.750	592.478	595.560	579.020	574.742	576.342
16	567.837	602.788	568.562	593.638	598.290	607.817	618.393	606.850	590.141	572.983	569.262
17	572.592	600.785	580.280	596.208	602.379	607.336	607.221	612.261	594.538	592.244	574.066
18	578.038	603.467	582.853	594.218	611.949	620.093	607.169	611.212	603.888	596.881	587.136
19	576.533	611.389	584.333	597.411	618.252	631.761	607.602	623.412	609.669	593.936	575.565
20	586.324	619.860	578.055	600.616	600.381	638.007	628.571	618.200	592.953	587.890	585.419
21	587.417	615.563	578.413	601.222	604.134	628.370	618.736	608.315	606.544	599.921	592.225
22	593.864	615.829	580.450	605.623	626.029	632.241	632.946	622.343	606.179	601.629	592.344
23	586.931	625.341	585.127	600.661	619.250	635.429	627.868	633.576	608.157	610.731	585.767
24	598.997	638.204	599.437	603.871	622.877	642.314	637.530	636.706	616.748	603.697	590.207
25	602.948	627.949	608.350	623.601	626.038	639.044	629.577	639.852	612.773	614.444	600.723
26	601.387	636.143	609.513	626.281	619.303	644.917	629.725	630.567	612.424	618.483	596.722
27	599.232	622.741	616.240	620.493	633.332	650.760	640.044	642.241	621.947	610.890	603.457
28	610.563	630.830	602.067	623.144	638.114	636.552	641.004	628.095	625.409	607.225	608.669
29	615.084	646.554	613.325	614.010	635.922	646.133	649.638	644.405	623.460	607.223	605.337
30	605.836	643.229	626.909	637.047	650.776	648.133	655.063	640.473	622.769	611.737	613.487
31	608.465	643.682	612.928	639.982	645.598	651.553	656.409	637.334	631.325	633.825	609.879
32	606.178	651.017	619.769	621.817	649.164	655.717	666.167	648.027	641.571	635.309	611.222
33	605.783	660.894	626.165	649.670	665.974	667.249	659.131	653.211	624.106	634.130	620.123
34	619.630	653.821	625.881	647.350	674.220	666.068	657.210	666.046	645.781	629.865	621.105
35	607.813	661.280	633.689	634.412	672.271	694.361	672.359	677.518	650.550	644.658	634.256
36	619.082	671.646	621.756	641.749	669.698	680.765	676.548	673.007	657.662	627.505	636.415
37	614.105	669.261	619.445	650.063	661.609	684.206	677.830	673.476	638.574	638.254	625.553
38	634.220	666.172	644.749	643.596	661.112	697.340	670.758	685.316	655.013	645.656	636.970
39	635.553	677.308	622.744	665.181	676.974	691.180	681.595	677.043	648.817	651.637	630.402
40	639.376	682.657	648.217	665.483	681.389	699.097	675.674	689.656	665.621	667.722	645.068
41	630.898	675.399	654.468	641.765	681.709	715.543	709.036	703.833	657.513	651.365	642.253
42	647.998	692.397	660.673	664.903	691.256	696.331	706.922	695.062	660.390	657.489	647.271
43	643.917	696.824	656.394	657.051	698.052	713.149	694.829	710.967	670.920	669.219	644.617
44	661.400	707.992	660.869	665.123	694.225	719.548	695.729	708.080	680.843	665.148	650.839
45	643.464	695.019	670.688	677.775	698.776	712.050	709.527	708.072	687.500	676.778	657.587
46	659.750	693.422	667.825	686.375	734.500	715.776	716.394	721.726	689.158	681.972	641.640
47	659.237	715.908	663.931	689.830	716.688	732.360	726.301	716.992	683.514	683.049	651.759
48	673.791	715.871	680.261	687.318	724.460	737.392	725.538	741.876	678.941	691.138	657.326
49	668.337	710.571	676.095	696.516	719.716	748.608	716.653	741.621	687.911	688.159	655.709
50	671.289	711.912	676.929	696.880	725.389	746.797	735.345	741.392	688.211	700.751	678.351
51	671.521	721.763	698.431	705.447	728.628	758.645	738.514	734.703	695.243	707.419	678.893
52	678.482	731.003	702.954	711.365	732.465	771.161	738.240	748.896	697.885	697.019	682.676
53	680.470	733.055	677.683	708.375	731.918	752.740	745.246	766.022	705.549	698.257	699.768
54	685.257	739.550	700.900	720.178	741.540	796.568	765.521	772.486	728.235	710.204	702.367
55	694.533	745.213	711.483	709.540	762.953	803.289	762.508	766.277	718.782	707.069	696.550
56	705.849	747.318	707.516	716.453	762.383	785.672	773.228	766.559	733.808	713.658	701.320
57	705.620	761.620	709.345	746.556	775.170	789.587	772.838	786.264	733.211	728.536	712.152
58	706.420	777.090	729.330	748.072	791.248	798.618	786.578	796.314	737.824	724.711	714.841
59	722.080	777.225	739.380	754.969	788.388	819.788	797.204	801.937	756.934	752.322	712.060
60	715.657	774.096	753.065	752.928	804.088	844.290	799.609	815.843	750.747	747.998	699.710
61	718.492	795.363	751.750	761.874	805.246	849.308	810.714	824.909	754.822	747.293	719.100
62	722.963	785.482	737.897	765.492	829.506	866.873	828.122	845.347	770.585	765.393	734.137
63	727.042	802.236	745.110	768.392	837.552	868.586	832.285	840.678	783.256	779.343	749.803
64	745.002	806.348	768.287	787.986	847.696	865.027	833.393	844.517	790.202	781.421	745.508
65	754.356	848.109	776.822	786.513	859.379	904.033	842.199	850.657	782.920	770.419	753.939
66	749.652	851.729	787.794	814.097	884.502	917.212	853.146	867.688	788.996	780.206	767.608
67	752.464	853.454	791.120	815.844	890.145	925.299	882.431	892.713	800.518	797.286	774.876
68	759.536	862.681	786.724	812.735	890.043	925.913	866.185	892.479	829.510	803.764	784.141
69	777.288	888.140	811.454	823.597	917.230	952.337	893.472	936.170	832.580	806.039	786.076
70	772.787	879.484	817.850	832.797	930.882	1014.991	929.490	943.861	831.731	832.402	793.055
71	769.565	887.184	824.732	863.278	981.037	1025.032	946.208	981.767	857.641	849.945	798.039
72	793.794	909.172	830.360	874.755	1005.396	1063.123	952.707	1001.254	858.020	855.654	801.224
73	807.456	932.919	831.390	863.309	1038.906	1093.534	982.998	1032.988	872.222	859.017	806.993
74	800.610	944.162	851.741	901.171	1070.968	1110.759	999.865	1065.985	886.397	873.963	835.333
75	824.434	973.118	867.268	915.945	1111.087	1155.408	1035.964	1105.576	908.441	902.896	832.453
76	820.429	998.315	870.559	932.983	1135.718	1193.946	1065.109	1174.725	929.026	919.139	840.456
77	832.163	1010.893	867.456	962.326	1173.848	1242.424	1104.451	1205.233	967.263	954.592	872.109
78	846.446	1034.458	909.392	1002.492	1203.720	1298.805	1150.133	1247.029	1002.059	982.092	870.738
79	867.068	1040.508	924.322	1024.785	1256.359	1339.565	1196.581	1289.980	1030.700	993.187	893.236
80	872.566	1053.964	952.739	1053.365	1303.457	1365.231	1233.071	1327.286	1032.334	1024.600	890.269
81	883.162	1094.954	981.656	1091.462	1360.055	1361.132	1291.387	1375.128	1051.167	1047.423	940.134
82	915.284	1116.725	1014.796	1128.319	1408.174	1350.626	1366.153	1343.269	1088.169	1064.688	969.378
83	934.229	1142.795	1033.233	1164.727	1425.553	1333.415	1394.921	1324.561	1159.266	1095.918	980.128
84	973.923	1189.944	1064.625	1189.015	1387.548	1274.388	1387.752	1246.431	1215.449	1156.985	995.831
85	1002.741	1236.481	1113.006	1254.430	1374.826	1223.767	1350.817	1232.646	1279.034	1212.593	1033.836
86	1010.634	1261.876	1171.654	1297.578	1337.548	1209.997	1353.509	1201.086	1330.748	1260.201	1074.618
87	1040.731	1291.625	1220.657	1374.105	1296.661	1188.805	1283.357	1176.532	1349.890	1325.460	1087.321
88	1077.466	1324.675	1304.660	1432.058	1253.796	1184.408	1234.824	1150.458	1388.651	1379.056	1153.376
89	1117.648	1365.045	1365.168	1458.362	1241.725	1176.253	1209.481	1154.056	1366.210	1434.202	1201.085
90	1163.559	1374.815	1445.147	1493.960	1214.970	1141.420	1187.509	1138.330	1366.605	1419.411	1247.810
91	1211.292	1397.879	1512.259	1472.341	1192.807	1129.466	1161.284	1123.458	1293.976	1398.499	1292.926
92	1250.195	1387.457	1519.629	1462.231	1178.385	1115.603	1155.404	1137.884	1270.278	1335.892	1339.551
93	1294.657	1380.716	1514.471	1420.608	1164.828	1108.032	1143.212	1122.331	1231.860	1300.015	1351.043
94	1331.997	1352.012	1493.587	1350.268	1150.264	1116.087	1123.576	1113.335	1198.852	1254.859	1377.814
95	1348.316	1317.093	1431.951	1302.695	1150.922	1108.466	1114.994	1092.956	1169.682	1227.527	1363.089
96	1380.058	1269.310	1371.825	1262.620	1132.816	1100.589	1101.096	1098.054	1166.752	1209.305	1340.871
97	1389.669	1234.208	1338.542	1262.959	1126.204	1083.122	1080.530	1085.215	1159.762	1196.599	1312.433
98	1365.679	1203.825	1293.121	1252.649	1120.485	1083.546	1094.978	1076.145	1138.080	1172.581	1255.511
99	1341.816	1189.893	1282.084	1207.742	1111.145	1098.012	1088.193	1079.804	1138.967	1160.475	1229.959
100	1309.415	1162.916	1257.288	1198.178	1111.350	1074.426	1090.046	1078.182	1109.133	1142.041	1201.645
101	1270.082	1137.182	1236.290	1195.153	1101.468	1094.280	1083.488	1070.384	1119.459	1130.479	1209.284
102	1251.771	1122.951	1233.117	1178.527	1099.616	1085.059	1090.785	1073.641	1111.045	1125.526	1176.428
103	1233.999	1096.559	1204.238	1174.916	1102.332	1091.203	1081.979	1069.212	1100.691	1115.706	1173.298
104	1189.857	1107.695	1207.778	1162.170	1100.872	1093.884	1081.656	1079.469	1092.566	1111.591	1173.782
105	1170.394	1121.582	1205.605	1152.990	1110.188	1090.138	1077.574	1085.184	1079.683	1107.238	1155.933
106	1191.577	1113.305	1181.464	1139.839	1092.605	1113.458	1081.831	1089.015	1079.924	1081.851	1140.616
107	1190.513	1124.496	1183.220	1141.917	1109.904	1101.733	1083.314	1056.935	1100.751	1083.935	1139.610
108	1183.022	1115.148	1160.006	1118.114	1094.555	1101.230	1089.205	1062.851	1101.432	1081.925	1143.990
109	1172.753	1107.227	1170.319	1118.084	1104.318	1123.021	1087.651	1081.034	1098.654	1089.411	1121.681
110	1148.110	1109.423	1153.581	1115.018	1114.476	1134.717	1086.287	1078.533	1097.001	1088.784	1112.196
111	1162.605	1109.314	1144.644	1122.632	1108.091	1117.118	1101.841	1111.613	1087.970	1087.084	1115.729
112	1157.028	1127.330	1120.766	1124.674	1111.946	1136.703	1081.970	1108.010	1092.548	1090.453	1124.047
113	1142.228	1114.466	1117.268	1094.572	1098.841	1121.495	1090.872	1095.780	1104.220	1061.340	1131.714
114	1140.973	1099.694	1123.564	1104.822	1105.828	1130.855	1108.304	1111.822	1108.316	1088.848	1117.207
115	1161.261	1103.338	1121.797	1105.592	1106.167	1154.098	1135.501	1111.075	1104.882	1104.023	1125.735
116	1145.987	1105.920	1115.242	1078.693	1112.512	1151.195	1105.044	1123.010	1107.085	1103.729	1120.008
117	1142.851	1114.792	1123.093	1106.877	1130.109	1172.107	1130.489	1151.022	1110.889	1109.893	1124.411
118	1156.589	1112.426	1111.304	1106.230	1115.068	1173.032	1132.185	1146.777	1117.823	1116.015	1124.036
119	1159.460	1117.835	1101.170	1124.440	1128.696	1172.752	1145.276	1164.897	1123.327	1108.736	1126.153
120	1161.466	1104.343	1113.024	1109.839	1124.489	1179.589	1141.067	1159.589	1130.866	1102.681	1125.457
121	1140.464	1143.656	1116.318	1113.703	1152.846	1164.240	1153.616	1174.466	1127.644	1118.825	1129.567
122	1155.079	1133.108	1119.844	1119.221	1147.170	1180.898	1154.914	1163.278	1121.810	1135.439	1130.085
123	1173.711	1124.746	1119.331	1095.880	1140.433	1172.437	1176.638	1174.788	1160.424	1151.731	1134.390
124	1183.715	1130.999	1102.400	1120.349	1144.598	1202.888	1180.451	1187.621	1178.304	1145.422	1143.774
125	1178.208	1132.871	1118.118	1119.559	1171.805	1210.692	1163.083	1174.733	1176.769	1163.710	1150.246
126	621.365	612.909	582.260	564.984	578.955	596.432	630.265	631.384	635.101	619.343	627.720
127	625.718	623.944	561.970	565.812	576.073	594.667	615.801	622.200	647.699	611.245	629.343
128	620.267	617.775	571.013	578.733	573.925	596.158	609.218	624.522	631.549	602.383	620.449
129	628.690	603.360	562.173	584.213	566.161	597.527	610.050	618.997	617.869	613.459	620.231
130	607.582	590.571	564.838	570.953	553.153	596.162	611.207	625.542	623.201	624.948	612.817
131	608.399	591.318	570.285	574.511	570.947	599.599	616.261	623.966	619.075	611.587	612.565
132	614.197	599.457	569.441	575.780	569.883	593.299	619.929	605.972	623.248	600.976	608.837
133	617.382	601.828	557.343	578.575	573.043	596.485	605.272	618.099	604.193	591.604	605.753
134	612.755	605.128	565.960	568.190	574.338	581.700	593.357	604.359	601.678	611.684	604.685
135	607.052	600.753	563.644	570.452	574.835	585.383	603.971	597.863	603.550	607.544	608.086
136	609.024	578.884	553.427	558.975	576.444	588.260	601.007	612.667	607.945	610.668	605.118
137	615.995	582.306	557.620	555.514	566.224	588.919	604.745	603.941	607.883	604.456	606.781
138	614.298	583.253	555.132	555.364	558.915	574.575	603.873	613.296	596.613	588.114	604.687
139	599.784	581.713	557.882	551.853	555.066	572.150	584.461	612.961	600.188	577.624	597.279
140	607.425	578.785	558.604	565.591	559.596	569.094	596.974	590.228	597.122	587.900	594.831
141	613.759	580.217	552.376	555.279	547.152	578.925	593.379	598.835	583.938	586.425	597.316
142	603.493	584.608	560.862	560.112	548.080	578.848	592.664	610.885	602.391	586.626	594.797
143	610.256	581.113	555.920	547.739	562.042	576.901	578.129	597.202	594.144	605.484	584.897
144	593.752	575.315	546.582	543.410	557.279	574.097	571.391	603.509	598.031	585.417	572.600
145	592.195	579.587	533.499	540.283	562.587	564.237	576.020	589.854	577.157	588.365	574.862
146	588.531	581.637	544.726	552.515	556.315	567.687	583.127	584.295	574.048	575.131	586.412
147	580.363	575.617	537.808	551.882	550.242	565.670	575.362	582.733	578.230	587.050	582.643
148	595.746	573.986	541.620	551.608	541.877	547.472	577.566	591.600	587.838	574.538	580.447
149	583.248	574.452	546.327	545.733	542.126	558.257	576.780	589.384	585.197	579.374	592.447
150	589.615	570.838	541.762	535.094	547.082	561.178	571.789	586.458	581.177	566.322	586.949
151	586.403	561.396	538.625	541.499	539.046	558.610	578.417	575.510	586.446	566.453	580.321
152	569.318	568.458	543.458	546.703	553.303	567.156	592.111	578.971	577.903	579.634	582.333
153	588.106	568.928	539.017	541.768	545.644	559.345	573.715	574.952	565.291	572.511	566.868
154	574.851	572.209	535.029	548.556	546.300	571.646	584.120	578.788	590.901	574.210	578.185
155	578.235	556.696	538.628	531.130	542.445	559.122	580.456	577.575	568.119	571.035	559.902
156	568.430	571.288	540.094	528.770	534.618	554.107	579.363	570.453	576.351	558.091	564.908
157	576.649	570.286	527.920	533.202	527.851	548.985	572.524	572.839	563.308	548.591	570.083
158	587.272	567.378	530.989	550.697	531.243	554.639	573.339	585.782	567.777	578.017	571.818
159	580.765	577.214	535.231	534.723	537.258	562.336	570.945	577.589	569.097	561.824	572.664
160	578.561	559.642	520.751	543.545	527.392	559.465	563.476	565.034	568.621	574.477	571.753
161	588.491	557.387	528.667	540.566	536.113	554.151	563.870	573.173	572.059	560.542	574.704
162	581.052	558.182	537.747	538.951	537.428	555.697	567.491	571.294	583.246	555.626	570.889
163	578.357	547.504	534.643	533.546	515.976	543.250	542.611	580.608	578.912	568.941	590.081
164	569.737	556.219	535.690	529.660	528.102	553.781	557.658	565.947	579.904	563.145	550.257
165	575.899	552.914	525.377	538.542	535.441	562.445	560.814	555.188	562.238	562.975	552.339
166	582.802	550.633	537.134	527.134	530.892	566.323	575.010	569.340	570.420	566.936	564.817
167	580.703	558.990	538.666	530.330	522.543	546.902	571.937	578.068	554.092	561.218	563.013
168	574.918	567.354	526.506	525.352	526.681	545.938	554.088	562.164	558.121	557.844	571.565
169	576.499	559.916	521.838	531.308	543.495	544.651	549.813	557.510	553.203	561.143	566.389
170	570.631	553.917	536.037	531.051	540.587	554.786	544.399	567.162	559.094	575.972	565.846
171	561.630	547.025	524.943	530.167	529.570	546.009	557.199	563.813	552.633	562.952	557.503
172	562.178	556.208	519.908	531.494	526.653	553.209	554.737	559.260	560.307	566.468	571.255
173	568.426	555.890	518.175	526.171	517.553	550.052	552.864	562.574	565.506	555.720	558.714
174	560.813	538.595	515.615	525.563	515.902	528.492	542.706	552.202	562.263	553.245	550.761
175	564.011	548.406	520.851	521.571	514.744	537.950	550.355	552.745	563.477	537.243	549.521
176	569.025	539.335	529.356	525.640	524.403	544.265	553.693	559.959	568.356	551.393	564.952
177	560.006	549.259	512.061	519.996	525.236	544.734	556.379	563.547	558.948	557.141	562.033
178	550.706	540.644	514.192	519.110	513.677	539.575	564.645	550.564	551.427	539.950	556.665
179	565.624	531.593	520.533	518.727	522.566	544.864	556.478	554.048	551.040	551.378	556.637
180	553.592	543.644	517.987	524.464	525.068	544.628	556.086	540.757	541.134	545.878	546.999
181	558.010	537.694	522.267	511.926	523.748	537.885	546.225	541.253	544.700	549.773	547.619
182	548.100	529.845	525.696	517.761	526.187	533.825	554.174	541.864	553.037	553.685	549.970
183	569.349	534.577	521.566	525.767	530.738	522.729	553.418	560.424	555.068	538.338	554.005
184	570.573	529.263	511.070	517.450	529.263	531.953	546.059	544.369	541.996	556.139	547.876
185	556.500	526.620	524.759	515.928	512.202	541.089	535.679	547.032	541.562	557.902	547.120
186	550.770	531.950	520.555	520.917	518.679	535.754	543.636	543.780	544.125	552.748	537.929
187	565.668	545.091	517.805	512.367	511.617	537.123	536.221	550.845	552.272	548.564	533.212
188	560.965	529.134	508.215	501.132	512.835	528.312	533.458	541.721	529.736	538.002	545.037
189	550.526	526.619	518.606	515.269	512.466	523.582	545.821	548.071	538.602	547.154	543.608
190	552.663	524.542	507.585	517.950	503.829	531.427	539.196	553.660	542.871	538.565	544.683
191	558.835	532.004	504.336	498.799	512.109	539.876	539.381	538.802	549.407	540.174	547.366
192	561.662	521.505	501.204	512.268	508.270	531.418	543.796	543.863	532.092	527.204	551.383
193	559.237	524.910	511.895	507.814	513.320	520.175	543.749	546.955	539.043	536.803	537.759
194	548.627	516.807	515.025	506.929	516.651	510.079	543.159	533.113	546.811	540.049	539.132
195	543.811	530.348	508.670	514.443	514.491	530.149	529.791	526.101	531.177	526.590	531.724
196	547.748	528.328	511.463	514.325	512.606	538.422	528.388	538.386	530.723	533.187	541.011
197	548.385	529.163	508.883	508.907	509.325	526.118	526.011	537.337	547.844	533.447	542.536
198	544.097	513.434	496.136	507.837	506.129	513.387	535.766	547.166	545.552	535.527	547.123
199	545.123	512.348	496.764	508.155	515.396	510.492	554.922	538.722	539.018	541.420	542.319
200	549.575	519.463	495.863	506.170	501.239	520.322	548.325	536.511	524.241	536.104	536.221
201	548.476	510.342	493.333	504.425	500.399	526.488	527.814	533.774	527.865	528.970	532.178
202	543.370	518.875	506.257	508.045	516.603	525.453	531.714	527.345	533.940	531.246	538.691
203	551.213	511.057	505.968	515.692	503.885	524.342	533.136	531.005	543.901	522.727	534.333
204	547.235	513.367	500.530	502.054	504.698	521.894	519.839	532.529	539.511	523.563	533.427
205	542.631	515.026	505.171	502.512	507.038	522.215	532.581	526.733	531.219	540.583	527.986
206	552.078	516.711	514.363	507.288	503.602	522.114	522.417	522.334	535.139	534.894	533.975
207	543.651	502.085	501.207	505.717	501.615	526.523	531.491	526.858	541.376	527.128	527.881
208	529.895	508.138	493.246	504.434	499.684	519.460	512.129	532.905	537.710	513.716	538.801
209	531.402	515.733	499.558	503.577	505.619	508.643	532.517	517.619	527.666	527.208	536.731
210	537.727	512.090	501.514	507.865	492.732	520.350	530.668	529.684	526.708	524.542	534.409
211	543.956	512.769	501.834	487.402	495.065	508.146	514.980	531.721	522.474	521.289	535.379
212	542.268	516.074	499.952	498.944	511.746	519.897	529.613	520.955	524.386	521.860	534.994
213	536.863	518.093	494.867	498.170	507.897	513.218	529.376	517.547	524.389	519.865	527.867
214	537.011	508.901	493.532	489.258	496.697	519.170	516.553	529.835	519.972	532.903	532.057
215	541.440	502.376	494.870	496.560	495.741	511.634	527.489	531.520	518.118	526.943	523.930
216	525.988	509.753	487.683	494.055	494.113	512.742	523.132	539.002	524.530	527.166	527.153
217	527.318	512.176	488.703	485.449	493.687	518.008	517.922	528.320	528.197	512.308	532.309
218	527.699	514.585	487.366	497.639	495.936	509.672	524.528	519.443	531.038	503.089	526.545
219	532.682	499.931	493.085	494.243	498.921	508.764	513.928	526.197	523.992	515.225	525.854
220	540.755	509.114	503.024	498.795	496.417	510.072	500.367	527.560	520.139	519.716	526.617
221	536.604	507.234	497.039	488.264	493.935	496.050	531.701	523.371	507.785	514.575	522.773
222	527.395	506.393	487.798	495.618	509.335	525.439	532.117	523.771	513.307	522.322	518.806
223	531.002	512.435	483.165	493.018	503.886	514.267	515.215	511.233	513.374	507.497	518.465
224	530.872	507.203	484.582	497.976	500.703	508.757	520.233	516.732	528.520	510.600	523.881
225	533.585	509.363	493.231	500.826	491.871	506.068	517.789	518.068	513.439	518.454	514.395
226	542.976	511.220	484.560	493.953	484.639	507.464	518.432	505.050	521.814	515.870	530.919
227	526.300	502.515	488.208	487.999	484.226	511.685	520.655	514.224	522.081	510.807	526.180
228	526.658	500.845	483.122	493.282	487.726	512.102	525.179	520.548	516.256	515.308	526.279
229	529.147	504.403	489.548	487.528	492.231	508.237	516.862	519.330	513.596	515.883	531.649
230	528.073	501.219	483.129	493.698	505.049	518.896	514.317	516.568	516.128	507.780	509.478
231	530.255	505.305	487.473	486.085	507.892	501.141	509.745	525.400	518.415	504.939	524.448
232	530.752	508.747	483.909	487.874	488.151	496.035	509.389	513.736	510.196	509.470	504.315
233	526.544	497.884	481.519	489.496	505.252	498.176	506.371	504.300	508.167	501.134	515.976
234	534.790	485.445	487.666	486.063	503.479	504.821	514.744	505.499	517.122	513.542	510.948
235	537.022	506.806	493.734	493.347	493.353	500.427	525.333	506.449	519.602	520.635	513.356
236	527.705	510.302	497.097	490.280	490.940	506.423	521.084	517.430	504.898	513.204	525.643
237	532.872	516.159	481.773	485.459	494.579	502.829	508.203	509.987	509.119	513.317	512.526
238	518.146	500.439	487.204	486.458	479.968	500.136	506.640	506.697	507.688	502.071	505.817
239	526.253	508.762	493.590	481.039	481.302	488.738	523.534	512.854	512.708	515.739	514.993
240	525.436	508.261	482.182	486.487	498.875	513.728	518.959	507.301	521.204	518.668	524.752
241	530.683	502.892	486.192	477.737	494.715	502.184	508.885	509.054	508.188	514.499	515.473
242	529.413	504.490	477.532	479.165	484.606	498.328	503.743	500.502	521.109	500.655	506.928
243	521.122	505.610	490.625	486.155	481.212	500.296	497.497	500.881	521.513	510.724	504.741
244	513.301	502.094	485.955	482.895	482.164	503.791	505.104	509.278	506.946	511.900	509.737
245	513.290	498.835	481.366	477.896	488.517	490.214	508.110	508.772	509.526	510.220	511.601
246	512.007	488.038	483.311	483.136	480.249	489.725	499.024	507.222	510.589	510.846	511.209
247	514.640	495.770	483.042	482.260	488.578	493.694	503.231	509.649	507.762	504.544	508.670
248	523.866	495.413	481.458	480.138	489.565	496.981	504.914	513.033	496.613	514.880	511.764
249	526.992	498.632	474.482	476.613	487.794	496.322	506.179	513.473	516.230	511.565	521.223
250	526.982	488.817	477.566	495.044	491.449	499.955	513.151	508.353	511.331	500.222	503.155
251	525.969	487.824	475.987	486.332	480.299	500.820	504.331	506.496	503.049	500.844	502.541
252	518.605	509.258	478.730	477.165	487.876	493.911	502.548	485.065	506.806	512.227	510.291
253	519.260	507.812	486.335	485.587	483.445	501.323	513.464	492.457	509.226	504.587	513.518
254	528.564	494.489	478.864	490.217	484.032	505.356	501.307	508.219	513.227	501.912	511.822
255	517.264	496.965	478.483	483.479	479.652	500.778	498.928	513.211	511.898	493.038	506.892
256	514.144	490.059	480.528	484.059	475.130	498.041	502.330	508.345	512.786	493.034	517.680
257	519.844	496.236	472.826	484.165	475.503	488.360	500.385	503.144	510.132	502.807	509.383
258	523.303	489.221	480.620	478.060	473.715	495.086	510.118	497.137	512.178	498.860	509.760
259	517.265	485.677	483.180	467.555	478.627	488.736	506.988	496.097	509.913	500.104	514.479
260	517.565	493.022	489.356	481.465	477.675	495.551	501.353	499.407	506.835	497.019	502.500
261	504.877	486.423	471.588	474.718	480.414	490.909	511.021	504.013	496.539	510.728	501.649
262	521.973	497.653	477.476	471.365	488.817	493.935	507.728	501.193	510.670	515.968	503.548
263	519.269	492.149	478.122	475.131	481.792	489.329	502.072	495.571	507.311	491.485	507.852
264	503.154	482.429	476.214	481.192	477.342	503.275	494.356	498.043	498.989	500.585	511.245
265	497.141	475.796	471.034	479.799	473.557	493.576	505.663	497.956	490.235	498.195	510.717
266	510.848	483.241	463.047	466.932	480.848	488.323	506.677	501.359	496.434	496.976	507.422
267	506.729	488.001	473.789	479.538	491.890	487.442	494.549	502.474	507.385	499.502	496.573
268	500.365	478.546	467.925	474.611	484.296	488.601	497.570	498.768	505.815	506.530	492.057
269	511.086	486.824	471.476	471.296	479.015	493.624	501.642	504.613	508.847	499.015	506.121
270	519.982	488.920	466.635	467.653	472.522	494.403	505.298	496.646	495.261	503.830	504.201
271	521.649	499.938	470.013	474.506	475.761	490.686	492.140	509.133	496.599	505.286	494.318
272	522.272	485.981	466.302	475.665	459.863	495.172	486.711	496.871	497.763	502.591	499.133
273	520.384	496.830	462.255	465.668	474.310	487.903	496.297	489.939	494.845	491.499	503.213
274	516.122	489.254	466.429	473.413	465.220	494.531	503.666	498.848	490.277	490.983	509.923
275	508.375	488.128	479.319	465.326	473.430	499.146	492.808	500.992	489.717	496.541	510.623
276	509.257	491.174	487.851	466.662	480.077	492.179	495.530	505.520	489.528	498.260	500.422
277	513.434	485.059	477.922	480.171	471.959	492.110	479.668	508.089	495.388	494.481	488.806
278	509.673	484.121	473.095	478.010	483.080	492.880	499.725	487.299	504.089	488.193	502.709
279	506.300	483.156	463.325	469.985	480.646	492.096	501.850	496.937	485.527	490.698	494.520
280	512.801	484.061	473.717	456.348	482.393	479.181	493.941	492.761	493.624	492.598	490.295
281	505.541	484.596	477.440	466.782	482.456	483.238	491.061	494.464	494.035	485.894	491.570
282	502.906	476.352	483.124	466.852	482.353	494.503	492.725	501.635	492.405	494.401	507.561
283	502.518	487.903	469.593	470.066	471.721	492.094	487.636	493.323	491.387	486.477	510.596
284	498.092	485.674	475.355	478.754	476.341	489.675	496.492	494.038	496.988	503.180	498.612
285	506.210	486.367	465.868	471.015	466.917	489.027	502.752	489.695	497.218	492.946	497.008
286	499.174	474.778	467.127	467.602	472.587	499.543	501.119	498.491	494.110	496.368	493.118
287	500.265	476.991	475.049	460.282	486.066	488.600	499.814	489.226	489.103	506.356	494.342
288	498.926	479.024	457.703	461.603	478.852	481.211	487.754	494.026	494.852	489.380	495.584
289	504.539	476.739	467.126	463.331	474.007	485.263	493.466	494.299	488.740	496.858	498.271
290	505.663	478.590	467.502	469.124	470.384	493.390	495.728	495.902	498.863	493.738	491.558
291	503.239	486.857	462.358	466.355	460.604	493.774	494.437	498.757	500.189	494.966	497.697
292	491.844	491.590	463.080	467.870	468.389	490.918	494.320	500.120	504.660	486.962	490.995
293	491.695	472.890	459.228	475.144	470.477	482.175	491.485	500.742	484.956	492.607	487.742
294	491.764	469.165	459.291	464.098	468.507	486.444	497.489	494.205	485.903	496.724	495.876
295	509.121	462.545	470.269	466.780	471.388	476.996	497.624	485.341	504.792	491.151	498.997
296	498.680	466.007	460.879	467.480	473.877	478.175	494.709	490.595	491.931	479.605	491.525
297	495.424	469.498	456.162	462.080	463.014	475.515	487.232	497.807	488.263	483.155	491.235
298	496.807	471.005	469.753	455.898	459.394	476.765	480.762	498.949	482.670	478.203	487.551
299	506.227	467.797	472.144	476.554	463.190	486.017	491.626	491.515	480.704	486.283	485.296
300	504.669	475.256	452.903	467.318	473.350	481.721	488.067	481.340	495.659	482.541	489.163
301	490.639	481.606	467.041	467.801	469.400	476.540	485.685	496.302	475.203	484.586	485.588
302	500.593	480.171	456.916	462.524	464.310	488.144	482.085	498.772	480.453	481.806	476.546
303	505.938	471.507	470.316	463.834	475.272	478.598	493.365	491.339	496.974	493.602	488.245
304	493.802	465.373	466.939	470.708	457.382	481.880	489.590	494.405	488.167	481.989	491.009
305	489.785	478.037	475.564	477.989	471.832	497.950	504.723	495.722	487.072	484.169	487.442
306	496.686	472.870	477.186	478.633	463.538	486.404	495.103	490.277	485.058	484.142	486.151
307	498.425	488.914	463.792	470.161	457.000	481.828	498.965	491.679	484.508	479.944	486.478
308	494.837	480.833	463.882	463.182	466.417	480.187	488.211	483.114	481.933	473.732	479.135
309	496.182	477.039	467.733	461.120	466.380	484.563	477.111	482.227	497.612	488.789	483.635
310	491.767	473.736	470.702	469.427	468.925	476.147	479.320	486.948	491.089	486.787	491.457
311	487.866	483.842	465.420	476.637	461.888	484.663	486.278	503.236	484.763	481.945	492.259
312	487.689	475.177	459.967	471.396	463.271	481.987	487.547	488.326	491.663	481.975	488.431
313	488.689	472.118	462.034	473.190	469.330	482.403	489.210	480.821	490.596	488.851	483.679
314	498.834	485.259	466.860	471.429	467.073	479.049	484.602	484.103	489.459	482.988	477.531
315	497.374	478.485	468.264	463.262	478.776	494.435	490.218	484.005	491.673	482.370	472.838
316	488.319	480.340	460.482	467.236	465.160	486.840	478.541	478.703	485.995	481.884	484.549
317	485.481	471.731	458.124	477.247	459.378	475.994	469.806	478.301	487.079	472.776	495.658
318	490.905	463.267	465.541	470.957	461.880	471.089	477.807	480.080	494.819	486.042	478.822
319	487.171	467.115	457.815	471.405	462.231	482.056	482.503	486.731	484.467	477.161	480.689
320	495.095	471.246	457.610	460.693	466.792	488.078	481.231	484.367	479.597	469.833	490.471
321	495.352	467.304	456.044	457.381	469.545	484.190	483.359	486.533	484.639	475.014	493.273
322	483.808	462.464	447.995	462.152	469.130	480.930	478.176	477.660	488.264	474.905	476.206
323	485.988	475.845	452.707	455.991	467.735	473.984	478.088	481.102	485.649	478.552	483.684
324	475.262	478.152	450.825	458.955	466.569	480.080	472.953	477.193	497.000	471.713	480.094
325	476.007	462.246	457.611	456.229	459.836	474.070	476.101	483.716	480.111	476.867	489.250
326	478.404	469.084	464.753	462.596	462.035	471.866	479.294	491.398	477.661	483.756	479.533
327	485.520	473.007	451.452	461.236	459.082	484.117	467.661	478.204	482.996	479.695	486.318
328	487.939	467.515	461.458	460.719	458.148	483.202	462.467	468.086	471.975	487.631	482.254
329	486.489	476.213	464.259	466.643	464.498	471.901	470.577	488.431	471.324	479.594	469.906
330	481.430	463.963	457.021	452.208	464.164	482.329	475.995	486.266	477.898	474.229	473.281
331	475.793	475.033	446.123	455.346	465.392	479.197	477.665	484.921	482.866	479.063	474.042
332	479.656	466.715	446.597	452.622	459.812	469.344	483.784	483.849	485.222	476.245	477.608
333	481.568	476.360	452.185	459.914	470.788	475.835	473.887	480.358	490.301	470.219	478.880
334	480.348	469.420	451.882	460.937	460.131	472.257	473.475	481.913	480.049	472.674	468.194
335	479.494	473.077	449.075	462.463	446.630	469.957	477.683	480.068	479.141	481.335	466.755
336	492.228	468.294	459.376	469.169	451.518	471.491	471.601	472.144	480.366	472.336	483.639
337	488.269	459.658	463.490	474.074	459.682	462.099	476.787	467.599	483.421	473.642	480.881
338	483.624	455.027	447.347	467.651	458.542	453.507	473.362	465.228	474.834	470.908	477.786
339	486.432	456.150	453.529	456.475	460.995	456.101	468.540	474.984	472.259	482.547	477.044
340	485.773	465.049	450.066	449.503	455.436	467.235	465.939	462.316	481.192	461.256	471.981
341	482.571	470.501	451.799	458.685	448.119	468.941	481.064	473.576	476.905	471.680	477.674
342	470.020	463.515	457.646	465.216	455.197	472.624	480.588	467.314	476.031	474.075	488.987
343	480.516	463.258	459.787	453.014	450.781	462.420	476.130	465.425	476.278	466.840	481.188
344	486.691	457.922	455.378	455.305	454.975	476.687	471.601	467.912	470.115	462.925	474.622
345	491.997	469.558	460.153	454.903	457.376	462.654	466.268	472.833	470.687	476.830	465.487
346	495.106	474.795	453.589	457.211	457.061	457.871	482.986	473.526	476.761	469.755	470.850
347	487.252	465.794	448.895	455.458	459.974	469.942	476.310	475.803	477.607	465.125	475.360
348	481.584	459.106	449.259	448.159	463.680	464.481	479.323	477.061	475.417	466.628	471.497
349	478.304	461.118	444.283	455.607	452.750	470.441	477.998	470.780	470.200	463.142	473.412
350	477.772	456.087	451.351	466.413	453.995	471.870	480.820	471.672	472.072	478.227	480.165
351	482.367	454.907	449.446	463.891	450.687	471.391	476.068	472.562	476.189	462.506	466.255
352	484.618	459.587	451.073	455.242	451.047	463.410	470.049	465.539	476.865	457.929	473.817
353	481.510	456.568	451.613	458.571	454.046	462.786	471.663	459.509	472.538	454.929	473.862
354	477.274	465.345	454.252	452.899	455.873	466.358	473.910	462.207	475.963	466.878	481.898
355	491.112	464.084	459.542	459.752	456.662	465.146	472.771	472.631	465.266	463.061	474.237
356	473.776	460.721	452.403	454.711	459.114	467.771	471.016	466.331	468.654	463.731	459.180
357	470.970	462.808	449.632	452.977	454.526	461.760	474.350	467.492	468.197	459.019	468.353
358	475.382	452.402	449.551	459.139	455.156	464.616	458.923	466.189	473.150	453.758	467.952
359	480.213	457.549	450.158	452.109	457.419	463.811	458.584	467.866	468.586	461.546	471.388
360	471.404	451.141	445.588	450.857	451.200	463.740	461.270	474.951	464.956	476.713	468.273
361	475.708	461.994	448.838	470.460	454.334	468.953	459.958	474.098	463.290	473.183	459.216
362	479.020	463.335	446.131	463.743	451.577	470.289	464.002	463.713	462.061	474.034	465.222
363	479.864	464.212	448.863	457.296	451.191	465.733	466.746	467.677	472.551	472.509	475.958
364	485.255	447.756	447.429	448.422	465.374	461.755	460.468	466.110	466.238	468.120	474.651
365	479.215	451.421	439.602	462.885	448.765	464.660	457.226	473.877	473.016	467.780	457.815
366	474.524	458.397	439.533	450.783	456.122	472.279	456.824	467.624	477.992	469.891	467.651
367	462.659	459.618	442.513	450.061	458.333	465.438	460.728	470.646	463.652	458.587	459.000
368	477.281	443.537	451.595	447.128	469.267	470.375	464.308	465.935	465.061	456.102	475.471
369	482.954	455.642	453.137	450.509	460.217	468.565	465.710	465.910	457.888	462.395	474.148
370	473.598	458.751	453.085	459.182	453.559	459.840	466.224	455.900	458.036	466.134	474.620
371	467.221	459.159	447.192	453.630	454.955	461.268	473.266	465.966	464.463	459.083	468.446
372	476.252	444.823	443.329	451.293	447.596	466.476	471.780	462.756	478.017	457.052	458.362
