 	Profile_Slice_1	Profile_Slice_2	Profile_Slice_3	Profile_Slice_4	Profile_Slice_5	Profile_Slice_6	Profile_Slice_7	Profile_Slice_8	Profile_Slice_9
1	2246.000	2246.000	2368.000	2291.000	2296.000	2339.000	2523.000	2399.000	2320.000
2	2322.934	2322.934	2294.415	2334.467	2322.351	2295.102	2485.343	2341.002	2323.920
3	2313.030	2313.030	2309.775	2413.452	2373.195	2345.331	2391.953	2386.259	2350.286
4	2354.906	2354.906	2338.784	2343.467	2425.976	2364.201	2465.368	2363.278	2264.658
5	2346.141	2346.141	2344.915	2414.106	2414.818	2303.011	2468.244	2423.688	2313.002
6	2401.012	2401.012	2384.456	2453.595	2394.132	2322.398	2482.554	2395.473	2347.601
7	2333.794	2333.794	2351.430	2511.332	2348.370	2341.327	2556.057	2341.150	2278.653
8	2306.594	2306.594	2357.336	2449.429	2404.550	2405.913	2660.964	2362.727	2327.490
9	2504.186	2504.186	2506.346	2449.427	2537.540	2416.549	2542.725	2415.336	2367.149
10	2447.020	2447.020	2515.088	2523.321	2546.135	2415.771	2585.846	2336.810	2373.981
11	2495.258	2495.258	2587.967	2553.281	2463.106	2392.649	2540.671	2258.960	2416.606
12	2545.575	2545.575	2503.360	2546.903	2394.774	2398.313	2515.650	2325.676	2478.471
13	2461.600	2461.600	2464.656	2533.121	2446.138	2460.812	2449.009	2330.368	2347.464
14	2492.776	2492.776	2496.320	2536.395	2457.373	2453.449	2447.935	2406.239	2370.075
15	2536.806	2536.806	2618.285	2516.178	2454.266	2465.237	2539.805	2422.501	2390.597
16	2565.419	2565.419	2605.944	2548.170	2462.652	2524.570	2534.822	2388.741	2429.128
17	2567.869	2567.869	2599.042	2570.482	2503.509	2538.382	2558.783	2451.166	2467.316
18	2594.930	2594.930	2606.210	2555.835	2502.584	2521.944	2465.544	2433.755	2471.472
19	2681.651	2681.651	2736.792	2579.497	2496.265	2480.630	2466.632	2455.711	2512.268
20	2526.454	2526.454	2587.041	2589.070	2557.877	2441.021	2468.772	2422.772	2538.387
21	2811.209	2811.209	2586.387	2505.184	2522.948	2483.325	2455.245	2388.416	2523.871
22	2668.531	2668.531	2663.724	2655.628	2505.034	2505.378	2497.404	2404.114	2564.311
23	2649.177	2649.177	2688.136	2575.629	2543.681	2463.279	2471.398	2445.317	2608.882
24	2670.077	2670.077	2634.441	2575.241	2523.553	2416.696	2352.300	2495.606	2572.554
25	2669.559	2669.559	2618.587	2558.969	2497.554	2476.787	2407.593	2474.264	2485.106
26	2624.191	2624.191	2569.535	2571.490	2506.805	2469.328	2339.983	2448.807	2503.784
27	2599.537	2599.537	2647.856	2593.846	2522.668	2476.759	2279.045	2410.711	2538.146
28	2657.068	2657.068	2662.116	2536.102	2601.478	2511.074	2313.181	2415.059	2452.520
29	2694.144	2694.144	2628.811	2530.718	2528.004	2503.385	2390.827	2422.967	2580.598
30	2742.961	2742.961	2582.379	2536.552	2484.648	2418.026	2229.832	2396.966	2558.661
31	2826.703	2826.703	2560.271	2339.947	2651.662	2426.609	2335.394	2475.988	2653.227
32	2751.599	2751.599	2657.738	2470.205	2491.453	2464.865	2347.881	2447.235	2500.610
33	2678.120	2678.120	2678.127	2491.537	2548.955	2466.176	2270.394	2452.296	2532.062
34	2634.022	2634.022	2630.388	2539.938	2546.165	2466.172	2262.374	2431.476	2499.517
35	2603.088	2603.088	2611.518	2504.794	2526.089	2425.357	2215.701	2393.058	2435.293
36	2583.708	2583.708	2537.656	2468.447	2502.899	2458.298	2167.111	2436.454	2508.165
37	2577.600	2577.600	2544.870	2451.782	2501.332	2433.300	2170.406	2395.117	2558.801
38	2518.217	2518.217	2525.132	2428.594	2529.695	2407.341	2215.654	2363.682	2568.304
39	2599.087	2599.087	2502.585	2338.321	2526.748	2433.612	2191.932	2374.830	2619.631
40	2567.455	2567.455	2508.691	2317.276	2477.144	2377.003	2137.578	2438.651	2458.349
41	2561.745	2561.745	2447.780	2428.284	2483.090	2448.503	2227.713	2407.806	2476.445
42	2549.155	2549.155	2479.403	2371.273	2479.475	2325.584	2168.682	2439.768	2456.764
43	2760.154	2760.154	2492.937	2326.241	2462.578	2252.340	2218.201	2407.285	2417.346
44	2932.904	2932.904	2425.162	2338.327	2366.334	2282.156	2220.810	2422.219	2449.707
45	3189.176	3189.176	2555.379	2429.036	2413.435	2299.667	2278.290	2528.024	2487.658
46	3356.384	3356.384	2818.453	2337.824	2364.525	2318.313	2274.045	2596.813	2478.982
47	3321.977	3321.977	3107.807	2365.489	2302.740	2252.654	2251.673	2603.084	2474.371
48	3180.458	3180.458	3381.796	2433.121	2251.468	2285.429	2306.657	2582.043	2468.313
49	2957.993	2957.993	3508.191	2465.069	2332.644	2293.839	2299.525	2495.911	2494.423
50	2924.874	2924.874	3536.984	2633.668	2286.270	2371.006	2334.928	2524.023	2489.195
51	2765.147	2765.147	3553.097	2984.298	2271.845	2310.331	2387.077	2719.018	2337.184
52	2548.366	2548.366	3307.656	3176.054	2424.031	2376.081	2412.574	3026.831	2406.801
53	2513.301	2513.301	2978.660	3479.326	2356.794	2343.754	2324.557	3402.295	2463.053
54	2456.356	2456.356	2795.216	3535.963	2338.898	2362.286	2386.837	3718.033	2471.658
55	2356.678	2356.678	2688.513	3556.890	2357.557	2404.543	2405.542	3814.493	2675.447
56	2205.349	2205.349	2515.254	3283.236	2455.108	2606.656	2502.103	3765.933	2903.011
57	2085.977	2085.977	2378.567	3006.403	2639.163	2795.781	2708.502	3564.541	3083.222
58	1961.575	1961.575	2246.207	2879.080	2923.776	3060.322	2996.910	3211.561	3346.257
59	1931.028	1931.028	2147.375	2841.330	3208.493	3406.146	3177.880	2935.771	3507.049
60	1940.704	1940.704	1963.691	2553.820	3359.486	3588.683	3353.027	2805.517	3196.396
61	1764.472	1764.472	1932.347	2411.002	3468.669	3470.135	3377.758	2727.655	3021.790
62	1683.693	1683.693	1843.535	2263.244	3372.207	3413.769	3336.617	2597.627	2845.401
63	1634.994	1634.994	1792.753	2136.308	3154.220	3047.942	3072.429	2541.951	2614.544
64	1611.346	1611.346	1660.645	2075.724	2856.446	2848.194	2874.429	2364.665	2461.212
65	1540.443	1540.443	1616.586	1964.467	2616.924	2593.672	2728.863	2271.636	2305.729
66	1535.522	1535.522	1558.029	1852.907	2393.979	2333.689	2571.982	2109.067	2136.892
67	1470.630	1470.630	1558.271	1735.668	2230.184	2246.891	2399.963	2011.929	2030.280
68	1434.670	1434.670	1571.573	1684.758	2159.686	2138.040	2262.414	1972.690	1817.050
69	1405.700	1405.700	1469.651	1676.580	1986.441	1993.531	2172.675	1840.654	1822.947
70	1391.855	1391.855	1530.866	1637.098	1851.602	1961.182	1992.568	1753.825	1758.562
71	1334.232	1334.232	1425.339	1504.093	1815.354	1873.987	1941.611	1715.519	1700.806
72	1298.865	1298.865	1360.739	1511.844	1689.766	1753.564	1907.814	1550.467	1573.668
73	1280.270	1280.270	1244.174	1496.794	1687.767	1725.233	1779.147	1575.604	1498.733
74	1218.504	1218.504	1261.098	1362.211	1554.541	1681.385	1732.325	1574.989	1522.674
75	1232.006	1232.006	1257.213	1315.829	1570.544	1614.243	1722.458	1488.045	1543.846
76	1217.440	1217.440	1265.368	1296.763	1618.178	1587.399	1628.773	1439.214	1499.115
77	1150.891	1150.891	1239.923	1283.796	1573.229	1558.063	1583.366	1451.845	1438.522
78	1143.024	1143.024	1148.133	1268.429	1427.746	1435.824	1471.379	1365.863	1467.163
79	1121.901	1121.901	1154.914	1200.173	1342.449	1449.217	1517.064	1337.412	1368.089
80	1083.717	1083.717	1116.037	1181.117	1389.250	1466.991	1451.292	1317.103	1373.875
81	1047.857	1047.857	1092.834	1200.554	1277.808	1353.551	1473.526	1350.815	1223.221
82	1032.396	1032.396	1073.989	1087.195	1374.809	1406.863	1426.286	1196.059	1177.509
83	1006.403	1006.403	1068.256	1115.660	1281.275	1334.868	1353.404	1204.206	1152.904
84	988.846	988.846	1013.931	1123.251	1201.365	1292.121	1277.180	1193.392	1097.697
85	969.515	969.515	962.603	1070.024	1184.377	1242.853	1276.371	1198.773	1091.986
86	962.477	962.477	929.953	1024.315	1190.884	1240.048	1271.469	1171.043	1104.918
87	921.572	921.572	938.955	957.084	1156.292	1250.468	1196.681	1132.501	1073.597
88	919.643	919.643	932.238	980.227	1128.831	1208.878	1146.765	1099.748	1011.200
89	877.727	877.727	878.425	1011.585	1097.082	1179.378	1095.341	1092.462	1027.302
90	929.012	929.012	920.538	955.695	1009.541	1200.652	1173.640	1038.340	1059.966
91	893.412	893.412	914.055	986.145	1021.590	1226.457	1144.945	978.620	1042.057
92	819.924	819.924	860.360	922.628	961.900	1148.953	1054.048	950.197	964.180
93	848.796	848.796	806.771	848.837	912.464	1076.264	1069.278	945.798	949.760
94	808.572	808.572	800.731	812.629	945.410	1038.897	1033.470	890.192	939.364
95	790.363	790.363	843.384	826.709	916.704	1023.053	1016.809	920.906	938.558
96	762.430	762.430	844.585	771.379	874.683	983.104	1012.084	895.327	927.708
97	774.176	774.176	773.162	790.521	883.833	972.744	935.867	876.171	892.902
98	808.946	808.946	751.816	764.979	919.458	949.654	903.272	882.061	884.707
99	773.975	773.975	717.155	812.321	855.613	899.516	926.288	900.400	857.888
100	707.915	707.915	720.306	835.471	801.231	936.020	952.206	822.337	817.237
101	749.607	749.607	826.191	768.941	806.379	936.232	914.231	881.661	815.021
102	700.033	700.033	772.959	730.739	800.161	888.294	881.406	850.283	774.170
103	705.339	705.339	715.601	770.348	787.811	863.620	894.111	795.502	790.704
104	679.898	679.898	676.081	697.662	784.692	847.028	849.848	789.700	774.164
105	671.542	671.542	675.109	685.131	768.558	831.374	847.435	775.901	787.496
106	675.265	675.265	683.376	676.266	747.874	792.435	831.371	765.009	744.242
107	666.822	666.822	682.453	686.058	777.155	748.080	778.184	703.260	738.856
108	646.244	646.244	660.424	650.980	764.358	751.396	786.137	730.615	732.702
109	653.331	653.331	637.933	657.923	739.150	770.209	769.754	756.943	702.501
110	661.779	661.779	614.959	661.770	684.067	793.039	794.889	809.207	702.909
111	637.082	637.082	591.751	701.488	689.694	708.979	716.423	686.040	711.031
112	630.792	630.792	625.334	706.857	724.655	703.334	710.440	643.159	678.790
113	599.396	599.396	618.806	668.557	682.121	703.120	674.553	680.050	671.462
114	615.845	615.845	605.602	614.198	689.269	693.721	684.628	688.925	632.096
115	619.701	619.701	588.758	601.466	667.440	660.272	661.030	659.391	622.070
116	570.712	570.712	599.913	594.820	673.400	659.303	635.295	661.040	621.044
117	545.882	545.882	598.392	560.499	643.525	667.597	599.745	630.871	585.203
118	577.400	577.400	594.763	616.045	636.675	668.245	626.200	649.477	609.862
119	622.339	622.339	570.024	587.829	664.647	655.052	659.716	607.829	608.523
120	543.578	543.578	545.349	533.250	607.450	636.156	642.048	662.694	666.518
121	582.097	582.097	548.592	521.100	595.664	628.823	642.051	583.921	573.892
122	580.977	580.977	559.330	608.605	609.287	626.591	579.566	546.754	564.632
123	520.013	520.013	563.682	561.138	606.402	635.156	625.594	567.588	619.221
124	532.126	532.126	532.323	529.751	589.332	651.456	614.204	568.753	617.726
125	553.012	553.012	505.740	543.599	544.118	625.675	604.677	573.840	589.233
126	542.865	542.865	525.559	544.623	571.659	602.207	598.254	583.749	587.150
127	519.885	519.885	519.724	536.641	555.607	567.725	600.962	552.982	536.676
128	531.658	531.658	507.958	500.323	563.144	619.276	584.516	554.468	528.854
129	530.961	530.961	492.172	528.597	561.395	572.048	586.009	578.808	526.394
130	542.518	542.518	467.562	531.885	539.189	571.239	562.795	542.956	485.198
131	548.235	548.235	476.559	501.286	543.702	599.571	565.322	511.673	569.426
132	513.050	513.050	500.561	488.614	527.838	570.724	542.653	521.069	514.956
133	461.491	461.491	482.261	496.925	510.754	529.779	563.579	529.041	493.856
134	494.567	494.567	517.446	502.786	533.110	554.464	539.133	536.070	534.627
135	463.738	463.738	534.819	527.033	508.962	547.930	512.958	525.448	524.028
136	460.913	460.913	505.845	536.888	489.402	511.225	530.275	519.005	500.647
137	485.371	485.371	475.362	485.329	507.165	529.246	532.000	536.487	488.059
138	478.716	478.716	454.175	480.253	502.060	526.339	517.849	520.425	505.639
139	473.932	473.932	454.584	478.193	472.934	472.712	495.976	485.566	446.451
140	502.000	502.000	482.000	475.000	463.000	507.000	461.000	563.000	529.000
141	3868.381	3868.381	4054.493	3837.781	3518.334	3350.368	2970.067	2782.204	3002.602
142	4045.887	4045.887	3964.326	3904.815	3617.309	3386.815	2998.058	2945.584	2987.554
143	4187.785	4187.785	4203.572	3904.666	3688.114	3475.570	3266.352	2998.275	3155.567
144	4319.214	4319.214	4209.524	3876.008	3717.897	3599.837	3358.744	3189.411	3315.590
145	4417.344	4417.344	4479.350	4014.688	3919.580	3708.724	3383.743	3381.643	3386.353
146	4614.583	4614.583	4679.487	4240.041	4133.368	3859.341	3534.116	3588.927	3590.318
147	4957.767	4957.767	5046.859	4513.663	4277.899	3936.152	3630.136	3708.656	3856.824
148	5198.528	5198.528	4989.495	4867.034	4423.867	4021.715	3604.284	3849.756	4211.974
149	5079.372	5079.372	5129.230	4957.977	4368.080	4022.525	3733.383	4021.196	4211.551
150	5098.514	5098.514	5052.088	5203.082	4409.569	4037.487	3892.030	4110.514	4225.968
151	5103.858	5103.858	5024.413	5282.440	4442.282	4216.476	4007.999	4210.950	4299.882
152	4955.759	4955.759	4911.467	5249.006	4554.880	4217.084	4246.210	4182.040	4390.245
153	4755.675	4755.675	4799.408	5186.115	4779.442	4303.832	4380.983	4305.826	4575.395
154	4651.797	4651.797	4718.256	5172.538	4813.031	4241.137	4481.913	4452.060	4668.029
155	4692.480	4692.480	4674.784	5155.281	4820.521	4432.491	4521.866	4728.890	4942.440
156	4751.084	4751.084	4703.183	4843.375	4777.888	4475.837	4564.367	4537.399	4816.910
157	4704.897	4704.897	4833.300	4732.308	4746.688	4400.509	4540.596	4610.085	4830.582
158	4762.320	4762.320	4738.934	4788.502	4550.341	4274.825	4348.461	4543.428	4468.836
159	4808.890	4808.890	4725.604	4826.692	4602.267	4363.828	4126.437	4426.537	4489.290
160	4706.771	4706.771	4719.565	4718.510	4700.919	4231.021	4057.707	4414.913	4481.027
161	4779.038	4779.038	4887.497	4786.605	4599.250	4200.826	4104.210	4268.480	4434.429
162	4850.328	4850.328	4930.016	4873.500	4687.891	4153.172	4131.344	4327.109	4315.344
163	4935.069	4935.069	4837.971	4833.893	4931.299	4184.970	4200.451	4406.521	4416.657
164	4902.951	4902.951	4874.435	4864.299	4770.125	4228.250	4006.956	4322.929	4408.642
165	4990.416	4990.416	4901.456	4876.518	4740.501	4169.714	4072.152	4209.841	4405.483
166	5063.717	5063.717	4948.431	4941.444	4682.203	4112.197	4039.504	3914.339	4503.351
167	5098.783	5098.783	4935.130	5013.015	4761.365	4340.119	4099.955	3969.912	4411.139
168	5087.368	5087.368	5017.036	5044.464	4783.637	4399.403	4102.403	3987.321	4313.418
169	5189.554	5189.554	5068.168	5090.448	4792.648	4409.112	4068.851	4062.310	4324.125
170	5403.403	5403.403	5069.353	5044.580	4728.163	4581.435	4033.899	4048.239	4386.603
171	5332.815	5332.815	5150.138	5037.440	4649.967	4539.016	4089.970	4074.930	4354.025
172	5316.179	5316.179	5222.005	4937.415	4578.354	4695.463	4126.105	4034.578	4266.382
173	5421.416	5421.416	5197.078	4920.951	4576.783	4771.242	4134.201	4034.881	4307.742
174	5585.360	5585.360	5221.538	4922.371	4699.627	4841.710	4064.696	4164.127	4279.082
175	5525.168	5525.168	5373.553	5016.109	4854.134	4743.594	3991.716	4241.159	4286.793
176	5697.905	5697.905	5475.488	5102.985	5002.651	4644.613	3903.806	4229.339	4420.081
177	5661.573	5661.573	5644.745	5166.597	5084.293	4484.524	4079.526	4201.667	4470.628
178	5688.505	5688.505	5553.682	5400.062	5187.327	4401.821	4197.547	4153.428	4305.864
179	5756.759	5756.759	5665.105	5476.350	5146.202	4381.039	4373.752	4172.989	4389.604
180	5903.401	5903.401	5720.599	5608.603	5144.890	4445.259	4320.059	4213.570	4481.744
181	5988.342	5988.342	5878.699	5729.991	5223.492	4792.915	4428.182	4397.942	4552.269
182	5903.570	5903.570	5962.945	5719.312	5348.911	4832.310	4429.736	4339.508	4735.341
183	6015.661	6015.661	6028.999	5764.919	5486.811	4815.955	4468.981	4357.069	4823.913
184	6092.407	6092.407	6276.493	5854.738	5608.837	4901.374	4544.066	4283.102	4847.036
185	6160.000	6160.000	6495.000	5973.000	5787.000	4930.000	4743.000	4669.000	4930.000
