 	Profile_Slice_1	Profile_Slice_2	Profile_Slice_3	Profile_Slice_4	Profile_Slice_5	Profile_Slice_6	Profile_Slice_7	Profile_Slice_8	Profile_Slice_9	Profile_Slice_10
1	540.041	541.167	548.608	534.137	522.967	540.131	532.446	540.175	545.031	535.596
2	535.059	544.352	550.692	538.993	528.465	535.533	527.957	531.671	543.479	533.053
3	533.087	550.694	541.789	538.070	543.956	543.544	541.537	546.188	554.233	540.036
4	541.082	550.064	547.274	539.190	536.473	545.125	540.400	532.166	543.744	540.350
5	541.602	544.984	547.922	523.650	538.021	537.219	543.732	536.955	555.623	546.850
6	544.945	546.958	542.987	525.075	547.800	529.683	528.095	536.878	546.837	538.555
7	528.220	545.003	535.807	535.168	551.305	537.448	520.672	546.513	556.748	542.416
8	531.270	544.841	535.883	547.103	541.765	534.093	524.921	540.458	558.224	541.511
9	540.078	554.513	540.024	539.086	545.755	537.831	536.808	544.984	560.290	538.033
10	529.580	541.288	530.445	534.314	541.927	539.725	527.175	550.695	554.794	537.352
11	541.097	542.506	534.319	540.375	544.087	542.183	539.292	543.567	549.674	527.289
12	534.171	534.854	536.598	544.044	540.291	543.203	538.665	552.912	552.295	545.104
13	543.001	539.739	537.267	532.695	538.033	538.799	540.405	549.012	550.271	548.250
14	541.646	540.436	536.790	544.598	524.908	532.739	535.911	546.627	546.285	539.316
15	540.633	563.965	556.329	540.041	542.519	544.254	546.692	557.188	549.049	528.745
16	543.980	554.128	549.998	549.042	549.074	549.514	554.404	546.234	553.589	534.881
17	543.054	552.719	542.897	550.674	540.438	538.727	540.540	542.447	558.070	543.142
18	545.846	545.948	547.379	551.270	540.030	558.295	550.913	543.407	556.661	544.270
19	552.251	544.837	543.549	537.221	547.064	544.780	539.607	538.992	558.622	555.958
20	545.006	553.090	543.522	544.578	535.679	556.543	543.052	550.116	553.342	544.291
21	555.654	553.123	535.665	542.831	542.759	553.504	543.061	548.694	561.252	548.934
22	557.838	544.656	542.725	531.961	546.545	535.136	534.922	536.727	547.869	530.915
23	555.622	542.430	548.995	544.479	542.432	553.864	535.962	545.287	558.342	528.196
24	550.550	543.762	541.496	530.887	536.419	539.854	537.157	541.112	553.797	534.930
25	555.787	558.327	549.122	545.028	534.865	549.546	549.272	546.372	570.932	557.781
26	551.145	562.409	561.290	528.401	531.000	550.464	559.370	555.751	566.325	548.496
27	544.521	557.609	546.744	549.254	543.044	546.563	562.964	555.534	552.861	549.042
28	556.454	557.175	544.549	545.732	555.602	539.267	557.329	558.448	560.682	537.728
29	549.191	553.570	550.078	546.438	556.858	543.526	555.256	568.464	568.931	549.490
30	560.864	542.053	553.382	548.933	548.010	557.946	556.603	548.523	566.192	561.356
31	555.088	558.543	542.070	557.487	543.276	547.997	560.152	549.065	566.266	553.223
32	561.821	564.564	556.629	553.400	545.052	539.545	566.145	556.365	572.037	552.102
33	546.661	551.166	557.052	544.015	554.902	552.744	559.903	553.530	564.018	546.296
34	540.113	564.011	550.020	542.880	553.015	554.667	559.084	551.300	564.680	560.261
35	544.134	554.918	547.430	545.333	550.396	544.366	558.336	550.965	557.777	552.747
36	540.031	546.534	567.554	551.061	558.370	541.061	553.522	551.451	562.361	551.433
37	544.252	564.087	552.304	552.354	556.099	552.575	549.454	554.020	554.989	541.218
38	559.121	555.912	561.306	554.242	555.984	561.373	562.451	566.647	560.962	547.438
39	560.674	566.131	556.284	557.171	561.552	561.043	560.136	547.191	578.533	539.238
40	557.289	559.425	541.889	534.157	553.705	552.984	546.951	551.979	570.202	546.872
41	540.086	559.224	560.888	557.255	562.547	558.769	551.102	555.256	579.945	576.145
42	544.694	560.157	559.081	564.028	556.731	548.825	559.007	552.763	569.846	559.629
43	557.361	567.292	559.467	551.595	543.576	555.009	561.374	566.944	567.542	552.594
44	563.672	559.415	561.356	555.410	548.117	556.349	572.073	554.514	585.409	562.008
45	547.780	558.104	571.553	570.939	551.618	561.953	561.982	552.341	575.506	564.101
46	546.563	562.633	558.663	557.831	557.780	554.234	559.519	562.405	562.163	562.167
47	561.071	569.714	573.387	562.617	564.625	569.411	566.230	556.063	567.571	578.559
48	561.305	563.937	572.730	556.055	561.118	566.554	555.538	556.333	581.035	559.988
49	572.666	558.273	560.276	557.182	563.245	558.243	572.958	558.952	573.390	552.105
50	585.106	557.591	566.062	564.791	563.335	555.531	567.089	551.250	566.756	566.428
51	566.665	563.629	563.875	560.352	555.092	567.710	570.411	564.097	583.295	564.124
52	561.977	571.729	560.967	556.735	562.136	564.213	570.788	569.000	582.075	555.901
53	555.618	551.523	566.690	540.649	562.795	568.325	566.475	571.830	582.633	562.364
54	558.155	568.072	559.169	548.901	562.750	571.869	563.981	565.357	574.712	566.053
55	560.733	562.677	570.158	570.559	573.220	564.685	565.866	573.342	582.055	575.281
56	550.216	565.284	569.474	567.831	557.506	557.702	560.114	561.187	585.995	577.173
57	557.552	574.536	574.982	558.512	562.399	569.974	559.264	561.913	591.222	569.436
58	558.006	573.046	573.849	556.290	566.899	577.371	561.518	563.896	581.032	577.375
59	556.288	563.367	578.174	567.857	561.775	564.547	567.491	571.092	589.139	563.870
60	567.791	561.894	572.193	566.508	562.558	565.992	573.923	566.952	579.200	553.770
61	563.054	569.271	570.569	567.167	557.564	570.419	567.665	555.944	575.630	563.359
62	569.035	564.571	576.452	560.941	564.015	555.940	578.638	564.461	584.845	567.459
63	571.922	565.907	570.092	560.405	574.413	553.601	585.532	570.817	576.382	563.893
64	556.961	580.352	567.925	584.788	556.523	565.824	575.494	567.844	577.788	572.077
65	553.654	570.810	567.757	570.853	562.870	556.343	573.408	565.266	578.749	563.998
66	557.875	578.719	572.343	566.161	575.197	556.101	573.253	558.966	579.519	578.266
67	564.963	578.999	589.884	557.196	573.004	574.087	579.658	569.445	571.228	579.769
68	572.566	582.317	583.519	559.480	569.903	567.174	566.243	580.710	588.840	569.994
69	573.348	580.648	576.464	558.625	571.204	554.183	574.273	567.911	588.518	577.821
70	584.317	570.674	569.567	560.104	574.958	559.946	581.069	568.782	575.280	566.261
71	570.567	567.435	584.959	561.480	571.952	565.668	578.083	581.332	580.885	566.917
72	583.409	568.863	569.547	567.152	568.055	559.387	567.435	575.666	579.995	572.458
73	577.155	595.929	578.841	568.899	569.012	575.715	579.517	586.236	571.249	576.685
74	580.465	581.769	589.792	567.995	578.028	572.544	583.471	585.694	578.990	575.752
75	570.286	578.335	574.468	569.107	566.725	578.152	580.198	584.315	580.509	555.207
76	579.156	567.516	586.418	566.084	570.708	585.458	580.189	586.470	580.104	573.559
77	591.316	572.279	591.551	575.697	574.336	580.290	590.834	573.350	601.304	580.804
78	580.559	579.815	574.838	563.261	579.052	581.360	568.368	578.789	592.424	577.666
79	571.641	582.735	586.950	573.424	581.726	580.716	570.466	574.062	591.117	562.952
80	582.125	588.313	583.355	575.074	578.091	583.848	574.112	579.003	590.572	565.160
81	572.780	595.031	588.965	580.852	594.153	581.230	587.670	576.228	590.009	583.987
82	585.620	579.132	587.633	593.098	578.568	578.337	581.645	592.143	598.002	590.973
83	580.367	583.357	589.480	579.367	590.088	582.597	584.618	597.242	601.386	571.355
84	571.599	584.667	593.383	593.007	580.112	583.639	591.804	589.207	599.353	577.569
85	583.757	590.499	589.414	587.196	583.465	588.857	600.574	588.887	602.031	586.154
86	581.613	592.810	600.712	588.994	597.849	576.272	594.831	598.483	601.304	576.287
87	592.556	592.601	606.664	575.861	598.527	588.824	597.486	594.939	608.417	574.616
88	605.897	603.687	594.188	575.030	589.922	594.140	582.569	594.649	599.868	584.562
89	602.597	605.052	600.347	579.899	581.665	597.213	603.226	601.236	597.019	580.000
90	592.367	590.031	597.933	598.023	584.835	586.336	600.136	596.583	582.968	579.612
91	596.594	603.116	596.706	593.035	603.551	595.368	588.780	590.881	598.269	591.289
92	593.630	611.763	599.703	582.252	590.388	582.413	593.864	589.860	601.615	614.232
93	597.094	601.843	594.086	590.428	588.943	588.667	594.574	584.538	604.545	604.464
94	580.110	601.685	612.911	595.110	595.021	595.843	611.773	607.985	617.171	582.718
95	595.003	594.967	602.241	596.197	589.345	589.510	598.800	621.852	617.621	577.236
96	594.268	604.232	606.998	603.508	589.193	593.139	603.915	614.695	601.842	593.406
97	589.700	608.055	607.407	610.760	594.993	601.795	608.147	610.135	602.594	594.634
98	602.145	606.843	608.548	589.812	604.823	602.529	607.996	607.187	609.795	590.880
99	603.080	621.078	619.887	604.382	606.969	595.705	619.412	605.828	617.466	593.097
100	594.188	615.144	612.421	612.404	603.308	599.478	614.056	606.699	623.873	603.927
101	603.566	602.444	611.552	620.104	608.329	612.560	608.945	616.881	618.667	610.396
102	604.118	618.048	610.584	595.960	610.123	621.106	625.053	615.956	619.125	611.240
103	608.883	612.396	611.801	599.424	615.565	631.394	619.634	626.318	612.152	612.586
104	612.932	627.370	632.854	601.131	616.256	618.122	621.306	617.015	621.892	611.863
105	612.515	622.440	618.367	613.606	608.373	611.327	612.919	609.207	627.819	611.921
106	609.944	621.992	634.627	614.068	605.034	609.633	609.505	601.665	641.052	603.678
107	605.929	628.774	626.637	607.850	602.924	619.647	625.025	614.670	626.812	619.559
108	615.931	617.209	626.032	620.863	621.902	614.156	627.002	612.918	632.580	624.641
109	611.720	618.104	624.024	621.727	620.445	613.323	634.615	625.964	633.914	613.054
110	621.440	637.418	622.082	617.678	621.089	629.919	628.394	640.734	633.799	626.928
111	612.997	623.373	634.545	633.346	623.529	606.308	626.620	645.426	625.969	622.999
112	608.410	628.664	636.965	640.734	618.526	612.887	633.568	631.528	631.617	616.468
113	615.181	645.118	634.106	632.833	631.884	632.285	627.729	641.007	635.062	618.760
114	626.125	637.397	629.504	637.848	622.332	628.225	632.111	635.673	639.814	617.401
115	618.653	633.554	642.791	641.176	625.722	635.533	631.653	638.141	630.610	624.030
116	637.073	637.279	644.572	637.069	641.510	624.097	638.006	637.476	634.174	620.834
117	616.667	651.102	640.692	639.407	645.908	619.387	637.009	645.088	639.221	635.470
118	638.341	637.406	650.874	633.607	639.779	625.079	647.791	648.225	653.611	622.766
119	634.479	648.159	650.612	648.089	639.311	641.017	659.930	645.342	654.477	606.156
120	637.996	649.154	660.370	651.752	635.779	636.638	653.460	652.676	652.271	624.010
121	641.848	656.783	660.785	659.429	636.169	626.170	647.649	645.642	648.420	646.584
122	646.204	646.666	666.100	662.343	639.623	636.445	665.980	648.864	656.003	650.083
123	637.568	653.308	655.050	658.825	646.294	623.738	664.478	647.068	650.169	637.643
124	641.667	659.385	648.189	646.769	641.898	652.696	654.040	649.535	661.194	624.735
125	644.800	658.529	659.781	662.493	665.239	649.646	674.064	669.382	670.940	631.479
126	649.236	664.797	655.070	652.823	661.098	659.165	670.949	665.177	661.676	644.187
127	642.072	676.320	673.258	663.977	665.524	661.319	679.659	660.805	671.476	649.847
128	646.471	675.230	669.222	667.270	663.597	671.063	657.934	670.976	676.817	643.558
129	653.971	676.280	682.901	669.680	672.210	670.690	670.724	664.176	672.705	664.452
130	657.099	671.320	686.553	678.213	672.869	669.056	671.825	673.458	677.336	664.566
131	659.543	675.642	669.040	670.033	668.734	669.786	667.688	670.164	692.880	660.974
132	660.183	677.384	672.124	662.511	664.753	681.310	679.640	673.750	686.720	669.782
133	651.949	681.489	681.658	672.479	664.480	672.883	683.780	679.518	686.690	659.166
134	677.585	689.934	677.818	671.987	671.566	674.068	690.711	681.148	686.759	654.650
135	668.046	683.503	682.482	679.507	668.599	664.994	694.006	684.659	700.665	658.176
136	657.654	684.198	690.506	680.040	684.876	679.979	697.784	694.294	684.997	672.168
137	679.733	696.590	705.937	692.743	692.989	687.013	692.380	695.118	705.653	668.810
138	679.441	710.800	706.485	698.841	696.890	695.095	696.501	690.937	714.533	676.531
139	674.222	719.002	695.727	688.907	700.888	696.855	705.494	690.913	707.780	670.643
140	674.185	730.380	699.010	696.876	700.428	708.464	707.383	712.700	705.673	673.568
141	673.681	721.048	712.942	703.633	708.347	708.161	705.655	712.107	711.110	680.279
142	691.332	715.165	725.063	706.405	722.300	710.977	720.585	709.636	710.324	685.293
143	699.069	727.490	732.440	721.557	724.145	713.903	726.801	705.059	730.303	699.555
144	706.456	725.635	738.747	715.479	708.170	717.259	732.467	716.733	721.534	684.609
145	690.426	730.902	726.247	726.494	716.470	728.156	728.556	725.935	726.510	693.936
146	696.952	747.679	732.093	721.074	722.940	740.666	738.962	727.701	729.128	700.729
147	704.820	750.430	746.113	730.379	743.405	726.321	742.816	743.821	734.559	714.540
148	712.575	753.031	766.338	746.941	756.224	722.935	742.696	741.887	738.560	715.386
149	705.272	753.409	757.831	737.133	743.410	732.169	759.306	737.908	736.293	710.689
150	705.205	775.000	778.484	751.981	751.165	754.608	770.147	749.957	745.959	724.652
151	710.764	778.981	775.730	759.839	750.838	757.432	770.553	760.057	761.340	723.163
152	726.802	778.242	781.861	771.826	750.276	756.339	778.108	758.681	761.809	736.109
153	732.455	787.493	766.495	754.765	760.707	766.100	781.703	771.076	754.139	729.212
154	719.209	801.689	770.044	772.824	778.180	777.726	785.109	788.946	762.762	727.417
155	728.484	800.465	792.782	774.836	783.576	774.428	803.356	793.707	771.566	738.826
156	744.454	806.080	816.469	789.805	790.418	801.423	807.546	787.624	788.405	750.249
157	758.363	840.683	807.346	791.226	787.680	808.231	812.885	797.075	804.892	751.395
158	752.432	855.952	823.173	802.978	810.148	811.296	814.692	808.600	795.093	763.834
159	768.231	852.270	832.754	821.341	807.959	820.785	831.307	806.065	813.111	764.328
160	771.921	873.226	851.657	819.993	820.101	819.703	844.262	811.283	810.090	762.245
161	761.459	869.657	854.375	827.116	824.870	826.022	849.462	843.619	814.689	780.075
162	775.489	863.371	872.127	850.120	838.445	840.031	883.601	847.249	827.396	799.694
163	797.141	891.065	902.260	876.280	875.332	854.662	894.718	859.659	842.285	816.301
164	801.597	929.051	921.658	903.238	883.181	871.560	919.258	893.942	849.973	814.404
165	805.442	946.526	939.968	909.907	897.169	890.392	927.192	892.678	874.015	821.459
166	818.518	958.659	951.798	930.965	896.827	912.728	934.347	922.839	867.741	814.008
167	827.860	983.566	984.288	950.689	924.006	926.580	961.479	925.090	869.669	827.407
168	833.717	997.791	1011.729	986.452	955.953	931.399	975.437	942.916	894.319	838.659
169	851.658	1039.030	1033.557	1005.765	957.539	955.791	995.054	955.907	901.005	862.535
170	852.333	1062.438	1050.980	1028.302	999.119	963.114	1027.869	964.054	916.750	870.598
171	858.322	1091.435	1083.803	1070.726	1017.578	985.076	1071.019	1003.357	925.755	881.377
172	888.214	1134.268	1125.246	1130.435	1059.151	1037.098	1129.171	1052.917	929.800	902.201
173	909.884	1139.750	1165.020	1159.813	1094.042	1093.283	1188.485	1108.052	943.814	910.575
174	912.374	1187.350	1180.610	1202.119	1146.654	1122.110	1235.562	1143.793	977.030	900.993
175	912.182	1237.116	1205.115	1270.176	1189.826	1193.794	1294.363	1222.427	1022.455	916.059
176	921.536	1266.525	1238.457	1310.760	1243.197	1244.007	1348.262	1289.036	1090.192	934.471
177	944.440	1293.319	1259.316	1355.898	1288.194	1293.477	1362.694	1355.021	1143.204	977.345
178	971.682	1318.919	1289.945	1374.313	1322.020	1349.649	1393.432	1391.753	1210.619	1018.350
179	1002.693	1349.605	1305.697	1362.392	1371.997	1374.971	1352.059	1392.859	1307.094	1078.224
180	1037.064	1340.071	1322.378	1353.117	1388.275	1367.615	1320.025	1374.392	1367.995	1154.156
181	1120.331	1335.414	1319.182	1315.910	1395.452	1369.967	1290.841	1317.848	1382.721	1230.210
182	1188.479	1299.353	1320.384	1283.411	1370.782	1321.326	1253.639	1277.633	1394.758	1300.172
183	1255.604	1278.904	1283.375	1255.211	1322.859	1290.337	1211.023	1253.882	1345.427	1344.881
184	1332.396	1278.994	1271.219	1232.833	1287.169	1239.779	1182.999	1197.303	1293.095	1366.292
185	1385.250	1262.544	1236.082	1201.512	1238.185	1214.465	1163.770	1175.931	1266.997	1375.053
186	1407.559	1219.756	1222.361	1179.520	1212.702	1185.290	1154.953	1154.734	1232.607	1337.686
187	1384.654	1206.551	1216.773	1189.983	1178.825	1178.584	1139.452	1164.100	1186.359	1278.222
188	1327.275	1201.567	1189.681	1179.345	1162.162	1123.705	1122.843	1161.645	1176.784	1215.491
189	1284.739	1200.343	1179.655	1154.918	1176.848	1121.394	1123.149	1135.842	1152.119	1203.124
190	1221.450	1194.718	1172.268	1162.778	1174.403	1126.274	1123.079	1153.933	1145.259	1162.971
191	1183.043	1178.285	1186.532	1137.973	1156.088	1128.846	1138.141	1157.704	1120.736	1144.938
192	1142.607	1191.093	1187.595	1147.207	1143.741	1117.897	1120.537	1130.900	1123.922	1132.311
193	1141.535	1194.386	1152.736	1143.303	1155.027	1134.917	1129.184	1127.786	1124.213	1132.000
194	1130.161	1176.747	1165.374	1132.155	1137.137	1109.484	1118.550	1113.653	1123.395	1131.985
195	1130.291	1180.977	1185.549	1142.428	1135.874	1120.621	1124.339	1122.703	1131.422	1127.279
196	1134.952	1167.214	1172.383	1163.865	1130.568	1101.717	1127.889	1104.341	1097.274	1127.409
197	1113.987	1166.859	1153.809	1147.820	1116.901	1092.574	1092.687	1100.186	1085.575	1112.764
198	1108.005	1164.744	1151.938	1135.784	1121.519	1104.339	1093.313	1118.067	1094.361	1096.907
199	1110.731	1170.137	1135.775	1119.296	1108.456	1121.680	1092.865	1079.223	1094.491	1111.692
200	1120.204	1153.765	1137.462	1109.341	1105.309	1103.412	1094.369	1087.925	1080.492	1086.429
201	1110.349	1161.402	1134.095	1123.238	1120.873	1081.569	1084.764	1076.156	1091.835	1100.272
202	1110.626	1160.440	1124.846	1097.797	1113.410	1082.005	1086.033	1080.800	1088.562	1093.816
203	1086.136	1152.632	1128.264	1103.662	1112.577	1080.148	1069.817	1096.117	1083.208	1077.723
204	1108.923	1125.138	1118.849	1107.557	1105.203	1068.641	1083.348	1085.204	1087.206	1089.086
205	1109.782	1138.258	1116.939	1099.131	1102.513	1037.064	1073.346	1082.223	1085.520	1065.461
206	1080.252	1137.539	1142.806	1103.689	1099.302	1066.553	1081.362	1068.067	1047.445	1069.082
207	1096.479	1134.603	1123.871	1085.131	1089.273	1078.743	1077.422	1053.847	1052.940	1074.813
208	1078.953	1134.735	1125.729	1096.166	1093.939	1064.579	1093.390	1051.369	1065.885	1070.275
209	1060.410	1135.625	1116.919	1108.890	1092.444	1056.970	1064.972	1041.421	1057.723	1060.184
210	1055.039	1117.793	1088.603	1090.687	1104.518	1056.513	1070.817	1049.829	1051.123	1067.435
211	1048.038	1120.799	1112.008	1081.441	1081.850	1067.845	1067.892	1053.211	1067.919	1021.580
212	1051.631	1130.043	1088.657	1084.355	1084.893	1055.842	1065.614	1071.809	1056.790	1026.315
213	1043.363	1104.101	1097.167	1099.432	1077.393	1047.901	1080.495	1038.845	1055.988	1018.545
214	1028.181	1113.057	1104.491	1096.472	1076.499	1050.719	1057.203	1045.686	1043.278	1034.664
215	1029.041	1098.906	1109.757	1081.023	1076.450	1047.892	1063.165	1054.971	1037.429	1013.139
216	1020.199	1095.852	1094.295	1067.192	1082.561	1051.120	1063.470	1051.703	1048.461	1023.208
217	1036.049	1077.111	1105.013	1064.992	1086.937	1070.546	1073.838	1037.803	1057.225	1027.217
218	1007.237	1094.915	1108.872	1067.641	1081.849	1072.930	1068.143	1050.888	1076.467	1033.695
219	1016.556	1106.330	1103.951	1074.043	1074.022	1064.639	1073.295	1043.528	1055.580	1031.581
220	1038.603	1106.173	1113.039	1085.916	1098.219	1075.639	1071.050	1053.248	1024.334	1030.804
221	1033.904	1116.771	1115.753	1084.362	1090.946	1072.306	1074.828	1070.140	1032.153	1019.033
222	1016.251	1116.244	1111.713	1072.294	1082.719	1056.407	1063.704	1063.408	1036.528	1012.908
223	1015.047	1105.058	1097.242	1096.682	1089.178	1070.053	1083.712	1047.141	1042.610	1022.916
224	1028.503	1091.986	1107.404	1099.296	1087.186	1074.415	1074.149	1032.245	1038.330	1033.893
225	1017.731	1104.465	1109.312	1080.210	1073.750	1082.920	1078.739	1041.300	1039.560	1023.135
226	1022.455	1127.162	1125.586	1099.272	1075.719	1092.191	1078.350	1039.638	1043.366	1026.353
227	1013.262	1112.457	1116.443	1088.193	1053.613	1073.476	1085.086	1052.847	1054.085	1010.563
228	1016.029	1136.935	1130.170	1105.709	1058.216	1071.156	1084.403	1068.939	1052.232	1019.412
229	1016.189	1125.038	1124.519	1105.094	1087.500	1065.150	1089.989	1073.776	1067.103	1015.244
230	1029.802	1131.880	1127.218	1107.724	1096.210	1078.781	1089.279	1074.429	1048.609	1015.405
231	1028.640	1135.357	1141.588	1114.777	1087.991	1087.079	1109.144	1064.572	1046.964	1008.119
232	1023.345	1135.923	1124.803	1098.429	1095.354	1091.686	1123.008	1062.241	1064.821	1023.038
233	1046.595	1133.175	1155.574	1105.027	1084.262	1095.597	1105.483	1058.703	1075.405	1013.874
234	1038.010	1144.995	1136.315	1108.937	1075.949	1133.432	1116.210	1078.963	1079.535	1023.513
235	1047.629	1149.255	1139.738	1095.496	1093.511	1106.275	1112.162	1089.315	1058.984	1022.376
236	1046.226	1162.333	1147.422	1111.577	1109.361	1111.799	1114.293	1090.647	1084.976	1040.675
237	1036.909	1155.899	1143.028	1131.675	1109.560	1125.070	1121.265	1096.122	1108.446	1044.440
238	1045.948	1161.779	1147.832	1126.892	1112.658	1110.447	1110.069	1084.445	1071.802	1047.860
239	1032.997	1163.498	1160.271	1122.273	1116.298	1135.756	1123.828	1084.357	1080.849	1028.503
240	1062.075	1153.180	1145.106	1120.884	1100.036	1147.778	1142.273	1103.997	1098.399	1038.245
241	1058.324	1173.822	1143.423	1127.649	1107.350	1146.569	1151.083	1085.381	1081.401	1048.979
242	1044.414	1181.116	1153.875	1133.129	1121.792	1147.639	1144.206	1097.061	1071.569	1055.650
243	1057.587	1213.506	1153.398	1147.186	1137.507	1157.913	1138.227	1123.077	1093.818	1054.550
244	1042.043	1188.485	1174.659	1143.432	1122.580	1173.928	1140.671	1108.322	1103.117	1079.345
245	1051.079	1207.429	1160.573	1142.785	1129.689	1162.783	1136.274	1100.804	1105.126	1085.527
246	1046.952	1202.429	1166.083	1153.146	1133.506	1183.361	1112.180	1119.663	1108.574	1093.398
247	1055.508	1193.557	1175.669	1143.771	1132.852	1199.009	1121.530	1105.576	1110.785	1087.475
248	1054.960	1199.966	1188.164	1151.062	1141.560	1183.804	1120.590	1115.582	1121.921	1097.372
249	1043.340	1201.900	1165.805	1179.644	1157.882	1184.365	1115.504	1121.783	1112.174	1094.292
250	1050.284	1202.915	1175.940	1186.822	1159.996	1170.191	1127.902	1133.274	1097.102	1078.016
251	1041.732	1187.840	1194.538	1169.156	1163.974	1159.848	1141.023	1118.312	1115.898	1072.674
252	1071.461	1197.889	1205.810	1184.298	1149.210	1151.663	1131.595	1123.188	1124.425	1080.757
253	1089.261	1215.385	1209.114	1176.663	1177.432	1150.893	1164.218	1113.815	1110.036	1069.204
254	1078.210	1205.274	1188.445	1173.161	1185.560	1171.252	1148.136	1131.455	1117.684	1061.539
255	1062.534	1183.541	1193.374	1151.983	1173.797	1163.487	1167.590	1106.972	1111.625	1064.954
256	1082.477	1218.567	1225.135	1143.442	1178.599	1147.519	1154.509	1125.375	1122.642	1077.376
257	551.559	551.559	565.015	539.356	558.050	547.412	562.874	561.135	565.521	554.449
258	555.099	555.099	561.524	547.502	548.073	542.219	558.648	553.438	576.048	558.580
259	564.413	564.413	553.019	546.364	545.268	551.794	554.315	558.955	556.933	550.738
260	545.676	545.676	548.631	551.133	546.796	548.886	564.896	565.435	579.699	560.972
261	548.050	548.050	556.837	557.949	543.598	538.737	567.225	560.009	565.883	561.767
262	565.822	565.822	556.600	544.012	542.380	538.679	552.490	549.567	566.505	560.825
263	562.628	562.628	567.588	534.201	546.025	543.540	547.700	550.430	561.038	558.964
264	555.630	555.630	555.011	556.081	549.875	553.924	546.315	546.446	566.584	550.613
265	554.502	554.502	560.144	561.145	539.676	542.595	550.656	554.730	559.163	538.937
266	557.359	557.359	553.157	547.094	545.318	544.648	546.957	547.026	540.923	549.174
267	563.101	563.101	559.964	540.108	547.075	538.377	550.082	548.063	546.365	542.713
268	554.186	554.186	549.896	534.193	546.628	552.677	564.901	551.927	559.734	544.914
269	543.065	543.065	546.568	534.678	552.674	537.980	556.261	545.237	561.557	560.891
270	547.098	547.098	551.368	543.771	540.206	544.039	553.217	554.198	557.033	547.490
271	550.257	550.257	543.599	538.081	535.110	537.835	555.462	552.788	556.694	557.192
272	556.567	556.567	554.608	541.541	547.385	549.482	552.991	549.395	566.532	548.800
273	556.977	556.977	544.550	550.412	545.984	545.588	545.383	556.446	567.107	553.599
274	547.098	547.098	538.094	556.641	549.485	539.505	561.539	551.631	557.791	548.537
275	542.182	542.182	548.066	551.322	539.164	539.262	541.927	544.690	563.592	543.544
276	549.056	549.056	550.781	551.182	548.009	545.767	542.854	537.630	556.160	539.578
277	543.901	543.901	542.311	542.510	531.228	537.440	554.290	549.226	547.787	549.556
278	546.600	546.600	548.943	540.329	537.575	531.055	548.534	552.281	551.305	544.024
279	546.719	546.719	548.440	546.206	541.466	534.350	540.597	534.346	566.263	536.511
280	546.079	546.079	551.777	547.984	536.558	544.213	544.609	534.006	562.761	543.710
281	541.630	541.630	537.619	527.156	526.196	531.621	542.966	541.082	554.678	543.133
282	530.743	530.743	548.402	544.064	532.346	533.572	548.629	552.065	556.950	535.143
283	544.699	544.699	547.957	538.967	543.391	538.414	548.728	546.648	549.438	534.482
284	554.243	554.243	550.209	538.363	538.508	539.986	551.655	529.348	549.114	554.109
285	548.575	548.575	554.761	539.172	531.635	544.855	535.000	539.955	556.775	544.883
286	550.719	550.719	546.533	530.802	539.430	526.612	535.648	547.271	548.970	546.394
287	547.387	547.387	553.430	525.091	532.812	534.838	543.871	543.227	545.703	551.011
288	545.203	545.203	539.473	523.182	535.987	535.446	539.762	537.186	542.350	547.880
289	534.845	534.845	546.354	525.357	537.249	530.550	524.188	543.397	554.974	540.605
290	534.719	534.719	545.180	525.314	542.195	536.661	528.805	531.275	546.506	539.298
291	537.968	537.968	530.433	535.566	530.731	519.740	531.376	545.669	552.383	525.510
292	550.434	550.434	530.659	527.064	523.978	527.237	541.096	543.176	549.725	541.657
293	543.582	543.582	540.113	535.478	541.166	526.822	535.388	545.534	552.261	553.090
294	548.195	548.195	534.920	539.523	535.952	531.732	547.395	532.224	546.971	541.241
295	542.364	542.364	532.296	537.292	536.181	526.625	542.262	546.466	539.695	540.927
296	537.419	537.419	529.682	529.357	527.251	524.584	540.334	540.492	548.645	544.336
297	537.124	537.124	542.856	530.008	528.985	525.314	537.849	531.588	545.443	541.877
298	539.354	539.354	532.768	531.618	537.996	521.232	531.689	537.080	548.841	536.201
299	534.018	534.018	522.873	543.244	521.547	523.826	523.916	551.530	554.386	535.813
300	534.841	534.841	536.153	525.554	529.772	520.848	538.502	538.668	553.630	530.470
301	533.682	533.682	539.030	527.905	533.755	518.474	533.088	540.127	544.545	533.111
302	523.681	523.681	527.349	517.063	531.131	522.415	535.320	534.829	543.089	532.452
303	537.303	537.303	523.712	529.803	523.331	518.055	530.779	539.957	547.847	535.622
304	524.348	524.348	540.281	529.637	527.722	516.949	524.949	534.183	543.201	522.146
305	534.367	534.367	534.000	513.790	531.450	521.723	524.088	534.268	530.442	520.419
306	528.603	528.603	526.757	521.590	541.901	523.129	537.672	534.673	537.303	538.097
307	541.265	541.265	537.792	508.771	534.169	531.189	516.551	541.343	542.070	542.698
308	546.881	546.881	530.565	519.485	531.839	526.409	526.112	529.956	537.167	533.293
309	538.349	538.349	525.912	529.916	525.427	524.021	530.002	528.311	532.901	530.968
310	542.221	542.221	533.109	514.622	531.782	521.255	518.754	532.216	536.407	534.799
311	530.025	530.025	533.935	507.533	532.936	523.199	531.588	529.054	552.868	528.327
312	538.200	538.200	543.506	530.810	530.177	523.967	528.358	537.697	540.795	526.356
313	538.379	538.379	527.885	513.737	524.398	521.659	515.002	546.841	531.989	527.384
314	529.759	529.759	513.385	520.566	533.466	532.843	534.600	533.918	533.954	525.845
315	526.069	526.069	529.186	515.706	532.370	525.862	522.660	517.572	528.120	531.372
316	531.537	531.537	530.150	526.783	540.424	524.508	526.312	523.654	531.216	539.560
317	535.445	535.445	532.561	522.792	527.683	520.474	524.296	518.743	541.643	524.681
318	542.630	542.630	526.010	511.122	536.506	529.448	534.227	527.655	537.888	521.210
319	544.552	544.552	523.612	519.463	522.900	527.027	527.661	533.734	532.694	531.932
320	531.552	531.552	547.367	526.121	514.770	525.410	530.164	524.815	533.799	530.475
321	523.384	523.384	525.175	533.862	526.532	511.118	532.190	531.493	545.936	524.667
322	536.088	536.088	523.784	516.470	518.306	521.855	540.989	534.828	534.842	531.600
323	522.311	522.311	532.412	517.259	515.250	518.829	524.193	521.253	537.337	522.764
324	529.390	529.390	527.050	516.678	522.080	511.404	543.690	532.966	547.207	521.389
325	536.713	536.713	525.304	528.107	522.334	525.730	532.593	525.907	540.382	534.058
326	536.519	536.519	523.842	521.752	522.766	530.413	519.110	537.434	535.335	522.610
327	528.454	528.454	529.244	524.274	528.502	536.027	515.542	524.704	540.984	535.314
328	525.545	525.545	534.531	510.564	539.850	525.492	520.891	523.621	540.896	523.132
329	524.919	524.919	521.763	520.552	530.164	510.145	518.895	525.371	536.056	513.510
330	532.507	532.507	524.017	513.289	519.847	521.166	520.864	522.204	531.482	516.968
331	525.710	525.710	523.653	527.690	524.565	519.387	529.712	526.869	533.975	519.331
332	527.873	527.873	528.596	519.151	525.399	513.810	537.115	522.850	534.309	530.432
333	537.212	537.212	522.722	522.511	528.638	524.250	528.489	522.875	526.050	523.055
334	524.890	524.890	532.500	519.618	519.466	520.299	515.640	530.302	521.047	529.153
335	527.132	527.132	520.858	525.346	530.950	523.068	521.423	533.019	514.088	530.052
336	523.114	523.114	528.267	522.464	528.289	520.965	529.793	528.031	529.479	519.768
