 	Profile_Slice_1	Profile_Slice_2	Profile_Slice_3	Profile_Slice_4	Profile_Slice_5	Profile_Slice_6	Profile_Slice_7
1	564.723	566.602	554.083	561.139	552.317	567.510	572.361
2	555.400	563.461	552.808	567.847	562.786	553.796	563.514
3	553.659	574.346	555.696	564.271	562.726	551.510	553.014
4	552.354	564.569	544.832	567.958	571.907	559.701	566.534
5	566.513	561.752	550.719	563.360	567.610	561.325	571.126
6	561.502	556.037	553.092	551.630	575.035	563.324	563.815
7	570.384	561.091	560.976	546.546	565.365	564.821	562.790
8	551.302	573.275	564.592	555.042	570.778	552.769	561.972
9	556.509	559.266	551.261	565.166	562.417	556.804	569.760
10	558.449	562.926	551.913	562.347	558.639	552.417	563.330
11	563.249	561.497	552.330	567.380	561.397	559.798	562.630
12	557.960	568.171	535.883	556.425	551.442	552.359	566.246
13	563.822	570.784	538.746	560.675	560.396	557.319	559.828
14	557.002	572.146	559.793	555.838	568.871	567.861	564.829
15	548.958	563.343	563.967	557.126	559.707	551.044	575.061
16	556.151	564.488	557.418	563.661	566.990	551.397	567.908
17	555.761	548.034	535.162	564.399	549.221	556.501	564.349
18	558.052	553.824	540.169	566.913	550.985	550.667	549.565
19	553.953	549.806	550.482	566.033	552.163	557.110	561.992
20	556.053	547.209	556.944	551.965	555.941	542.353	557.571
21	565.319	564.168	550.305	546.588	560.986	553.629	559.753
22	557.759	564.857	536.458	543.790	552.088	554.832	563.624
23	552.822	570.056	544.830	557.764	550.458	556.779	561.658
24	555.679	564.025	546.416	558.886	554.428	561.690	556.872
25	563.243	544.016	544.569	563.834	551.399	554.493	565.785
26	567.089	555.585	549.101	560.127	570.980	563.396	563.209
27	566.818	554.905	561.344	564.166	556.738	549.378	565.539
28	562.934	564.662	545.947	569.119	558.970	562.389	547.334
29	557.391	549.742	549.471	562.206	563.167	560.855	556.615
30	549.453	554.942	560.202	565.911	551.615	557.291	553.358
31	564.274	553.512	542.522	572.345	548.383	563.383	556.625
32	560.663	552.747	553.203	581.705	565.188	561.151	565.350
33	559.304	558.935	558.124	578.793	576.048	566.184	569.488
34	565.848	570.073	564.094	565.093	567.559	573.751	565.183
35	572.855	573.779	556.664	571.709	578.608	570.641	566.625
36	560.995	570.133	554.710	573.621	588.173	582.544	567.698
37	566.870	568.144	559.040	582.571	589.756	588.235	580.356
38	565.188	556.551	571.766	580.565	587.342	586.952	582.882
39	577.339	564.485	565.426	591.945	591.110	584.490	596.704
40	571.453	563.558	575.577	579.045	581.671	576.712	575.217
41	575.452	567.319	581.072	573.932	583.427	591.312	574.708
42	575.995	572.632	578.315	583.533	592.313	598.286	594.385
43	582.701	582.536	585.965	593.216	593.784	600.428	596.537
44	580.634	582.070	592.952	576.967	608.958	594.554	592.958
45	588.170	590.873	577.656	583.432	595.315	585.140	598.680
46	588.032	574.748	593.895	600.257	595.772	589.295	593.825
47	585.382	577.789	587.515	595.118	601.222	600.458	595.742
48	594.473	599.474	588.599	596.090	596.253	586.824	593.234
49	602.960	600.558	580.756	607.413	600.882	590.302	593.152
50	601.044	588.680	587.917	611.188	611.836	586.368	585.346
51	592.612	598.813	590.216	612.673	607.588	604.367	590.484
52	598.784	595.501	590.582	603.261	597.118	597.798	599.776
53	604.799	604.091	593.916	610.980	600.919	601.049	596.752
54	608.049	591.481	584.662	616.310	602.468	608.092	602.308
55	603.291	599.891	585.618	605.227	602.988	602.547	597.592
56	598.549	614.042	594.278	598.955	605.279	619.203	592.477
57	597.398	608.865	607.818	602.947	606.583	614.063	596.626
58	598.034	600.316	597.071	613.597	607.772	621.590	596.630
59	590.188	603.335	593.011	617.042	619.328	609.516	609.610
60	592.553	606.466	604.698	611.776	619.433	607.717	606.379
61	604.810	627.312	602.564	607.892	617.041	618.712	614.315
62	594.677	628.681	595.607	608.485	623.409	615.161	616.750
63	591.312	617.981	603.615	608.092	620.687	603.452	619.978
64	607.695	616.821	594.097	612.839	606.789	596.526	594.611
65	584.616	603.403	587.534	607.827	607.750	587.958	584.768
66	614.114	592.360	582.182	604.011	591.241	589.696	577.875
67	599.479	584.914	581.021	603.785	582.380	571.394	580.043
68	596.754	590.593	578.440	593.571	575.713	570.090	560.521
69	583.009	584.943	575.627	601.905	573.399	562.508	583.469
70	581.442	589.937	582.247	583.270	566.911	567.441	581.189
71	580.877	585.305	563.910	567.712	560.816	572.546	566.561
72	573.539	578.105	568.895	591.498	561.831	578.321	564.811
73	583.401	568.065	568.236	574.591	566.262	585.513	579.294
74	580.041	576.172	563.047	568.502	569.531	555.484	559.194
75	563.604	568.478	546.139	574.985	558.800	564.642	560.423
76	574.521	563.672	564.331	557.807	574.353	557.868	564.699
77	565.094	574.998	562.858	575.325	575.870	561.881	567.702
78	561.606	555.721	543.153	564.595	573.140	560.236	574.210
79	562.487	566.506	549.386	569.315	566.262	571.131	572.790
80	554.315	550.960	566.176	561.671	582.369	567.224	560.938
81	563.432	569.723	554.830	560.741	570.655	555.420	560.003
82	555.681	558.426	533.307	556.210	567.007	549.962	559.560
83	558.694	551.328	542.537	547.487	556.198	549.819	564.228
84	566.416	565.723	543.419	545.547	552.965	560.171	560.035
85	561.993	557.775	543.115	556.677	560.739	557.971	562.885
86	554.512	549.272	535.686	560.048	548.698	556.837	563.661
87	551.858	552.491	535.155	564.239	554.588	557.398	551.692
88	557.165	557.037	548.783	549.890	556.907	548.620	558.741
89	559.789	560.780	561.637	558.609	549.459	571.463	561.979
90	549.189	559.856	546.914	558.738	544.538	556.624	549.667
91	554.162	555.220	538.933	548.246	548.057	539.289	554.799
92	554.405	551.592	547.583	554.402	540.119	552.717	557.889
93	549.880	549.617	549.904	554.780	546.954	553.964	542.336
94	569.517	556.393	541.750	545.388	541.328	549.172	556.347
95	555.133	552.285	547.040	553.203	555.171	543.943	556.617
96	554.185	547.397	545.445	558.497	549.099	548.778	556.700
97	567.087	547.558	551.253	552.656	541.559	538.013	562.274
98	553.170	554.107	546.775	554.622	548.941	551.086	555.014
99	550.917	549.238	531.247	548.753	543.510	544.778	543.159
100	548.050	536.499	539.438	547.811	533.981	534.018	559.600
101	541.886	550.345	541.440	557.692	545.069	532.271	548.652
102	543.300	552.012	531.080	546.210	545.627	536.243	533.255
103	550.695	533.514	537.418	539.824	537.564	541.472	543.529
104	539.366	534.726	528.726	547.191	541.094	535.834	534.003
105	536.673	539.812	541.773	537.248	528.769	540.503	546.006
106	532.568	549.139	540.448	536.610	538.196	540.341	557.255
107	539.162	540.114	534.387	527.880	546.889	536.389	559.025
108	546.116	536.379	532.685	539.043	540.097	540.553	530.855
109	533.683	534.901	536.819	540.980	543.407	543.176	542.630
110	528.776	530.798	531.289	538.746	537.012	532.099	534.596
111	540.054	534.800	535.415	530.363	525.678	536.344	527.780
112	537.471	547.041	535.782	538.476	543.725	524.287	535.239
113	539.932	555.264	528.125	537.584	525.393	540.040	536.126
114	542.221	544.669	520.320	525.120	547.721	540.381	539.999
115	532.915	539.119	528.664	531.448	540.125	534.348	519.535
116	536.717	542.628	526.782	528.389	531.747	531.861	550.781
117	537.917	521.041	537.578	533.359	532.701	531.225	533.417
118	537.339	535.353	522.937	539.601	536.128	530.269	518.924
119	548.183	533.802	530.810	534.760	529.029	535.230	537.119
120	540.404	535.961	521.657	537.020	529.353	527.451	547.872
121	532.575	524.830	518.459	521.876	525.785	513.594	535.730
122	549.847	535.617	532.074	533.304	535.912	532.371	535.415
123	536.314	535.253	535.018	538.727	536.583	525.082	543.340
124	532.174	526.701	523.632	529.904	532.251	531.841	534.086
125	530.815	523.662	527.878	538.182	536.390	535.079	532.370
126	540.522	520.665	523.839	543.276	533.664	538.936	538.795
127	517.468	524.225	505.703	534.811	529.573	536.920	531.811
128	519.701	526.902	512.917	527.270	520.379	528.087	542.084
129	534.304	528.844	520.920	539.593	533.305	518.324	542.252
130	533.540	532.638	513.284	533.027	532.671	516.107	538.594
131	538.341	538.358	523.267	522.981	532.911	533.502	535.618
132	526.761	531.016	525.509	529.223	542.462	531.707	537.556
133	533.869	524.957	529.309	523.846	537.804	529.083	534.004
134	530.718	537.797	515.315	529.055	539.268	517.888	532.723
135	535.468	528.597	514.306	530.313	529.857	529.191	510.991
136	534.530	522.514	509.729	522.618	527.174	526.452	531.443
137	529.750	527.793	517.799	517.530	530.802	537.589	535.307
138	520.743	527.724	512.604	521.079	530.740	519.415	536.418
139	514.346	527.338	509.730	526.457	527.137	530.143	534.185
140	518.577	531.946	519.703	518.775	523.563	536.420	527.049
141	530.123	534.008	524.952	537.080	523.445	522.828	537.918
142	524.975	515.574	526.063	524.474	528.505	532.440	519.698
143	526.514	512.856	523.100	513.062	520.689	524.984	524.022
144	537.319	518.585	536.899	520.552	519.019	518.169	538.219
145	528.367	517.352	524.615	517.682	531.024	525.074	534.935
146	511.556	524.366	519.623	512.538	512.260	524.208	532.233
147	519.511	522.878	510.775	527.789	523.404	530.966	531.878
148	519.347	519.666	510.449	514.419	528.738	531.764	529.802
149	518.758	512.381	530.777	517.399	531.036	517.997	531.749
150	522.521	520.622	522.159	531.008	524.296	522.769	528.976
151	516.055	528.537	515.144	534.220	523.075	527.950	524.079
152	526.760	522.366	524.054	532.881	526.702	524.381	524.138
153	517.714	527.267	518.840	525.620	533.001	521.689	531.872
154	523.851	526.805	519.105	527.796	522.397	530.734	523.385
155	528.550	530.464	509.539	522.362	526.652	531.686	527.397
156	537.064	524.171	506.669	524.455	524.108	537.869	524.017
157	519.388	520.589	507.881	529.412	523.658	521.183	524.815
158	515.195	524.664	503.408	521.587	518.794	516.980	523.400
159	522.345	525.529	515.080	532.800	524.746	535.625	528.134
160	524.679	513.803	515.865	523.613	518.702	520.728	521.542
161	536.480	527.451	520.768	512.120	523.605	510.194	531.470
162	520.538	517.007	514.134	514.789	525.915	526.232	532.931
163	514.859	519.455	516.191	528.273	524.871	516.730	526.760
164	521.564	510.940	524.500	526.588	516.879	530.328	532.800
165	519.123	528.228	524.794	523.788	519.456	524.928	524.505
166	535.531	536.043	526.675	524.456	533.572	519.538	524.787
167	525.012	517.447	510.907	524.016	524.360	515.351	533.040
168	525.475	510.372	514.886	521.102	513.658	518.312	526.522
169	517.612	518.131	512.376	516.562	511.559	537.040	536.663
170	514.405	517.613	511.921	519.207	513.587	511.795	510.989
171	520.111	514.241	504.384	539.201	524.283	523.497	512.912
172	511.013	510.822	507.086	519.647	506.212	523.819	521.311
173	522.078	513.137	507.161	518.834	522.065	514.002	524.572
174	522.068	518.899	505.775	510.264	522.377	520.486	523.580
175	523.200	523.975	512.532	513.301	526.006	518.499	526.803
176	525.770	523.040	510.750	519.422	513.740	527.873	519.239
177	514.557	521.249	512.537	513.275	511.799	517.611	517.114
178	511.618	530.072	515.819	518.764	526.350	523.869	513.869
179	518.096	516.709	519.886	515.925	522.214	513.047	531.976
180	514.885	525.769	504.504	514.841	521.513	517.914	521.025
181	514.248	529.889	515.170	523.676	522.929	530.687	520.643
182	512.671	531.802	515.501	516.589	522.057	509.953	523.011
183	514.314	521.753	503.621	517.259	521.324	520.631	518.559
184	515.313	525.808	512.091	517.514	520.304	527.139	525.743
185	530.110	522.095	508.204	519.998	518.705	515.280	516.967
186	523.285	507.892	514.178	519.342	521.676	519.334	519.161
187	534.331	526.806	524.977	523.156	522.845	531.987	524.335
188	523.788	522.723	529.747	515.768	519.304	525.731	516.444
189	508.867	529.864	511.665	509.187	507.232	517.709	503.635
190	522.762	523.867	518.509	514.925	513.700	526.442	506.560
191	513.745	527.682	524.428	512.344	516.892	524.511	517.875
192	513.926	518.251	512.206	521.184	515.245	521.697	506.662
193	499.675	519.845	506.422	532.929	517.534	519.758	523.754
194	517.053	523.661	508.863	530.211	521.165	509.885	515.456
195	522.334	530.470	505.281	519.401	517.017	511.291	516.962
196	506.166	511.357	509.819	518.726	523.249	521.331	522.969
197	511.472	511.474	509.156	528.991	526.804	521.794	513.434
198	514.866	512.638	504.997	526.173	520.960	514.065	520.019
199	520.401	509.790	517.416	513.994	527.337	509.617	518.282
200	503.692	516.296	512.573	517.685	522.566	513.734	524.476
201	504.672	524.480	493.713	514.151	518.193	518.662	519.219
202	510.121	509.483	508.868	514.951	525.916	525.222	525.058
203	514.529	519.981	526.149	513.800	519.919	513.168	524.681
204	520.178	523.427	521.525	517.733	523.108	510.737	528.897
205	513.326	512.035	518.603	517.838	515.715	528.430	535.331
206	508.666	520.240	508.378	525.349	515.196	519.812	528.213
207	514.501	533.817	513.073	526.600	529.285	505.215	525.353
208	521.400	517.980	515.190	522.454	520.875	526.467	527.878
209	511.536	518.658	515.850	505.389	518.568	520.568	528.007
210	511.219	516.815	520.012	506.544	520.587	520.249	518.559
211	510.651	518.152	515.510	520.437	510.200	526.763	498.976
212	513.135	508.345	515.566	523.075	516.270	532.286	515.579
213	510.805	514.516	514.679	518.682	513.951	515.077	519.791
214	510.719	521.377	506.516	519.725	512.212	513.922	517.633
215	516.334	518.153	510.850	517.692	520.177	522.087	518.959
216	510.944	509.563	493.888	515.350	522.588	519.636	517.163
217	506.285	502.547	517.849	516.943	513.698	512.860	518.557
218	517.732	509.810	514.965	521.590	520.309	513.357	523.773
219	511.659	513.153	500.505	514.987	514.372	501.041	524.868
220	521.843	520.224	505.253	514.841	514.455	525.366	518.031
221	515.887	515.644	503.340	512.515	521.307	521.551	520.184
222	521.617	523.367	504.633	516.984	519.988	505.679	518.043
223	506.707	520.509	492.862	517.254	510.896	519.843	516.063
224	522.623	511.550	498.382	517.812	514.518	520.582	515.172
225	527.281	520.409	514.456	509.346	522.069	519.134	523.892
226	522.251	510.772	506.907	512.801	514.459	515.964	515.276
227	516.919	505.613	497.807	513.011	512.640	526.724	523.112
228	525.166	510.296	497.982	519.955	519.824	525.660	521.025
229	514.513	503.608	514.255	514.909	514.609	516.183	516.575
230	512.133	521.380	513.452	515.560	516.776	524.974	524.218
231	516.896	508.373	509.820	511.611	522.662	518.710	534.641
232	504.528	513.229	515.277	519.186	525.404	514.952	511.718
233	518.388	525.430	502.364	505.752	524.162	501.314	514.693
234	514.354	519.768	503.754	511.207	525.320	505.147	524.521
235	512.919	514.950	507.512	510.389	511.933	510.225	516.634
236	514.302	516.717	502.290	516.298	520.025	518.970	516.882
237	516.811	516.931	500.120	523.957	520.032	517.448	509.855
238	514.568	512.380	514.002	521.502	508.002	512.614	511.636
239	510.727	519.022	512.325	514.244	515.171	512.761	511.674
240	511.162	514.883	510.448	510.999	521.193	519.811	509.504
241	515.495	519.223	492.683	502.357	515.552	508.368	515.373
242	502.346	505.454	515.893	506.427	521.869	513.978	518.713
243	512.231	515.613	508.168	520.249	512.308	524.027	516.547
244	518.317	517.478	512.023	509.593	512.588	513.090	510.313
245	518.966	516.787	502.668	509.937	504.010	517.413	515.289
246	508.806	520.639	503.412	514.751	508.477	521.033	511.348
247	507.798	509.031	490.826	513.158	519.204	506.781	507.216
248	519.125	510.883	504.710	504.012	520.985	518.325	515.891
249	511.680	509.510	492.998	505.343	512.275	515.297	515.341
250	523.376	515.130	517.096	503.098	518.441	517.867	513.634
251	514.170	502.703	503.071	500.207	516.526	510.600	517.923
252	514.432	511.714	510.499	502.118	508.009	512.493	513.747
253	512.013	519.768	506.113	522.078	512.440	523.017	513.958
254	510.015	525.717	509.335	507.820	509.748	521.256	517.563
255	507.488	509.286	500.717	513.310	509.009	511.537	511.790
256	508.829	526.006	503.098	511.681	509.048	512.617	506.718
257	516.834	521.162	499.539	508.303	519.840	518.249	513.018
258	511.342	516.924	491.974	516.816	518.044	514.728	514.431
259	516.133	514.434	501.360	511.937	515.730	502.352	515.866
260	519.365	510.009	500.979	510.342	514.039	510.079	527.701
261	512.396	512.396	517.243	525.571	511.854	511.658	518.460
262	525.583	525.583	516.007	509.170	528.480	516.509	523.999
263	511.371	511.371	510.229	513.889	523.480	513.851	502.206
264	518.302	518.302	501.285	512.939	537.609	516.859	517.860
265	520.040	520.040	512.841	514.294	525.310	516.331	521.993
266	506.959	506.959	512.968	511.447	529.144	517.504	519.951
267	512.205	512.205	517.815	504.259	530.203	513.676	517.978
268	515.830	515.830	506.618	514.532	517.642	516.513	518.305
269	524.293	524.293	509.289	516.877	513.742	517.633	513.855
270	515.415	515.415	507.161	515.389	516.279	501.976	518.895
271	521.921	521.921	518.115	519.794	514.223	519.141	528.469
272	519.104	519.104	516.415	519.632	505.803	513.679	519.708
273	515.768	515.768	505.931	511.354	507.725	512.162	522.413
274	520.707	520.707	508.169	515.008	501.826	499.821	516.083
275	513.151	513.151	518.148	503.365	512.829	507.052	514.083
276	505.321	505.321	508.939	511.644	518.676	526.887	517.271
277	506.182	506.182	506.973	517.423	518.552	531.652	516.083
278	517.377	517.377	504.855	516.246	520.097	522.754	521.897
279	524.652	524.652	502.692	511.782	501.311	521.442	517.688
280	520.802	520.802	512.949	513.668	511.982	509.032	524.420
281	505.985	505.985	508.794	513.716	509.389	508.807	514.576
282	506.054	506.054	513.702	508.557	504.848	493.763	516.662
283	508.138	508.138	518.456	514.929	524.066	506.455	507.876
284	505.917	505.917	517.174	508.375	512.340	511.849	512.058
285	512.892	512.892	520.230	520.269	514.790	517.519	522.750
286	517.917	517.917	500.178	519.307	495.482	512.865	519.164
287	510.901	510.901	502.815	515.149	500.842	518.287	511.806
288	510.983	510.983	510.661	512.396	508.825	511.736	513.267
289	513.514	513.514	517.388	523.625	514.035	506.067	516.089
290	519.720	519.720	502.983	522.965	504.402	503.237	519.097
291	513.441	513.441	501.395	512.852	528.350	514.454	507.521
292	523.724	523.724	507.780	515.050	524.221	511.982	512.784
293	528.812	528.812	493.763	512.407	518.549	505.398	496.875
294	516.007	516.007	501.237	516.231	520.594	511.265	518.602
295	509.790	509.790	498.939	511.514	521.918	520.025	520.380
296	509.678	509.678	506.893	518.489	523.621	509.882	525.809
297	517.838	517.838	502.874	516.640	515.106	509.276	521.758
298	510.092	510.092	506.848	514.680	513.075	505.255	507.928
299	520.452	520.452	496.058	510.771	521.701	513.823	516.888
300	511.154	511.154	489.837	520.760	523.432	503.054	517.524
301	508.959	508.959	502.874	514.316	525.262	509.553	508.754
302	507.735	507.735	506.721	501.646	522.965	511.006	507.860
