 	Profile_Slice_1	Profile_Slice_2	Profile_Slice_3	Profile_Slice_4	Profile_Slice_5	Profile_Slice_6	Profile_Slice_7	Profile_Slice_8	Profile_Slice_9	Profile_Slice_10
1	1330.266	1433.263	1396.116	1387.395	1379.042	1366.603	1332.299	1325.073	1374.130	1320.732
2	1339.674	1429.139	1414.870	1386.144	1406.185	1372.427	1331.836	1343.192	1359.970	1329.629
3	1336.961	1428.542	1431.901	1395.005	1414.259	1378.296	1339.888	1305.401	1349.330	1309.888
4	1358.703	1461.765	1413.280	1396.639	1413.162	1380.035	1368.529	1322.971	1366.414	1324.098
5	1365.632	1469.180	1428.290	1415.017	1393.680	1407.853	1370.257	1330.335	1343.465	1312.245
6	1363.334	1448.970	1452.084	1399.565	1407.480	1407.425	1376.913	1319.415	1362.066	1330.031
7	1381.747	1469.660	1438.380	1414.258	1401.324	1410.455	1387.000	1335.922	1368.677	1381.393
8	1383.721	1448.598	1448.970	1445.691	1418.286	1412.314	1398.381	1342.885	1369.783	1368.632
9	1348.494	1444.521	1469.341	1452.622	1418.430	1436.723	1400.732	1356.521	1402.100	1358.786
10	1376.785	1479.421	1456.493	1447.918	1428.561	1427.637	1398.509	1349.006	1378.661	1369.375
11	1359.888	1465.774	1474.618	1462.733	1418.740	1467.763	1414.643	1361.549	1394.410	1388.906
12	1342.026	1473.906	1492.917	1456.871	1483.199	1464.010	1431.205	1361.406	1407.907	1369.605
13	1359.816	1497.993	1499.424	1448.615	1478.373	1485.693	1465.106	1379.229	1404.800	1389.237
14	1339.585	1486.153	1472.460	1469.742	1472.158	1483.243	1461.784	1392.750	1419.886	1361.905
15	1342.459	1529.936	1501.569	1488.543	1474.757	1524.696	1490.497	1397.477	1453.298	1361.978
16	1349.269	1529.033	1544.183	1503.005	1514.444	1524.294	1504.140	1438.736	1446.065	1364.427
17	1370.636	1572.940	1545.880	1530.125	1538.373	1529.480	1545.583	1411.089	1461.392	1363.972
18	1369.009	1608.738	1567.186	1560.456	1570.677	1570.901	1557.864	1434.441	1466.041	1365.982
19	1364.074	1619.164	1600.700	1549.224	1561.445	1585.838	1574.844	1442.735	1449.409	1385.682
20	1392.374	1673.980	1618.856	1551.059	1607.423	1611.226	1605.630	1450.987	1475.784	1384.091
21	1386.770	1696.334	1704.764	1609.078	1641.885	1684.179	1644.155	1465.521	1491.532	1403.701
22	1419.727	1768.490	1730.510	1657.420	1699.699	1766.704	1721.034	1462.395	1494.082	1430.702
23	1432.380	1828.689	1831.368	1722.737	1788.022	1832.982	1803.108	1501.546	1510.508	1445.151
24	1468.080	1924.024	1924.211	1796.958	1909.490	1924.168	1919.136	1539.815	1552.066	1457.034
25	1488.236	2021.778	2046.937	1913.459	2030.491	2012.149	2027.070	1546.377	1542.829	1470.179
26	1478.134	2153.641	2160.329	2057.111	2099.874	2044.333	2099.430	1608.185	1573.044	1477.265
27	1503.750	2220.949	2229.053	2162.802	2123.711	1974.518	2098.603	1671.946	1601.216	1497.491
28	1490.498	2202.094	2207.154	2205.005	2099.287	1932.100	2018.201	1791.068	1663.957	1515.867
29	1554.129	2146.871	2117.758	2178.414	2000.858	1845.484	1953.880	1869.173	1756.982	1552.697
30	1556.279	2019.312	2001.108	2067.470	1882.843	1745.706	1846.240	1943.037	1819.680	1584.729
31	1580.034	1893.025	1821.671	1939.045	1750.193	1675.957	1733.958	1965.880	1924.660	1597.787
32	1612.597	1805.277	1692.260	1800.111	1642.952	1579.425	1627.927	1949.966	1949.364	1652.466
33	1652.352	1690.852	1613.129	1674.065	1570.144	1533.616	1563.637	1878.584	1958.352	1753.789
34	1703.612	1579.308	1537.242	1594.974	1512.649	1440.444	1481.699	1788.704	1879.431	1827.617
35	1815.023	1502.590	1449.866	1527.300	1432.575	1396.297	1396.584	1685.011	1779.207	1879.858
36	1885.745	1447.265	1396.409	1456.862	1383.772	1366.569	1356.059	1607.452	1686.574	1909.492
37	1947.528	1404.625	1336.380	1398.244	1331.673	1322.653	1299.750	1525.769	1534.927	1903.804
38	1910.247	1367.619	1297.963	1376.824	1301.481	1272.102	1268.494	1457.463	1442.630	1831.643
39	1843.269	1342.279	1277.784	1348.536	1261.466	1235.768	1257.336	1394.783	1390.247	1732.082
40	1749.555	1316.689	1262.253	1314.474	1251.406	1185.430	1219.078	1338.833	1352.454	1621.182
41	1634.193	1268.179	1212.877	1274.459	1205.776	1166.776	1173.402	1264.316	1290.833	1518.721
42	1559.907	1219.089	1196.972	1242.184	1193.333	1132.663	1158.888	1209.667	1255.560	1455.860
43	1467.412	1198.398	1170.402	1215.039	1147.365	1109.331	1115.577	1195.617	1225.189	1365.019
44	1400.250	1186.029	1131.773	1185.736	1131.115	1069.850	1086.954	1159.032	1174.905	1322.564
45	1356.323	1171.437	1125.856	1171.467	1088.097	1067.199	1076.472	1120.798	1123.740	1280.545
46	1319.700	1148.801	1096.805	1154.927	1060.307	1034.653	1056.139	1107.236	1098.955	1240.247
47	1255.961	1118.691	1081.332	1125.617	1044.817	1020.465	1022.063	1060.902	1092.432	1198.122
48	1237.818	1114.260	1067.632	1095.005	1019.989	989.377	999.975	1038.394	1043.728	1142.851
49	1180.521	1077.775	1041.400	1078.361	1005.477	975.205	985.621	1024.042	1024.080	1088.178
50	1127.436	1057.730	1018.478	1045.496	969.062	943.818	961.702	990.659	1003.801	1047.316
51	1113.774	1065.516	1005.931	1016.545	956.439	938.979	936.336	971.382	981.632	1035.663
52	1070.235	1018.178	979.031	995.804	951.609	919.410	944.875	977.335	961.313	999.745
53	1059.286	988.685	975.196	991.521	920.529	903.114	924.656	938.166	944.771	981.635
54	1012.534	972.744	939.872	960.397	905.628	878.362	907.271	933.840	941.279	962.445
55	994.667	958.499	935.949	931.026	914.911	876.873	892.605	913.511	928.676	924.938
56	972.173	959.972	911.522	903.979	889.254	866.753	871.994	907.932	906.437	920.222
57	935.031	910.550	900.336	895.369	860.921	838.866	862.850	879.174	891.476	895.240
58	926.433	899.557	889.944	890.001	845.060	842.039	856.206	867.960	873.439	880.577
59	906.844	909.173	891.584	879.058	851.101	836.565	854.911	873.101	868.562	881.139
60	876.838	893.116	874.504	867.157	830.965	819.385	837.799	846.810	855.663	851.079
61	864.934	883.192	861.072	841.327	828.962	816.818	828.439	830.959	847.485	846.168
62	862.239	854.347	851.411	824.724	810.113	800.711	825.939	812.470	849.877	844.723
63	865.672	846.183	831.524	822.897	788.227	810.673	804.347	825.974	831.986	838.351
64	854.059	845.342	824.448	830.799	786.467	794.482	817.232	802.252	827.767	839.910
65	850.251	827.559	822.778	793.591	787.714	771.366	801.783	807.722	840.523	818.542
66	834.660	826.624	810.444	791.686	782.811	769.335	782.614	795.896	819.377	811.087
67	837.415	823.174	800.968	787.857	761.710	771.932	797.052	792.186	800.324	817.289
68	813.779	790.766	779.953	782.921	778.945	763.450	773.227	813.670	800.823	791.918
69	812.199	792.730	779.662	780.825	753.086	764.160	762.177	791.795	802.467	798.080
70	811.462	787.980	784.596	774.919	748.327	763.416	763.082	788.380	797.502	780.759
71	805.952	782.093	757.645	771.942	742.381	747.140	760.221	767.105	777.588	777.018
72	790.377	783.796	749.326	763.740	744.049	747.080	735.345	744.342	770.546	781.894
73	800.254	773.779	744.723	757.968	739.522	732.919	754.831	748.881	777.828	759.262
74	773.352	761.943	759.330	752.164	737.289	722.939	747.706	761.500	787.113	771.623
75	783.870	755.050	745.944	731.987	728.906	730.276	742.210	763.802	777.579	759.843
76	759.584	751.567	743.760	730.508	723.271	710.175	754.404	733.566	765.963	761.937
77	753.213	752.400	747.520	729.024	723.521	711.678	721.363	735.927	759.374	747.344
78	747.466	751.168	742.324	722.648	717.362	711.037	719.549	722.957	743.977	744.047
79	753.591	725.892	724.214	712.590	716.995	709.975	744.538	731.779	736.614	732.331
80	742.629	726.274	733.829	727.932	708.858	716.681	721.936	725.600	731.460	729.216
81	740.010	721.327	709.150	725.187	700.231	699.299	716.743	726.616	733.624	731.881
82	739.927	720.991	701.585	708.021	688.891	710.020	712.308	739.922	729.681	733.242
83	717.577	722.219	714.945	700.682	702.702	716.134	700.527	704.483	738.213	721.697
84	724.996	699.610	706.113	714.174	707.289	701.786	698.352	711.993	732.498	724.847
85	730.547	713.787	689.234	707.253	703.854	679.582	708.885	701.147	725.720	710.975
86	712.733	707.700	702.277	680.888	684.526	694.913	713.968	718.358	711.560	716.110
87	716.878	698.985	688.850	692.388	682.261	686.573	700.747	692.707	714.171	701.441
88	707.898	706.631	675.942	690.088	683.212	669.167	693.675	690.092	717.607	686.747
89	697.362	699.960	693.441	686.623	692.705	679.448	686.368	688.825	700.289	693.956
90	701.599	695.846	682.715	681.135	679.194	664.334	685.438	683.223	693.736	681.241
91	705.788	683.775	674.130	691.602	673.442	673.897	683.160	663.904	694.512	681.631
92	690.162	676.076	679.386	669.906	678.479	657.637	676.698	678.390	705.779	697.278
93	688.065	682.109	681.867	651.581	663.854	656.841	660.749	677.715	672.584	688.090
94	694.086	676.922	685.951	672.624	666.126	661.937	667.061	688.945	691.788	687.477
95	683.802	678.201	675.958	669.059	658.807	657.220	658.200	666.438	687.938	664.043
96	684.300	678.139	658.306	672.004	659.131	645.863	675.000	663.711	696.603	666.067
97	682.542	665.539	652.675	671.341	665.509	644.699	658.649	666.969	679.217	673.344
98	673.628	661.530	667.725	656.054	659.447	656.243	662.985	667.122	678.092	663.510
99	667.410	663.983	673.565	658.950	650.254	642.971	653.889	671.675	668.924	671.066
100	653.048	670.120	647.601	673.986	637.473	650.597	649.979	672.742	675.773	661.661
101	676.252	667.489	654.355	666.986	647.039	636.575	653.849	649.161	673.654	656.349
102	654.988	656.283	648.927	643.662	641.425	637.407	646.784	643.891	663.082	652.084
103	648.755	655.368	666.936	645.212	653.739	629.383	647.785	638.648	660.002	654.234
104	659.468	651.012	659.513	637.345	650.017	628.536	638.192	650.304	660.431	649.410
105	644.678	634.369	642.899	639.148	656.528	633.779	615.205	636.301	646.364	641.160
106	649.134	645.105	648.679	636.419	643.367	629.891	639.876	636.297	645.788	637.799
107	652.998	628.671	647.586	633.954	647.178	618.672	635.773	637.532	647.216	637.097
108	649.482	633.187	643.092	638.480	628.385	628.482	633.598	634.743	650.347	635.731
109	632.320	638.353	649.574	622.876	622.810	620.053	629.118	628.530	651.170	651.113
110	639.412	638.253	631.239	623.702	636.741	614.168	635.801	633.326	653.478	642.148
111	635.327	647.740	633.410	624.881	621.370	623.362	635.442	630.557	644.056	633.789
112	635.347	629.580	648.950	616.030	639.119	608.908	620.706	629.653	630.125	638.149
113	617.962	641.036	632.778	621.907	630.982	623.849	627.990	615.223	631.835	628.423
114	643.201	641.523	620.740	625.552	617.936	622.824	628.741	617.520	638.318	630.929
115	616.446	624.216	630.479	619.035	631.134	611.706	624.878	620.325	653.975	621.624
116	622.280	628.387	634.037	619.192	601.399	604.737	628.118	621.690	641.678	629.234
117	632.661	623.693	633.161	613.491	607.899	609.935	613.692	613.030	645.648	627.773
118	617.866	612.378	617.339	618.511	618.702	616.228	615.044	615.254	634.714	620.253
119	630.700	609.683	616.746	619.104	615.861	618.401	603.855	606.529	632.412	626.858
120	630.566	617.059	620.963	615.260	615.595	611.666	614.399	605.936	618.629	608.592
121	622.906	612.944	617.604	600.932	616.887	603.792	611.856	594.389	624.840	616.438
122	610.056	623.259	620.248	613.116	625.839	595.322	615.022	600.482	628.257	610.746
123	615.623	613.406	616.669	595.267	601.823	605.300	611.707	611.013	628.232	616.889
124	612.345	593.131	607.485	593.902	601.448	597.842	603.977	614.644	640.326	601.685
125	593.610	606.082	600.013	606.703	613.860	600.982	604.015	610.929	620.219	606.135
126	601.633	602.928	604.179	601.533	607.389	606.235	604.821	599.412	616.542	617.823
127	621.909	600.015	607.878	610.735	607.120	596.344	613.471	599.934	634.103	612.132
128	614.798	615.959	603.258	596.768	597.731	596.806	610.158	615.908	627.172	618.554
129	595.427	612.200	604.662	590.648	598.719	597.529	613.117	611.353	621.294	605.549
130	592.677	602.771	614.197	607.923	596.522	590.028	588.049	607.290	600.473	596.657
131	617.443	609.555	605.834	591.613	592.300	606.956	597.530	606.325	603.978	595.021
132	611.368	605.917	602.646	588.353	600.333	604.063	587.499	603.785	609.623	576.912
133	602.745	602.427	604.542	581.251	596.274	576.862	600.493	599.922	602.519	597.237
134	611.195	608.431	593.824	616.111	604.285	591.497	593.543	594.797	597.663	598.193
135	599.541	599.059	589.644	590.153	598.803	596.677	588.322	596.142	611.308	604.750
136	596.555	587.385	600.632	595.998	602.107	593.041	580.634	593.373	611.965	590.823
137	592.724	610.550	604.846	587.555	590.200	595.249	588.437	597.089	605.548	595.985
138	608.018	601.641	585.684	578.748	584.992	585.603	594.995	588.931	602.290	585.432
139	581.487	603.208	600.547	585.377	580.674	587.531	592.268	590.954	599.820	591.178
140	571.801	586.022	599.538	586.633	566.755	576.523	586.857	586.214	592.658	586.434
141	594.468	606.568	583.689	572.064	581.144	579.182	592.218	601.508	584.962	587.133
142	585.259	596.672	591.582	582.743	580.575	568.436	577.091	590.396	574.623	585.902
143	590.037	599.867	604.229	590.984	591.794	585.088	581.357	583.968	589.360	593.936
144	587.784	591.781	601.192	586.827	605.182	587.190	598.868	590.859	604.250	604.349
145	578.056	588.716	594.721	576.830	572.013	572.947	582.341	581.722	592.188	585.036
146	585.068	588.084	597.274	584.850	576.519	575.559	578.906	587.189	592.648	581.287
147	590.821	593.975	587.543	592.337	584.480	574.554	579.095	583.790	597.951	600.697
148	588.616	588.614	576.401	580.821	574.769	570.270	583.146	585.119	590.454	588.213
149	588.879	595.716	585.762	597.514	575.003	572.122	591.383	582.413	578.766	572.507
150	582.627	589.585	577.258	572.069	579.751	572.897	574.221	573.070	599.413	579.502
151	570.462	589.784	572.335	564.562	581.755	575.881	587.354	571.355	586.364	572.919
152	575.625	584.955	582.888	576.805	577.567	566.743	587.637	568.362	578.966	575.863
153	580.610	587.828	580.815	575.471	583.340	564.622	575.483	574.242	596.924	581.781
154	565.551	578.326	589.245	570.504	576.939	570.851	570.884	578.837	593.765	564.282
155	568.679	592.275	581.318	572.261	575.595	574.920	578.299	581.571	590.026	580.021
156	586.585	584.701	575.017	563.301	572.118	566.980	564.645	572.468	577.239	580.557
157	574.173	579.814	586.258	559.003	575.651	564.001	572.196	576.214	589.040	577.188
158	575.146	580.176	595.245	567.478	579.082	563.773	568.020	570.901	584.667	593.903
159	579.768	585.610	585.502	570.324	577.900	568.830	573.755	581.866	584.771	563.351
160	577.861	573.980	578.051	576.991	571.250	555.330	567.113	574.953	583.458	572.990
161	576.935	585.285	582.168	567.324	570.695	560.666	567.520	556.148	579.319	563.325
162	561.025	576.594	578.300	561.796	551.495	558.212	569.821	577.736	575.410	574.184
163	571.935	578.464	575.064	553.949	575.723	570.689	567.266	567.159	565.479	571.163
164	572.779	575.381	580.123	561.090	574.902	562.832	568.353	572.062	569.918	574.535
165	567.777	568.146	568.693	560.093	570.095	555.314	569.644	567.979	570.133	565.715
166	818.518	958.659	951.798	930.965	896.827	912.728	934.347	922.839	867.741	814.008
167	827.860	983.566	984.288	950.689	924.006	926.580	961.479	925.090	869.669	827.407
168	833.717	997.791	1011.729	986.452	955.953	931.399	975.437	942.916	894.319	838.659
169	851.658	1039.030	1033.557	1005.765	957.539	955.791	995.054	955.907	901.005	862.535
170	852.333	1062.438	1050.980	1028.302	999.119	963.114	1027.869	964.054	916.750	870.598
171	858.322	1091.435	1083.803	1070.726	1017.578	985.076	1071.019	1003.357	925.755	881.377
172	888.214	1134.268	1125.246	1130.435	1059.151	1037.098	1129.171	1052.917	929.800	902.201
173	909.884	1139.750	1165.020	1159.813	1094.042	1093.283	1188.485	1108.052	943.814	910.575
174	912.374	1187.350	1180.610	1202.119	1146.654	1122.110	1235.562	1143.793	977.030	900.993
175	912.182	1237.116	1205.115	1270.176	1189.826	1193.794	1294.363	1222.427	1022.455	916.059
176	921.536	1266.525	1238.457	1310.760	1243.197	1244.007	1348.262	1289.036	1090.192	934.471
177	944.440	1293.319	1259.316	1355.898	1288.194	1293.477	1362.694	1355.021	1143.204	977.345
178	971.682	1318.919	1289.945	1374.313	1322.020	1349.649	1393.432	1391.753	1210.619	1018.350
179	1002.693	1349.605	1305.697	1362.392	1371.997	1374.971	1352.059	1392.859	1307.094	1078.224
180	1037.064	1340.071	1322.378	1353.117	1388.275	1367.615	1320.025	1374.392	1367.995	1154.156
181	1120.331	1335.414	1319.182	1315.910	1395.452	1369.967	1290.841	1317.848	1382.721	1230.210
182	1188.479	1299.353	1320.384	1283.411	1370.782	1321.326	1253.639	1277.633	1394.758	1300.172
183	1255.604	1278.904	1283.375	1255.211	1322.859	1290.337	1211.023	1253.882	1345.427	1344.881
184	1332.396	1278.994	1271.219	1232.833	1287.169	1239.779	1182.999	1197.303	1293.095	1366.292
185	1385.250	1262.544	1236.082	1201.512	1238.185	1214.465	1163.770	1175.931	1266.997	1375.053
186	1407.559	1219.756	1222.361	1179.520	1212.702	1185.290	1154.953	1154.734	1232.607	1337.686
187	1384.654	1206.551	1216.773	1189.983	1178.825	1178.584	1139.452	1164.100	1186.359	1278.222
188	1327.275	1201.567	1189.681	1179.345	1162.162	1123.705	1122.843	1161.645	1176.784	1215.491
189	1284.739	1200.343	1179.655	1154.918	1176.848	1121.394	1123.149	1135.842	1152.119	1203.124
190	1221.450	1194.718	1172.268	1162.778	1174.403	1126.274	1123.079	1153.933	1145.259	1162.971
191	1183.043	1178.285	1186.532	1137.973	1156.088	1128.846	1138.141	1157.704	1120.736	1144.938
192	1142.607	1191.093	1187.595	1147.207	1143.741	1117.897	1120.537	1130.900	1123.922	1132.311
193	1141.535	1194.386	1152.736	1143.303	1155.027	1134.917	1129.184	1127.786	1124.213	1132.000
194	1130.161	1176.747	1165.374	1132.155	1137.137	1109.484	1118.550	1113.653	1123.395	1131.985
195	1130.291	1180.977	1185.549	1142.428	1135.874	1120.621	1124.339	1122.703	1131.422	1127.279
196	1134.952	1167.214	1172.383	1163.865	1130.568	1101.717	1127.889	1104.341	1097.274	1127.409
197	1113.987	1166.859	1153.809	1147.820	1116.901	1092.574	1092.687	1100.186	1085.575	1112.764
198	1108.005	1164.744	1151.938	1135.784	1121.519	1104.339	1093.313	1118.067	1094.361	1096.907
199	1110.731	1170.137	1135.775	1119.296	1108.456	1121.680	1092.865	1079.223	1094.491	1111.692
200	1120.204	1153.765	1137.462	1109.341	1105.309	1103.412	1094.369	1087.925	1080.492	1086.429
201	1110.349	1161.402	1134.095	1123.238	1120.873	1081.569	1084.764	1076.156	1091.835	1100.272
202	1110.626	1160.440	1124.846	1097.797	1113.410	1082.005	1086.033	1080.800	1088.562	1093.816
203	1086.136	1152.632	1128.264	1103.662	1112.577	1080.148	1069.817	1096.117	1083.208	1077.723
204	1108.923	1125.138	1118.849	1107.557	1105.203	1068.641	1083.348	1085.204	1087.206	1089.086
205	1109.782	1138.258	1116.939	1099.131	1102.513	1037.064	1073.346	1082.223	1085.520	1065.461
206	1080.252	1137.539	1142.806	1103.689	1099.302	1066.553	1081.362	1068.067	1047.445	1069.082
207	1096.479	1134.603	1123.871	1085.131	1089.273	1078.743	1077.422	1053.847	1052.940	1074.813
208	1078.953	1134.735	1125.729	1096.166	1093.939	1064.579	1093.390	1051.369	1065.885	1070.275
209	1060.410	1135.625	1116.919	1108.890	1092.444	1056.970	1064.972	1041.421	1057.723	1060.184
210	1055.039	1117.793	1088.603	1090.687	1104.518	1056.513	1070.817	1049.829	1051.123	1067.435
211	1048.038	1120.799	1112.008	1081.441	1081.850	1067.845	1067.892	1053.211	1067.919	1021.580
212	1051.631	1130.043	1088.657	1084.355	1084.893	1055.842	1065.614	1071.809	1056.790	1026.315
213	1043.363	1104.101	1097.167	1099.432	1077.393	1047.901	1080.495	1038.845	1055.988	1018.545
214	1028.181	1113.057	1104.491	1096.472	1076.499	1050.719	1057.203	1045.686	1043.278	1034.664
215	1029.041	1098.906	1109.757	1081.023	1076.450	1047.892	1063.165	1054.971	1037.429	1013.139
216	1020.199	1095.852	1094.295	1067.192	1082.561	1051.120	1063.470	1051.703	1048.461	1023.208
217	1036.049	1077.111	1105.013	1064.992	1086.937	1070.546	1073.838	1037.803	1057.225	1027.217
218	1007.237	1094.915	1108.872	1067.641	1081.849	1072.930	1068.143	1050.888	1076.467	1033.695
219	1016.556	1106.330	1103.951	1074.043	1074.022	1064.639	1073.295	1043.528	1055.580	1031.581
220	1038.603	1106.173	1113.039	1085.916	1098.219	1075.639	1071.050	1053.248	1024.334	1030.804
221	1033.904	1116.771	1115.753	1084.362	1090.946	1072.306	1074.828	1070.140	1032.153	1019.033
222	1016.251	1116.244	1111.713	1072.294	1082.719	1056.407	1063.704	1063.408	1036.528	1012.908
223	1015.047	1105.058	1097.242	1096.682	1089.178	1070.053	1083.712	1047.141	1042.610	1022.916
224	1028.503	1091.986	1107.404	1099.296	1087.186	1074.415	1074.149	1032.245	1038.330	1033.893
225	1017.731	1104.465	1109.312	1080.210	1073.750	1082.920	1078.739	1041.300	1039.560	1023.135
226	1022.455	1127.162	1125.586	1099.272	1075.719	1092.191	1078.350	1039.638	1043.366	1026.353
227	1013.262	1112.457	1116.443	1088.193	1053.613	1073.476	1085.086	1052.847	1054.085	1010.563
228	1016.029	1136.935	1130.170	1105.709	1058.216	1071.156	1084.403	1068.939	1052.232	1019.412
229	1016.189	1125.038	1124.519	1105.094	1087.500	1065.150	1089.989	1073.776	1067.103	1015.244
230	1029.802	1131.880	1127.218	1107.724	1096.210	1078.781	1089.279	1074.429	1048.609	1015.405
231	1028.640	1135.357	1141.588	1114.777	1087.991	1087.079	1109.144	1064.572	1046.964	1008.119
232	1023.345	1135.923	1124.803	1098.429	1095.354	1091.686	1123.008	1062.241	1064.821	1023.038
233	1046.595	1133.175	1155.574	1105.027	1084.262	1095.597	1105.483	1058.703	1075.405	1013.874
234	1038.010	1144.995	1136.315	1108.937	1075.949	1133.432	1116.210	1078.963	1079.535	1023.513
235	1047.629	1149.255	1139.738	1095.496	1093.511	1106.275	1112.162	1089.315	1058.984	1022.376
236	1046.226	1162.333	1147.422	1111.577	1109.361	1111.799	1114.293	1090.647	1084.976	1040.675
237	1036.909	1155.899	1143.028	1131.675	1109.560	1125.070	1121.265	1096.122	1108.446	1044.440
238	1045.948	1161.779	1147.832	1126.892	1112.658	1110.447	1110.069	1084.445	1071.802	1047.860
239	1032.997	1163.498	1160.271	1122.273	1116.298	1135.756	1123.828	1084.357	1080.849	1028.503
240	1062.075	1153.180	1145.106	1120.884	1100.036	1147.778	1142.273	1103.997	1098.399	1038.245
241	1058.324	1173.822	1143.423	1127.649	1107.350	1146.569	1151.083	1085.381	1081.401	1048.979
242	1044.414	1181.116	1153.875	1133.129	1121.792	1147.639	1144.206	1097.061	1071.569	1055.650
243	1057.587	1213.506	1153.398	1147.186	1137.507	1157.913	1138.227	1123.077	1093.818	1054.550
244	1042.043	1188.485	1174.659	1143.432	1122.580	1173.928	1140.671	1108.322	1103.117	1079.345
245	1051.079	1207.429	1160.573	1142.785	1129.689	1162.783	1136.274	1100.804	1105.126	1085.527
246	1046.952	1202.429	1166.083	1153.146	1133.506	1183.361	1112.180	1119.663	1108.574	1093.398
247	1055.508	1193.557	1175.669	1143.771	1132.852	1199.009	1121.530	1105.576	1110.785	1087.475
248	1054.960	1199.966	1188.164	1151.062	1141.560	1183.804	1120.590	1115.582	1121.921	1097.372
249	1043.340	1201.900	1165.805	1179.644	1157.882	1184.365	1115.504	1121.783	1112.174	1094.292
250	1050.284	1202.915	1175.940	1186.822	1159.996	1170.191	1127.902	1133.274	1097.102	1078.016
251	1041.732	1187.840	1194.538	1169.156	1163.974	1159.848	1141.023	1118.312	1115.898	1072.674
252	1071.461	1197.889	1205.810	1184.298	1149.210	1151.663	1131.595	1123.188	1124.425	1080.757
253	1089.261	1215.385	1209.114	1176.663	1177.432	1150.893	1164.218	1113.815	1110.036	1069.204
254	1078.210	1205.274	1188.445	1173.161	1185.560	1171.252	1148.136	1131.455	1117.684	1061.539
255	1062.534	1183.541	1193.374	1151.983	1173.797	1163.487	1167.590	1106.972	1111.625	1064.954
256	1082.477	1218.567	1225.135	1143.442	1178.599	1147.519	1154.509	1125.375	1122.642	1077.376
257	551.559	551.559	565.015	539.356	558.050	547.412	562.874	561.135	565.521	554.449
258	555.099	555.099	561.524	547.502	548.073	542.219	558.648	553.438	576.048	558.580
259	564.413	564.413	553.019	546.364	545.268	551.794	554.315	558.955	556.933	550.738
260	545.676	545.676	548.631	551.133	546.796	548.886	564.896	565.435	579.699	560.972
261	548.050	548.050	556.837	557.949	543.598	538.737	567.225	560.009	565.883	561.767
262	565.822	565.822	556.600	544.012	542.380	538.679	552.490	549.567	566.505	560.825
263	562.628	562.628	567.588	534.201	546.025	543.540	547.700	550.430	561.038	558.964
264	555.630	555.630	555.011	556.081	549.875	553.924	546.315	546.446	566.584	550.613
265	554.502	554.502	560.144	561.145	539.676	542.595	550.656	554.730	559.163	538.937
266	557.359	557.359	553.157	547.094	545.318	544.648	546.957	547.026	540.923	549.174
267	563.101	563.101	559.964	540.108	547.075	538.377	550.082	548.063	546.365	542.713
268	554.186	554.186	549.896	534.193	546.628	552.677	564.901	551.927	559.734	544.914
269	543.065	543.065	546.568	534.678	552.674	537.980	556.261	545.237	561.557	560.891
270	547.098	547.098	551.368	543.771	540.206	544.039	553.217	554.198	557.033	547.490
271	550.257	550.257	543.599	538.081	535.110	537.835	555.462	552.788	556.694	557.192
272	556.567	556.567	554.608	541.541	547.385	549.482	552.991	549.395	566.532	548.800
273	556.977	556.977	544.550	550.412	545.984	545.588	545.383	556.446	567.107	553.599
274	547.098	547.098	538.094	556.641	549.485	539.505	561.539	551.631	557.791	548.537
275	542.182	542.182	548.066	551.322	539.164	539.262	541.927	544.690	563.592	543.544
276	549.056	549.056	550.781	551.182	548.009	545.767	542.854	537.630	556.160	539.578
277	543.901	543.901	542.311	542.510	531.228	537.440	554.290	549.226	547.787	549.556
278	546.600	546.600	548.943	540.329	537.575	531.055	548.534	552.281	551.305	544.024
279	546.719	546.719	548.440	546.206	541.466	534.350	540.597	534.346	566.263	536.511
280	546.079	546.079	551.777	547.984	536.558	544.213	544.609	534.006	562.761	543.710
281	541.630	541.630	537.619	527.156	526.196	531.621	542.966	541.082	554.678	543.133
282	530.743	530.743	548.402	544.064	532.346	533.572	548.629	552.065	556.950	535.143
283	544.699	544.699	547.957	538.967	543.391	538.414	548.728	546.648	549.438	534.482
284	554.243	554.243	550.209	538.363	538.508	539.986	551.655	529.348	549.114	554.109
285	548.575	548.575	554.761	539.172	531.635	544.855	535.000	539.955	556.775	544.883
286	550.719	550.719	546.533	530.802	539.430	526.612	535.648	547.271	548.970	546.394
287	547.387	547.387	553.430	525.091	532.812	534.838	543.871	543.227	545.703	551.011
288	545.203	545.203	539.473	523.182	535.987	535.446	539.762	537.186	542.350	547.880
289	534.845	534.845	546.354	525.357	537.249	530.550	524.188	543.397	554.974	540.605
290	534.719	534.719	545.180	525.314	542.195	536.661	528.805	531.275	546.506	539.298
291	537.968	537.968	530.433	535.566	530.731	519.740	531.376	545.669	552.383	525.510
292	550.434	550.434	530.659	527.064	523.978	527.237	541.096	543.176	549.725	541.657
293	543.582	543.582	540.113	535.478	541.166	526.822	535.388	545.534	552.261	553.090
294	548.195	548.195	534.920	539.523	535.952	531.732	547.395	532.224	546.971	541.241
295	542.364	542.364	532.296	537.292	536.181	526.625	542.262	546.466	539.695	540.927
296	537.419	537.419	529.682	529.357	527.251	524.584	540.334	540.492	548.645	544.336
297	537.124	537.124	542.856	530.008	528.985	525.314	537.849	531.588	545.443	541.877
298	539.354	539.354	532.768	531.618	537.996	521.232	531.689	537.080	548.841	536.201
299	534.018	534.018	522.873	543.244	521.547	523.826	523.916	551.530	554.386	535.813
300	534.841	534.841	536.153	525.554	529.772	520.848	538.502	538.668	553.630	530.470
301	533.682	533.682	539.030	527.905	533.755	518.474	533.088	540.127	544.545	533.111
302	523.681	523.681	527.349	517.063	531.131	522.415	535.320	534.829	543.089	532.452
303	537.303	537.303	523.712	529.803	523.331	518.055	530.779	539.957	547.847	535.622
304	524.348	524.348	540.281	529.637	527.722	516.949	524.949	534.183	543.201	522.146
305	534.367	534.367	534.000	513.790	531.450	521.723	524.088	534.268	530.442	520.419
306	528.603	528.603	526.757	521.590	541.901	523.129	537.672	534.673	537.303	538.097
307	541.265	541.265	537.792	508.771	534.169	531.189	516.551	541.343	542.070	542.698
308	546.881	546.881	530.565	519.485	531.839	526.409	526.112	529.956	537.167	533.293
309	538.349	538.349	525.912	529.916	525.427	524.021	530.002	528.311	532.901	530.968
310	542.221	542.221	533.109	514.622	531.782	521.255	518.754	532.216	536.407	534.799
311	530.025	530.025	533.935	507.533	532.936	523.199	531.588	529.054	552.868	528.327
312	538.200	538.200	543.506	530.810	530.177	523.967	528.358	537.697	540.795	526.356
313	538.379	538.379	527.885	513.737	524.398	521.659	515.002	546.841	531.989	527.384
314	529.759	529.759	513.385	520.566	533.466	532.843	534.600	533.918	533.954	525.845
315	526.069	526.069	529.186	515.706	532.370	525.862	522.660	517.572	528.120	531.372
316	531.537	531.537	530.150	526.783	540.424	524.508	526.312	523.654	531.216	539.560
317	535.445	535.445	532.561	522.792	527.683	520.474	524.296	518.743	541.643	524.681
318	542.630	542.630	526.010	511.122	536.506	529.448	534.227	527.655	537.888	521.210
319	544.552	544.552	523.612	519.463	522.900	527.027	527.661	533.734	532.694	531.932
320	531.552	531.552	547.367	526.121	514.770	525.410	530.164	524.815	533.799	530.475
321	523.384	523.384	525.175	533.862	526.532	511.118	532.190	531.493	545.936	524.667
322	536.088	536.088	523.784	516.470	518.306	521.855	540.989	534.828	534.842	531.600
323	522.311	522.311	532.412	517.259	515.250	518.829	524.193	521.253	537.337	522.764
324	529.390	529.390	527.050	516.678	522.080	511.404	543.690	532.966	547.207	521.389
325	536.713	536.713	525.304	528.107	522.334	525.730	532.593	525.907	540.382	534.058
326	536.519	536.519	523.842	521.752	522.766	530.413	519.110	537.434	535.335	522.610
327	528.454	528.454	529.244	524.274	528.502	536.027	515.542	524.704	540.984	535.314
328	525.545	525.545	534.531	510.564	539.850	525.492	520.891	523.621	540.896	523.132
329	524.919	524.919	521.763	520.552	530.164	510.145	518.895	525.371	536.056	513.510
330	532.507	532.507	524.017	513.289	519.847	521.166	520.864	522.204	531.482	516.968
331	525.710	525.710	523.653	527.690	524.565	519.387	529.712	526.869	533.975	519.331
332	527.873	527.873	528.596	519.151	525.399	513.810	537.115	522.850	534.309	530.432
333	537.212	537.212	522.722	522.511	528.638	524.250	528.489	522.875	526.050	523.055
334	524.890	524.890	532.500	519.618	519.466	520.299	515.640	530.302	521.047	529.153
335	527.132	527.132	520.858	525.346	530.950	523.068	521.423	533.019	514.088	530.052
336	523.114	523.114	528.267	522.464	528.289	520.965	529.793	528.031	529.479	519.768
