 	Profile_Slice_1	Profile_Slice_2
1	262.601	262.376
2	252.421	250.382
3	253.483	255.802
4	265.950	250.005
5	259.269	251.996
6	248.620	244.164
7	264.451	260.769
8	255.097	253.852
9	250.416	243.992
10	245.164	256.192
11	246.984	244.495
12	250.357	242.894
13	241.389	251.605
14	252.302	258.249
15	259.384	246.973
16	250.794	248.730
17	250.250	249.232
18	255.736	256.037
19	257.621	255.886
20	250.605	253.186
21	254.564	253.145
22	245.525	247.940
23	250.504	261.562
24	254.756	249.936
25	245.768	253.920
26	247.941	257.170
27	254.244	258.996
28	249.984	246.643
29	257.397	251.525
30	255.327	246.817
31	248.018	267.759
32	261.087	248.980
33	258.227	253.034
34	252.440	257.304
35	256.355	256.190
36	257.016	270.942
37	262.748	262.504
38	252.696	263.001
39	256.615	259.036
40	255.443	259.135
41	248.224	265.039
42	257.074	269.476
43	267.555	280.367
44	253.947	253.732
45	255.856	254.822
46	256.392	261.572
47	258.109	264.526
48	257.469	252.962
49	257.057	249.387
50	251.467	267.930
51	261.275	258.672
52	259.804	255.828
53	263.991	268.365
54	258.061	263.765
55	247.902	268.482
56	264.890	262.152
57	267.622	255.581
58	262.553	253.828
59	250.141	245.629
60	256.644	249.401
61	253.961	253.473
62	251.793	271.121
63	259.501	266.927
64	258.642	253.619
65	255.206	254.621
66	250.747	256.031
67	256.136	255.470
68	257.806	248.654
69	263.121	262.387
70	258.753	272.107
71	264.341	272.376
72	261.033	272.117
73	251.311	263.749
74	266.471	262.336
75	269.837	275.535
76	261.436	273.647
77	262.739	272.042
78	268.204	258.165
79	265.450	277.198
80	262.744	279.976
81	265.783	265.487
82	254.669	265.921
83	258.440	268.108
84	265.738	271.116
85	273.512	258.619
86	272.523	255.102
87	267.802	258.881
88	265.096	270.485
89	262.290	266.174
90	269.776	264.800
91	279.801	267.430
92	276.956	260.135
93	274.896	267.151
94	274.966	275.024
95	260.683	270.242
96	274.539	272.953
97	272.626	262.480
98	277.029	270.965
99	266.416	275.063
100	271.534	280.840
101	266.822	264.245
102	275.063	272.873
103	260.115	271.388
104	269.554	270.122
105	283.684	270.934
106	275.001	259.758
107	267.773	278.346
108	270.743	275.951
109	288.269	271.978
110	266.118	274.687
111	270.297	273.496
112	274.525	261.163
113	280.690	274.691
114	273.114	277.938
115	274.326	281.712
116	278.997	267.440
117	276.486	274.694
118	286.316	286.734
119	272.623	285.947
120	287.431	271.271
121	271.514	284.670
122	292.610	273.437
123	275.526	276.792
124	286.071	283.182
125	281.074	289.926
126	284.181	295.673
127	295.436	304.099
128	289.339	311.140
129	277.608	278.960
130	288.358	273.940
131	290.627	286.394
132	319.177	288.496
133	303.198	294.609
134	283.610	313.646
135	286.446	302.288
136	294.133	303.440
137	303.796	310.024
138	287.970	296.665
139	300.162	296.591
140	296.779	298.817
141	285.156	295.051
142	298.499	307.317
143	294.029	316.562
144	296.561	307.818
145	314.936	304.760
146	308.115	312.549
147	300.313	319.252
148	317.349	329.306
149	329.190	314.682
150	324.508	316.460
151	316.405	323.687
152	336.920	313.836
153	346.221	334.241
154	341.703	330.962
155	326.427	339.198
156	337.370	336.738
157	328.720	342.020
158	336.227	355.554
159	344.058	341.629
160	360.521	337.134
161	358.859	334.703
162	363.801	350.696
163	357.232	353.623
164	369.016	374.110
165	382.459	381.522
166	375.199	380.068
167	380.733	376.145
168	405.295	380.583
169	398.395	382.190
170	408.489	383.571
171	418.275	403.434
172	408.835	402.283
173	424.744	412.267
174	428.574	415.159
175	447.387	429.814
176	432.001	420.669
177	436.434	435.524
178	457.033	445.551
179	469.275	452.274
180	476.379	449.516
181	497.246	450.906
182	516.245	462.917
183	533.721	474.444
184	555.320	465.492
185	573.569	467.261
186	583.522	494.930
187	578.926	504.245
188	586.366	509.873
189	595.231	513.652
190	586.696	515.706
191	589.232	531.696
192	593.863	527.092
193	610.379	536.316
194	589.979	582.543
195	626.772	579.678
196	631.077	591.816
197	630.087	597.027
198	654.837	604.938
199	653.221	622.551
200	689.901	668.723
201	726.855	708.326
202	758.415	756.272
203	777.174	801.750
204	812.455	813.607
205	832.844	817.632
206	797.100	789.090
207	758.901	751.630
208	704.790	725.362
209	703.354	708.418
210	684.430	680.220
211	686.277	671.759
212	657.418	660.656
213	646.744	642.183
214	638.083	637.352
215	607.205	638.234
216	593.049	635.781
217	621.663	612.447
218	618.394	593.565
219	605.334	605.609
220	580.147	614.803
221	593.752	637.677
222	573.243	630.184
223	576.832	624.032
224	560.768	615.844
225	570.737	624.432
226	604.764	634.497
227	598.880	620.924
228	583.629	623.678
229	564.346	612.607
230	571.719	600.823
231	575.295	597.098
232	583.094	567.180
233	582.820	590.568
234	555.540	582.980
235	559.293	585.961
236	563.211	557.068
237	562.444	570.305
238	566.740	542.001
239	570.314	547.737
240	548.807	543.014
241	551.112	539.493
242	569.499	550.887
243	554.989	528.893
244	544.030	533.896
245	565.338	557.190
246	555.067	543.257
247	556.806	524.511
248	554.996	552.049
249	545.991	530.539
250	532.453	529.496
251	536.448	536.739
252	523.019	530.708
253	507.757	526.078
254	504.441	536.275
255	520.113	536.018
256	527.667	532.024
257	534.926	541.131
258	530.172	551.689
259	520.765	539.327
260	526.268	539.372
261	530.673	517.627
262	519.827	528.213
263	530.385	517.973
264	534.549	544.220
265	501.724	511.358
266	525.610	517.490
267	524.037	528.312
268	516.232	508.399
269	539.505	541.893
270	525.581	540.098
271	509.731	542.979
272	516.102	524.919
273	527.885	525.046
274	531.673	523.493
275	552.337	555.661
276	548.270	546.119
277	555.196	538.534
278	552.179	546.454
279	552.836	530.503
280	548.706	550.568
281	526.748	544.226
282	535.727	530.167
283	537.600	514.800
284	547.420	546.306
285	540.101	537.761
286	526.363	534.813
287	531.420	551.738
288	536.198	544.128
289	539.973	546.707
290	551.166	540.902
291	538.750	548.247
292	539.733	530.560
293	519.984	525.667
294	546.574	540.992
295	551.599	530.156
296	545.489	530.189
297	396.819	404.966
298	413.912	407.258
299	399.132	406.424
300	400.626	419.301
301	397.976	427.650
302	422.249	437.420
303	437.134	434.673
304	444.712	432.727
305	444.976	440.560
306	450.078	454.879
307	457.913	443.139
308	474.293	484.327
309	472.494	489.360
310	500.999	497.370
311	521.375	504.020
312	500.754	506.463
313	516.436	515.806
314	524.689	545.528
315	544.822	552.891
316	550.113	573.087
317	583.976	571.883
318	610.917	607.201
319	575.018	594.032
320	608.983	624.549
321	618.847	640.362
322	655.957	645.321
323	667.334	679.379
324	679.995	729.102
325	744.165	736.960
326	787.039	758.940
327	812.740	820.848
328	866.719	858.155
329	897.549	876.935
330	917.645	909.641
331	936.331	887.306
332	957.414	907.665
333	959.444	917.812
334	930.680	921.305
335	921.057	868.821
336	899.760	839.936
337	865.753	795.535
338	846.473	785.931
339	809.540	786.439
340	808.258	752.751
341	804.049	740.772
342	780.072	734.642
343	756.488	756.574
344	733.378	710.026
345	715.796	696.268
346	692.463	691.254
347	681.985	656.990
348	686.676	680.842
349	654.177	668.079
350	659.078	656.050
351	673.989	658.204
352	656.111	655.701
353	665.920	646.037
354	643.742	629.598
355	628.711	614.994
356	628.414	643.495
357	624.341	603.991
358	630.845	601.406
359	637.248	609.881
360	601.389	618.139
361	605.412	582.144
362	611.966	590.556
363	618.266	617.249
364	602.301	592.556
365	591.996	574.809
366	590.767	589.111
367	600.331	588.186
368	584.986	582.743
369	592.943	560.823
370	600.217	582.131
371	589.380	580.584
372	588.130	578.603
373	581.840	577.202
374	559.430	551.713
375	564.771	550.719
376	553.414	560.999
377	567.504	563.810
378	564.793	550.463
379	570.762	544.736
380	568.439	542.109
381	556.648	552.312
382	560.919	551.250
383	578.795	547.708
384	540.481	561.566
385	537.202	576.152
386	551.641	553.573
387	571.992	519.814
388	556.264	542.371
389	565.133	572.004
390	569.239	561.369
391	556.385	540.438
392	551.127	564.479
393	545.304	564.532
394	534.968	553.526
395	567.822	545.721
396	548.168	557.060
397	564.013	552.390
398	558.330	546.116
399	560.160	552.465
400	572.171	544.613
401	552.849	551.770
402	553.260	584.261
403	561.725	564.168
404	547.039	570.068
405	536.160	545.611
406	529.886	550.630
407	544.636	560.879
408	544.537	537.705
409	523.663	535.511
410	535.905	544.531
411	566.590	553.665
412	558.837	555.717
413	542.270	549.774
414	542.277	544.379
415	534.500	546.893
416	541.071	566.639
417	552.853	546.933
418	566.070	566.037
419	563.890	542.027
420	568.379	555.083
421	557.950	550.781
422	568.627	574.784
423	568.985	583.474
424	556.442	562.072
425	575.705	564.117
426	568.236	591.113
427	571.211	583.890
