 	Profile_Slice_1	Profile_Slice_2	Profile_Slice_3	Profile_Slice_4	Profile_Slice_5	Profile_Slice_6	Profile_Slice_7	Profile_Slice_8	Profile_Slice_9
1	299.000	299.000	263.000	225.000	265.000	317.000	274.000	310.000	337.000
2	277.991	277.991	267.498	261.344	286.342	307.854	297.882	300.332	291.996
3	281.257	281.257	276.231	276.239	254.171	303.210	302.232	286.380	311.934
4	294.407	294.407	277.881	302.058	233.851	306.599	302.072	290.220	306.736
5	306.504	306.504	289.606	255.150	282.359	321.136	309.513	277.845	307.855
6	304.137	304.137	287.493	273.283	259.315	300.433	307.024	277.727	312.484
7	304.241	304.241	292.145	283.617	252.911	310.990	322.281	285.803	305.825
8	277.930	277.930	274.809	264.630	264.215	314.282	291.173	303.013	321.505
9	280.309	280.309	292.013	259.617	254.735	311.956	297.070	277.716	292.504
10	289.644	289.644	286.685	264.945	262.689	319.384	289.820	299.609	324.602
11	309.708	309.708	273.403	255.134	261.277	301.299	290.305	294.038	336.525
12	288.088	288.088	288.994	249.189	281.361	310.206	326.794	317.506	301.138
13	271.655	271.655	290.277	260.008	256.501	297.587	317.677	311.429	306.325
14	294.372	294.372	284.143	244.020	264.386	294.568	310.250	292.162	332.367
15	293.017	293.017	283.450	257.065	254.009	314.986	304.916	310.205	312.619
16	285.330	285.330	287.281	251.666	247.653	287.146	306.068	285.029	298.458
17	279.921	279.921	309.166	258.772	256.493	291.000	286.828	299.164	283.896
18	279.852	279.852	293.963	253.889	257.926	286.667	284.444	301.556	292.556
19	267.702	267.702	285.090	279.644	275.093	295.931	298.675	309.073	309.619
20	300.778	300.778	253.875	284.107	280.351	286.513	295.418	297.432	323.970
21	302.656	302.656	260.554	262.138	247.695	307.135	309.405	303.265	342.331
22	292.955	292.955	265.916	251.694	239.451	273.928	302.489	291.847	329.646
23	272.449	272.449	317.792	244.401	300.251	287.015	307.416	289.066	324.917
24	257.978	257.978	289.984	271.021	300.704	305.520	294.300	302.333	318.494
25	265.239	265.239	295.012	275.956	276.800	313.227	319.381	317.239	302.324
26	298.848	298.848	275.571	278.286	275.620	309.428	340.839	317.538	314.340
27	323.209	323.209	294.430	298.763	262.525	318.329	309.449	316.221	325.372
28	325.401	325.401	304.014	283.727	272.592	308.415	314.834	307.225	321.443
29	325.152	325.152	271.705	280.579	262.928	316.468	321.410	307.438	308.678
30	307.160	307.160	270.871	287.059	284.076	282.542	345.603	332.961	322.794
31	335.160	335.160	297.428	271.627	274.148	322.226	344.516	339.881	323.521
32	304.547	304.547	294.554	284.469	278.702	334.636	332.275	329.562	304.849
33	287.856	287.856	289.513	292.813	268.942	314.435	339.603	322.333	305.075
34	282.118	282.118	290.534	283.248	276.963	342.321	358.890	336.761	323.337
35	293.963	293.963	308.000	266.741	287.259	311.185	331.222	329.407	318.000
36	287.038	287.038	311.709	270.556	292.803	305.454	317.526	325.842	321.564
37	320.702	320.702	332.612	295.315	285.522	312.076	332.260	318.010	331.190
38	312.577	312.577	310.118	272.406	296.653	347.237	325.427	338.918	330.040
39	303.007	303.007	306.722	276.747	284.381	348.498	323.291	343.385	337.311
40	315.309	315.309	316.531	290.796	310.802	332.374	312.407	342.863	339.595
41	315.402	315.402	328.694	321.026	267.744	333.092	354.272	337.401	337.868
42	305.293	305.293	306.265	329.687	289.900	356.397	340.782	323.752	350.354
43	307.810	307.810	319.133	319.767	301.779	358.762	323.815	335.657	362.622
44	339.384	339.384	305.362	307.229	295.330	348.988	346.728	320.224	341.806
45	312.320	312.320	310.069	310.082	313.314	322.152	336.596	330.316	347.383
46	326.858	326.858	341.512	329.848	305.651	355.149	371.529	343.329	340.280
47	332.118	332.118	308.560	305.010	315.286	370.248	358.979	331.630	315.207
48	317.532	317.532	329.059	302.554	321.449	364.455	336.211	322.097	341.426
49	326.496	326.496	316.337	309.051	327.217	346.095	357.020	348.050	343.729
50	333.565	333.565	309.517	326.241	317.897	352.438	365.332	341.534	361.282
51	343.626	343.626	349.163	321.327	319.807	364.217	363.452	336.473	360.173
52	345.667	345.667	320.333	319.333	317.333	361.000	353.333	334.333	377.667
53	356.359	356.359	349.019	276.277	354.965	370.153	363.009	319.504	353.200
54	350.537	350.537	337.760	332.551	314.649	390.628	353.943	368.015	391.836
55	364.810	364.810	336.436	350.498	314.824	396.201	357.799	370.779	412.087
56	367.799	367.799	324.522	313.237	352.136	384.953	344.293	357.248	376.834
57	338.098	338.098	339.596	340.519	355.077	394.262	383.946	375.586	390.917
58	351.873	351.873	332.821	316.381	351.201	372.421	376.953	389.448	388.663
59	402.943	402.943	334.422	343.062	343.113	381.540	381.015	396.687	426.840
60	397.449	397.449	330.355	332.164	352.020	376.670	386.042	370.921	376.724
61	364.406	364.406	354.218	326.749	345.869	405.662	386.161	367.065	394.806
62	351.771	351.771	358.718	315.423	327.432	408.105	390.453	356.959	399.926
63	329.652	329.652	348.201	310.126	336.186	415.878	386.656	346.730	404.839
64	392.644	392.644	365.128	356.519	337.422	423.114	405.000	379.706	404.457
65	414.138	414.138	342.187	355.575	355.114	432.980	414.414	370.892	407.135
66	450.080	450.080	348.997	351.635	349.542	444.662	405.299	406.088	429.402
67	385.203	385.203	370.322	349.757	354.518	425.528	421.547	440.662	443.129
68	382.602	382.602	393.651	363.848	385.753	420.701	433.077	422.507	455.499
69	427.111	427.111	375.000	368.037	395.704	410.074	441.296	394.000	449.074
70	404.636	404.636	389.992	402.033	419.887	472.126	463.331	398.727	469.657
71	416.408	416.408	412.992	392.301	384.907	413.798	456.316	419.715	485.643
72	416.157	416.157	399.488	383.447	378.420	437.229	468.108	428.454	484.954
73	428.837	428.837	402.218	397.097	392.114	439.377	462.875	434.270	461.111
74	438.402	438.402	424.822	393.596	398.853	474.954	479.219	461.001	457.481
75	421.403	421.403	453.671	403.668	434.465	458.234	468.947	454.561	501.199
76	451.505	451.505	433.353	439.362	415.997	494.412	473.675	427.971	504.325
77	463.450	463.450	405.098	408.631	393.587	497.017	486.164	467.610	471.754
78	449.188	449.188	425.115	409.469	399.436	542.346	530.828	473.989	536.665
79	433.794	433.794	440.860	431.378	446.627	522.796	548.970	492.715	598.044
80	468.029	468.029	452.873	415.306	429.495	509.164	572.236	521.873	595.118
81	492.993	492.993	421.952	444.648	458.734	506.307	562.784	561.621	555.534
82	488.754	488.754	475.003	411.616	479.571	520.526	572.872	522.785	568.913
83	505.083	505.083	448.457	470.106	458.321	550.227	630.907	516.679	593.470
84	475.786	475.786	476.009	483.972	442.068	540.668	625.831	549.857	647.304
85	491.621	491.621	535.588	472.038	520.548	513.399	659.055	534.999	635.582
86	520.704	520.704	489.889	515.630	486.519	571.444	691.074	584.667	694.296
87	501.871	501.871	529.452	511.696	526.218	600.957	733.931	577.602	749.001
88	513.618	513.618	540.616	485.863	543.768	577.639	767.790	610.577	785.968
89	538.783	538.783	493.008	463.392	484.318	569.443	762.734	600.200	843.921
90	562.055	562.055	518.369	486.615	515.428	577.692	814.115	616.929	879.919
91	580.505	580.505	532.197	503.817	540.249	630.388	877.817	636.284	892.042
92	615.202	615.202	515.738	573.170	542.333	625.915	849.232	660.240	939.946
93	593.907	593.907	572.550	525.181	594.270	672.083	969.067	692.847	979.497
94	642.514	642.514	611.965	563.261	604.885	671.384	1015.699	743.137	1020.201
95	680.232	680.232	567.573	584.324	585.402	695.845	1022.104	746.815	1036.018
96	758.674	758.674	618.269	619.147	686.282	685.276	1058.701	802.361	990.951
97	688.702	688.702	651.276	593.452	645.593	717.255	1022.418	894.441	1003.213
98	745.968	745.968	703.690	618.995	658.934	744.535	1000.351	927.809	960.605
99	781.605	781.605	712.914	654.659	681.468	783.864	924.631	942.478	903.425
100	778.394	778.394	729.460	711.664	698.356	810.536	863.955	987.588	886.799
101	858.907	858.907	775.131	675.048	699.057	805.120	830.398	988.513	882.806
102	833.017	833.017	829.347	737.423	739.550	855.316	792.575	1087.136	854.905
103	853.000	853.000	844.000	707.333	740.000	858.333	757.000	1034.333	841.667
104	875.867	875.867	855.718	792.241	794.552	918.863	831.669	1054.449	814.238
105	840.776	840.776	902.732	794.781	826.548	978.578	787.488	1117.805	778.432
106	836.591	836.591	844.344	796.720	849.128	1003.969	738.762	1138.675	745.104
107	864.104	864.104	911.675	832.138	879.440	956.343	765.471	1145.045	776.364
108	788.772	788.772	928.631	881.841	866.849	1005.421	763.161	1169.395	760.541
109	794.232	794.232	881.467	953.024	946.682	1011.405	709.488	1146.329	764.308
110	731.965	731.965	905.801	941.314	1020.216	1065.118	676.842	1165.368	723.685
111	747.206	747.206	842.718	944.651	1071.882	1096.056	727.950	1048.791	688.675
112	747.940	747.940	855.892	895.146	1050.769	1015.820	712.197	1028.322	686.531
113	724.640	724.640	785.220	846.947	984.952	998.774	736.157	961.124	697.498
114	721.831	721.831	725.147	845.550	949.694	953.081	698.217	971.884	693.941
115	660.820	660.820	715.009	809.836	945.293	894.990	717.572	861.408	687.377
116	683.935	683.935	778.294	810.759	889.637	876.270	715.308	829.673	725.313
117	672.348	672.348	756.272	765.186	906.829	798.695	740.253	816.527	671.527
118	724.270	724.270	716.443	761.875	817.187	832.343	724.201	795.830	682.841
119	685.167	685.167	792.709	749.380	811.290	800.801	696.821	769.363	729.922
120	685.407	685.407	766.185	742.185	794.296	804.519	692.407	784.741	699.852
121	774.922	774.922	727.211	668.707	741.493	828.250	752.095	791.947	699.076
122	732.196	732.196	713.755	711.669	749.626	844.753	726.540	746.311	677.481
123	720.065	720.065	729.900	713.237	744.024	829.062	707.207	758.188	680.167
124	754.443	754.443	740.825	741.408	734.825	792.323	709.691	790.867	712.594
125	711.766	711.766	781.845	678.947	707.821	722.127	789.758	813.638	746.579
126	723.208	723.208	753.119	705.298	773.998	775.076	744.156	762.750	719.785
127	747.519	747.519	756.388	720.702	756.678	788.965	726.789	763.062	679.405
128	744.935	744.935	743.357	692.829	792.972	752.653	720.719	787.100	668.190
129	747.419	747.419	695.328	717.173	779.571	793.613	745.155	806.167	676.153
130	756.852	756.852	723.971	703.307	767.578	826.836	781.141	828.396	683.467
131	743.175	743.175	693.486	702.617	813.640	782.148	749.325	837.775	657.393
132	763.927	763.927	747.555	727.496	761.077	821.998	744.003	823.645	675.150
133	746.698	746.698	738.287	715.238	758.760	763.205	724.021	804.984	695.411
134	748.856	748.856	726.156	707.638	747.716	760.813	717.957	817.557	697.064
135	757.885	757.885	730.572	689.966	726.765	765.650	732.490	806.938	630.967
136	804.948	804.948	762.536	709.301	673.893	767.651	762.419	814.415	678.730
137	784.667	784.667	744.222	697.185	675.704	759.111	724.481	782.963	716.407
138	823.675	823.675	703.305	747.986	694.805	791.720	729.377	804.893	722.054
139	877.284	877.284	731.743	702.815	712.194	772.403	745.081	794.881	699.973
140	876.135	876.135	729.363	714.297	680.029	778.040	741.747	811.529	692.691
141	860.979	860.979	730.504	708.034	657.749	755.077	753.303	787.224	674.963
142	843.386	843.386	747.543	683.256	684.913	779.684	704.901	734.370	687.240
143	871.559	871.559	739.250	709.821	690.773	775.003	707.643	774.354	718.216
144	825.283	825.283	738.133	754.264	697.323	742.147	706.920	718.132	740.271
145	803.855	803.855	711.958	750.336	690.422	754.412	729.640	722.744	721.699
146	781.526	781.526	724.903	758.136	696.547	760.735	751.513	690.959	719.048
147	838.297	838.297	748.367	705.337	722.110	787.374	734.105	684.185	658.635
148	800.641	800.641	764.753	732.196	738.814	837.514	697.068	723.180	721.624
149	834.985	834.985	759.052	720.222	710.615	827.820	723.372	747.900	744.338
150	828.097	828.097	736.166	715.530	710.594	856.939	775.378	670.050	744.047
151	856.753	856.753	751.562	680.938	739.319	780.783	718.640	709.434	742.735
152	846.624	846.624	792.010	732.813	741.786	762.463	730.246	697.725	743.650
153	824.628	824.628	797.715	731.122	742.096	777.496	743.449	699.985	732.258
154	779.000	779.000	802.000	672.000	791.000	887.000	776.000	710.000	740.000
155	346.995	348.798	364.870	346.995	312.050	380.639	354.282	374.978	346.605
156	353.152	317.293	341.206	353.152	314.184	351.082	354.626	346.785	327.303
157	351.342	337.686	341.823	351.342	324.100	344.635	355.824	335.099	323.289
158	337.762	343.970	341.673	337.762	330.914	397.675	326.256	323.162	349.164
159	323.831	369.163	349.940	323.831	333.129	380.718	370.649	357.450	359.892
160	355.274	344.413	337.994	355.274	305.887	363.615	355.773	363.452	338.627
161	337.922	332.100	339.750	337.922	332.403	368.222	380.836	365.717	321.267
162	325.026	316.733	343.306	325.026	321.767	354.445	359.492	339.440	336.511
163	338.527	332.559	348.685	338.527	311.046	343.581	372.086	345.346	350.492
164	320.575	353.400	358.100	320.575	316.976	339.878	373.902	368.836	361.967
165	334.685	310.776	341.825	334.685	308.155	328.505	381.269	347.741	332.283
166	325.906	318.257	327.717	325.906	279.824	341.942	368.939	325.616	356.292
167	330.624	337.061	304.963	330.624	288.863	353.148	334.952	352.262	323.819
168	327.133	353.470	304.331	327.133	296.918	343.316	341.236	352.339	307.121
169	333.071	329.705	323.636	333.071	326.546	347.329	337.473	355.310	331.548
170	320.395	320.024	318.603	320.395	334.957	375.235	345.458	339.959	333.581
171	298.918	313.454	307.944	298.918	298.514	343.431	348.151	317.900	313.368
172	297.519	338.370	332.677	297.519	303.804	340.196	349.755	338.764	325.086
173	352.180	362.296	346.912	352.180	334.676	321.324	322.802	328.960	314.466
174	323.245	336.210	345.836	323.245	294.900	338.087	340.167	330.259	315.218
175	307.000	330.701	316.495	307.000	310.910	322.453	335.474	323.434	335.863
176	305.757	330.610	335.132	305.757	297.429	326.433	326.684	323.922	332.132
177	305.206	318.420	366.552	305.206	283.985	318.846	328.087	300.257	334.561
178	300.390	315.287	333.863	300.390	283.789	338.836	341.324	334.310	351.597
179	302.819	296.562	342.050	302.819	307.389	312.260	339.844	316.099	357.028
180	298.540	326.743	313.689	298.540	293.221	325.357	332.681	322.283	343.392
181	324.068	354.693	313.072	324.068	296.560	353.833	314.522	304.811	331.788
182	332.617	310.671	305.984	332.617	292.493	340.067	356.216	331.058	327.328
183	309.971	328.343	301.187	309.971	282.255	321.806	371.959	305.769	325.051
184	301.523	332.411	294.896	301.523	283.661	315.112	335.800	303.776	313.755
185	318.334	307.931	322.521	318.334	312.562	309.321	317.525	310.718	324.826
186	287.947	331.676	302.699	287.947	283.284	330.779	301.560	328.833	333.035
187	274.944	320.571	298.119	274.944	309.319	349.652	332.600	328.453	285.187
188	316.685	294.835	318.766	316.685	288.548	320.386	353.423	336.436	302.569
189	309.169	290.564	321.959	309.169	293.431	328.062	350.447	324.922	307.876
190	290.972	289.257	302.664	290.972	285.654	316.048	320.611	325.408	308.998
191	282.263	272.465	295.895	282.263	278.936	335.297	323.810	323.081	307.883
192	292.358	299.230	302.114	292.358	274.015	321.914	358.468	341.828	336.585
193	303.159	297.892	303.897	303.159	288.617	310.384	327.072	352.610	315.766
194	271.026	286.689	299.408	271.026	277.743	311.440	315.097	321.731	299.095
195	282.001	277.963	295.871	282.001	284.205	329.583	311.844	303.664	294.393
196	267.055	290.520	320.032	267.055	293.729	313.361	315.585	326.415	324.843
197	288.041	304.538	303.292	288.041	274.382	313.827	311.501	324.756	307.406
198	306.775	288.081	292.134	306.775	271.811	322.298	326.177	306.193	287.333
199	293.583	289.949	301.603	293.583	263.796	351.933	314.817	313.341	320.457
200	284.000	311.000	298.000	284.000	274.000	307.000	332.000	325.000	288.000
