 	Profile_Slice_1	Profile_Slice_2	Profile_Slice_3	Profile_Slice_4	Profile_Slice_5	Profile_Slice_6	Profile_Slice_7	Profile_Slice_8	Profile_Slice_9
1	1454.827	1320.251	1379.282	1406.786	1445.670	1433.025	1422.494	1443.541	1419.152
2	1425.181	1331.625	1373.323	1395.655	1438.351	1419.106	1414.414	1439.377	1378.010
3	1432.141	1344.308	1360.187	1401.962	1437.253	1431.047	1412.030	1423.359	1390.968
4	1418.367	1326.013	1341.670	1398.361	1435.808	1435.959	1403.098	1432.197	1385.600
5	1399.881	1301.530	1335.137	1400.634	1437.409	1440.729	1398.769	1425.559	1369.100
6	1380.331	1284.928	1361.111	1361.440	1396.825	1418.286	1384.193	1415.442	1370.825
7	1404.656	1265.574	1324.572	1372.697	1394.175	1399.570	1389.413	1410.289	1350.036
8	1387.891	1293.503	1342.398	1368.924	1413.309	1403.839	1358.313	1397.418	1374.968
9	1392.005	1292.399	1328.288	1335.097	1389.419	1402.399	1365.189	1395.773	1367.528
10	1389.583	1282.408	1315.421	1325.091	1381.560	1380.955	1363.177	1387.768	1346.273
11	1372.098	1269.509	1313.728	1325.743	1388.151	1391.856	1371.098	1403.853	1328.625
12	1378.315	1261.301	1313.923	1348.663	1391.565	1344.974	1381.569	1393.655	1339.561
13	1354.198	1269.552	1312.065	1340.458	1397.648	1335.274	1355.642	1396.457	1327.829
14	1366.986	1272.845	1289.013	1353.823	1401.060	1349.204	1362.052	1377.102	1336.260
15	1356.241	1272.065	1282.341	1325.544	1379.392	1362.069	1372.872	1379.578	1323.960
16	1351.209	1269.502	1296.567	1320.201	1376.696	1351.939	1381.308	1368.713	1324.073
17	1358.853	1261.493	1287.687	1313.250	1366.312	1398.949	1331.471	1382.685	1316.701
18	1371.444	1255.252	1301.505	1312.729	1369.197	1382.350	1341.949	1384.795	1321.500
19	1339.497	1272.948	1278.344	1325.856	1363.679	1362.004	1333.882	1336.058	1322.931
20	1328.408	1272.783	1305.031	1324.421	1363.021	1354.723	1344.886	1342.218	1334.002
21	1325.808	1284.510	1293.486	1313.637	1355.390	1353.704	1343.013	1350.287	1301.615
22	1343.198	1263.555	1299.574	1318.623	1365.263	1357.871	1306.224	1350.709	1296.594
23	1332.995	1261.411	1292.971	1304.931	1365.951	1330.581	1304.892	1340.342	1304.524
24	1337.494	1262.567	1300.318	1307.229	1352.304	1339.528	1324.221	1355.502	1304.216
25	1320.020	1251.514	1288.775	1329.791	1335.847	1324.480	1331.426	1343.012	1284.009
26	1328.008	1258.768	1277.695	1342.507	1343.649	1318.903	1299.575	1329.810	1278.348
27	1335.452	1256.874	1294.184	1306.378	1338.586	1326.684	1296.586	1328.221	1283.021
28	1331.707	1256.716	1278.900	1334.977	1352.503	1321.489	1318.845	1334.011	1273.203
29	1308.393	1247.835	1296.053	1310.670	1352.535	1333.868	1300.939	1340.132	1287.895
30	1287.745	1239.003	1268.377	1317.191	1333.155	1305.114	1291.855	1315.514	1268.204
31	1293.895	1230.432	1255.796	1321.134	1307.741	1291.928	1283.405	1282.480	1250.215
32	1294.454	1214.152	1246.353	1285.269	1313.125	1299.340	1268.488	1310.267	1251.598
33	1295.502	1219.518	1245.362	1282.821	1306.956	1283.654	1263.145	1305.183	1233.430
34	1278.636	1219.033	1243.949	1256.829	1282.718	1283.328	1262.464	1282.983	1240.495
35	1265.215	1185.012	1227.764	1241.524	1297.346	1270.595	1254.599	1275.607	1247.617
36	1263.157	1164.563	1218.949	1254.245	1282.675	1271.171	1244.462	1266.420	1249.617
37	1263.379	1163.174	1207.337	1236.931	1260.657	1246.856	1231.512	1272.429	1216.925
38	1268.289	1193.917	1184.181	1216.514	1260.771	1250.500	1238.070	1248.318	1234.530
39	1265.388	1180.334	1187.670	1195.683	1264.920	1244.491	1231.711	1268.566	1229.029
40	1252.872	1199.406	1180.750	1198.486	1239.414	1224.764	1216.095	1244.334	1189.597
41	1266.134	1174.798	1185.248	1190.150	1225.614	1220.889	1207.833	1243.934	1197.103
42	1261.034	1162.946	1189.839	1206.933	1232.451	1203.492	1206.369	1220.683	1212.740
43	1263.274	1165.958	1189.588	1218.607	1231.339	1224.400	1214.754	1207.624	1215.366
44	1239.344	1171.343	1185.973	1195.888	1225.034	1219.918	1219.841	1244.494	1224.545
45	1258.871	1178.958	1190.504	1210.446	1231.272	1211.338	1180.053	1231.355	1229.318
46	1246.223	1185.925	1203.786	1218.234	1232.098	1225.735	1186.502	1222.857	1220.898
47	1235.982	1198.040	1195.051	1227.760	1226.701	1214.627	1210.264	1230.355	1216.061
48	1243.740	1219.232	1213.344	1232.316	1229.962	1214.848	1212.536	1237.181	1217.558
49	1220.087	1234.737	1230.188	1227.059	1252.455	1216.051	1227.792	1264.364	1203.803
50	1268.018	1229.761	1218.223	1242.170	1261.707	1237.583	1242.762	1247.738	1205.742
51	1278.535	1233.728	1226.473	1226.479	1272.504	1261.308	1241.005	1239.749	1234.736
52	1272.928	1235.413	1248.962	1225.887	1290.327	1247.851	1245.684	1251.005	1244.818
53	1280.434	1225.282	1230.949	1238.792	1301.277	1277.595	1271.621	1259.479	1269.279
54	1300.823	1208.957	1222.597	1239.552	1307.119	1287.989	1265.943	1276.248	1271.477
55	1321.241	1221.158	1224.996	1247.136	1307.154	1279.453	1264.178	1295.016	1296.190
56	1315.008	1220.677	1234.283	1259.696	1298.634	1272.128	1290.423	1317.690	1323.661
57	1325.357	1229.522	1218.444	1266.751	1318.305	1293.599	1311.622	1350.635	1331.030
58	1340.637	1229.055	1234.541	1282.328	1317.425	1316.969	1323.693	1361.684	1326.444
59	1361.435	1260.021	1243.145	1263.195	1320.684	1328.748	1327.604	1368.263	1354.062
60	1404.057	1270.470	1252.221	1281.127	1331.338	1351.496	1352.043	1407.780	1400.500
61	1436.192	1291.609	1259.721	1307.035	1356.163	1373.329	1373.913	1442.690	1431.372
62	1463.889	1307.300	1290.496	1301.580	1362.204	1417.296	1415.374	1456.602	1474.071
63	1525.657	1342.497	1320.319	1309.350	1390.102	1442.434	1432.972	1511.559	1504.703
64	1553.366	1375.131	1322.085	1323.239	1412.450	1438.634	1462.657	1576.137	1565.463
65	1608.171	1376.045	1345.363	1346.499	1410.965	1460.615	1505.971	1654.590	1592.738
66	1660.609	1427.442	1384.643	1394.361	1470.435	1492.727	1549.889	1726.432	1653.719
67	1692.835	1458.868	1401.048	1398.455	1451.273	1523.704	1604.459	1783.631	1690.960
68	1718.007	1484.722	1438.610	1449.163	1476.388	1563.743	1671.756	1858.251	1715.123
69	1727.356	1472.502	1452.764	1459.718	1493.701	1591.434	1703.742	1861.009	1698.714
70	1721.926	1481.414	1455.673	1471.917	1515.344	1594.448	1751.056	1860.653	1695.771
71	1694.613	1477.883	1481.337	1516.160	1541.337	1604.784	1764.906	1774.989	1674.867
72	1611.609	1443.479	1478.257	1537.864	1570.940	1615.741	1702.580	1711.675	1596.469
73	1547.350	1397.009	1467.225	1536.689	1572.672	1590.641	1665.049	1598.110	1501.398
74	1486.599	1365.762	1448.419	1529.613	1558.899	1566.690	1582.266	1507.169	1463.680
75	1426.736	1309.737	1411.389	1468.098	1537.526	1524.861	1511.650	1408.681	1386.665
76	1357.890	1237.895	1351.752	1422.602	1471.053	1465.474	1417.388	1368.838	1328.659
77	1303.550	1158.889	1286.728	1358.082	1429.751	1419.222	1351.095	1302.036	1273.130
78	1260.552	1139.895	1217.660	1317.494	1355.342	1352.271	1274.328	1250.510	1225.998
79	1214.271	1100.775	1166.920	1251.200	1304.198	1306.990	1223.143	1213.965	1189.134
80	1196.503	1088.290	1153.017	1224.867	1261.464	1250.131	1163.989	1184.535	1152.855
81	1175.328	1079.514	1145.869	1189.060	1240.398	1217.395	1150.938	1152.599	1117.788
82	1134.733	1073.358	1106.315	1152.684	1199.590	1166.884	1124.895	1141.886	1106.055
83	1116.035	1049.550	1071.195	1137.502	1162.315	1144.307	1100.941	1141.095	1108.857
84	1120.662	1018.354	1052.947	1130.179	1134.822	1150.191	1100.852	1106.309	1088.868
85	1089.548	1001.275	1063.807	1113.405	1126.934	1125.561	1066.883	1090.789	1077.848
86	1057.271	989.467	1033.452	1091.923	1141.234	1106.216	1049.028	1068.096	1047.401
87	1056.091	981.466	1015.702	1074.488	1108.343	1087.404	1047.726	1046.589	1047.459
88	1028.020	963.919	1006.554	1054.453	1080.667	1084.221	1046.075	1022.766	1014.891
89	1010.408	971.753	988.452	1016.390	1053.910	1053.893	1012.226	1004.515	996.437
90	999.626	935.914	975.988	1000.230	1042.034	1034.662	1002.730	984.613	975.598
91	962.264	910.293	945.433	990.919	1016.211	1006.143	965.983	954.364	952.278
92	969.921	900.354	934.803	957.056	989.612	968.619	947.826	945.036	933.139
93	965.415	880.777	897.591	949.456	971.567	948.369	947.584	936.422	925.287
94	944.448	892.707	887.532	930.701	963.310	953.387	918.303	918.380	926.934
95	931.181	881.677	892.001	913.249	914.393	938.952	917.423	923.892	909.192
96	916.731	853.926	888.708	910.212	907.200	911.923	902.352	893.188	895.831
97	913.468	844.217	871.465	872.229	907.349	893.651	880.069	881.379	888.695
98	904.232	850.759	871.968	871.463	880.989	887.608	892.270	878.868	878.911
99	875.464	837.965	847.626	877.651	888.376	890.287	867.389	881.279	858.847
100	886.849	832.935	837.440	856.294	873.688	872.762	853.352	875.912	848.023
101	869.201	812.573	843.551	836.792	847.498	858.049	855.705	869.936	839.761
102	865.067	805.166	830.323	836.668	832.204	841.988	840.741	859.903	824.284
103	843.550	790.770	820.712	822.899	830.178	834.073	835.476	836.928	840.282
104	834.400	788.560	803.098	799.762	827.630	831.957	828.820	820.327	830.479
105	813.706	778.764	788.911	803.604	829.203	826.560	816.310	823.568	806.741
106	835.510	775.871	787.235	807.820	825.693	803.483	812.599	818.322	805.800
107	816.037	774.476	773.443	804.131	815.483	818.649	817.904	810.819	800.828
108	814.226	751.670	772.435	790.598	802.171	794.497	780.548	809.280	800.139
109	805.367	745.238	767.807	790.626	800.025	805.596	801.070	796.698	788.853
110	780.542	741.290	775.304	768.665	782.198	770.978	793.597	787.897	779.544
111	796.352	752.704	751.549	757.273	776.297	776.624	790.507	796.024	787.221
112	784.450	740.533	761.071	751.042	789.727	778.507	767.333	773.407	757.917
113	777.266	743.327	750.306	746.697	781.402	790.078	758.298	771.504	747.029
114	750.665	736.382	738.452	748.814	774.287	772.016	759.853	768.657	754.802
115	756.241	736.419	729.953	750.893	760.561	767.383	758.001	754.618	746.199
116	768.278	730.389	727.859	742.270	754.165	758.394	759.716	752.552	731.540
117	748.889	726.858	734.766	716.958	754.289	743.194	741.779	746.248	737.554
118	757.105	720.492	723.401	737.247	747.101	736.267	730.016	739.526	738.666
119	745.437	722.898	723.250	718.742	749.704	742.825	734.314	737.290	736.046
120	742.113	703.305	725.612	723.403	745.394	736.522	740.475	751.871	715.612
121	739.458	703.382	718.406	722.216	734.574	741.902	740.777	737.081	713.652
122	719.549	706.740	703.297	710.028	743.328	729.068	731.522	723.307	697.743
123	732.708	678.077	699.572	715.901	744.066	711.103	712.745	713.689	698.958
124	741.837	685.458	690.340	712.551	721.901	715.485	716.693	715.707	699.458
125	727.795	690.330	698.829	707.888	700.830	700.087	712.057	699.496	702.600
126	711.259	693.274	689.468	695.027	707.340	706.412	704.638	705.098	691.680
127	708.150	691.677	692.614	691.082	703.808	699.173	703.508	689.486	676.975
128	706.322	676.609	695.172	696.177	701.345	697.631	700.666	702.671	669.781
129	702.919	670.631	685.371	691.208	695.772	690.908	685.190	695.339	681.340
130	682.248	673.456	683.715	690.121	685.947	698.514	681.919	689.671	675.527
131	675.586	663.459	672.688	676.172	682.093	693.547	685.012	686.681	668.522
132	674.230	662.593	684.303	667.103	686.395	675.088	675.879	687.456	660.783
133	673.790	659.851	676.194	674.206	677.580	671.170	677.548	685.160	668.061
134	685.144	657.558	665.983	681.469	663.954	670.256	669.915	674.648	665.821
135	680.704	640.329	655.157	667.920	664.907	666.314	663.799	656.950	665.498
136	685.705	652.413	657.850	653.899	686.861	658.718	667.850	671.850	665.166
137	666.462	649.196	648.869	655.362	665.584	675.949	661.456	654.123	642.629
138	662.897	644.479	660.977	648.658	679.934	665.482	665.979	646.961	649.730
139	654.503	638.622	662.311	639.963	654.611	658.523	668.208	659.591	657.113
140	652.565	649.718	649.296	641.125	661.481	657.468	663.891	650.816	645.358
141	656.352	645.068	638.121	644.079	666.913	648.426	647.673	664.752	640.884
142	652.336	643.792	646.441	642.998	663.291	659.039	647.315	649.151	636.903
143	647.542	634.764	631.523	656.986	660.096	648.952	643.933	647.073	636.585
144	652.689	631.992	643.381	641.768	660.739	650.167	642.187	665.061	649.270
145	652.056	636.097	644.333	636.354	654.736	647.232	647.379	668.958	640.802
146	597.631	581.103	592.541	596.944	588.852	591.231	586.745	598.198	590.166
147	593.250	591.298	594.785	593.346	605.442	600.613	605.734	601.420	592.557
148	598.083	595.971	588.933	585.216	598.869	592.951	603.293	612.723	599.593
149	598.669	580.012	591.099	580.015	598.113	593.564	587.060	593.059	593.089
150	590.454	586.054	595.377	593.441	585.984	591.322	581.915	580.688	582.767
151	586.827	583.796	590.452	582.951	592.346	584.681	568.166	601.116	574.626
152	596.352	589.504	589.315	582.602	584.678	590.172	585.250	589.021	588.924
153	591.116	593.964	596.065	592.557	587.098	593.196	588.556	588.610	577.318
154	595.469	589.275	583.207	574.839	584.480	582.589	584.061	588.764	582.452
155	589.818	579.560	588.034	571.276	584.824	584.013	590.349	589.784	588.261
156	588.963	561.270	583.313	582.993	582.083	587.422	581.558	584.461	585.095
157	593.731	569.412	588.113	580.051	593.217	574.387	576.189	586.933	581.279
158	596.856	578.787	568.313	574.238	582.166	586.703	591.478	584.042	595.921
159	589.747	584.184	573.217	588.021	591.428	578.680	584.005	586.409	587.155
160	589.608	572.600	579.143	583.869	575.636	578.656	575.215	580.709	584.635
161	579.515	585.788	590.293	579.702	579.870	578.841	568.064	584.709	574.043
162	578.179	566.754	567.323	562.865	579.588	589.736	571.901	587.632	576.509
163	578.013	560.998	573.206	578.037	577.750	583.234	576.190	577.869	574.484
164	587.830	566.529	583.351	582.640	566.523	572.186	576.680	577.299	586.088
165	587.647	561.440	571.243	564.164	584.003	563.867	556.607	583.326	574.216
166	580.948	560.881	572.837	567.819	563.011	575.085	568.939	583.663	574.488
167	584.125	563.604	567.389	576.246	584.775	584.136	560.569	580.847	564.689
168	567.892	563.068	568.544	568.915	585.063	581.961	571.602	574.417	566.589
169	587.113	557.663	562.671	576.923	567.863	571.150	577.796	562.937	564.479
170	572.684	569.793	567.005	574.388	561.713	569.866	568.213	570.764	569.036
171	590.501	557.734	564.161	569.136	568.551	560.872	566.686	592.441	566.815
172	576.154	551.835	575.064	560.001	565.086	572.372	566.495	574.819	567.679
173	577.406	551.414	560.942	571.324	562.511	567.967	569.855	581.655	563.127
174	592.443	553.241	564.403	568.130	557.664	557.012	561.655	576.423	558.010
175	580.288	559.725	561.275	571.803	558.453	566.751	557.947	570.651	572.087
176	575.814	574.934	561.927	569.717	564.430	565.164	564.389	576.386	560.992
177	572.004	545.787	561.085	566.165	578.534	563.307	562.105	565.134	557.933
178	566.721	537.105	569.544	562.044	567.480	563.097	573.631	559.442	552.251
179	574.078	550.469	567.769	560.715	561.913	560.831	575.730	569.870	564.862
180	571.752	556.243	558.570	556.736	557.029	555.280	557.232	561.193	547.505
181	578.819	556.969	551.857	560.378	563.106	562.776	556.975	582.360	565.735
182	562.985	550.374	555.254	561.958	560.368	549.888	563.186	561.096	547.806
183	565.111	566.293	550.987	560.412	549.774	552.674	554.142	557.844	561.652
184	579.407	543.081	546.778	551.462	559.608	565.535	562.749	570.094	558.754
185	564.052	555.294	555.035	561.950	563.407	561.352	536.234	559.639	566.002
186	558.553	557.371	540.978	557.903	553.880	557.404	560.300	567.741	575.482
187	566.646	547.258	552.282	545.276	546.919	557.599	560.405	568.048	545.029
188	566.718	552.939	553.828	549.289	553.902	543.660	571.045	559.327	557.675
189	565.872	552.127	533.664	559.949	560.836	549.335	551.159	555.861	550.300
190	561.437	553.396	543.856	562.810	555.209	544.201	558.145	559.622	546.254
191	559.488	550.161	544.365	558.117	561.839	540.789	557.309	559.707	546.024
192	564.396	553.466	550.741	542.642	541.867	553.474	552.983	555.772	551.989
193	557.928	548.121	542.371	551.301	557.654	544.525	547.712	558.301	549.492
194	550.717	551.489	551.634	543.993	543.110	559.132	556.808	551.864	573.529
195	553.409	546.579	553.310	542.380	550.939	553.558	548.088	554.862	562.394
196	546.455	556.295	552.449	540.085	555.387	547.077	547.537	543.233	544.134
197	558.323	550.402	536.761	542.674	546.177	563.478	558.199	568.157	549.955
198	549.938	554.636	542.290	553.132	539.170	548.162	559.050	551.451	550.808
199	545.610	548.016	550.405	554.322	567.717	551.888	550.494	557.197	545.475
200	545.660	538.077	539.816	538.675	551.151	548.948	546.902	551.116	546.567
201	549.335	552.422	527.722	547.071	546.855	547.277	549.548	557.799	554.167
202	559.291	544.093	529.310	536.557	542.399	534.200	549.368	559.640	547.649
203	551.514	534.159	542.499	544.813	544.326	548.652	549.543	541.466	540.242
204	548.954	543.703	543.740	543.830	559.325	548.645	543.725	550.510	540.979
205	547.039	541.983	529.736	552.120	546.908	548.986	539.869	553.927	537.786
206	557.449	539.175	530.633	540.140	529.611	542.523	526.364	555.804	552.302
207	564.801	540.236	545.002	533.220	553.275	542.763	538.117	560.413	543.223
208	563.665	551.052	548.230	550.546	540.660	550.343	550.934	560.476	547.604
209	551.593	558.806	538.898	548.623	546.246	538.101	548.961	555.529	542.647
210	558.154	557.986	538.561	547.793	540.134	548.519	545.367	552.345	552.547
211	556.846	540.810	532.925	542.194	547.696	537.755	543.454	545.181	549.513
212	553.408	549.539	545.230	547.233	537.828	549.270	536.492	555.989	543.524
213	561.841	536.805	542.505	537.584	548.824	539.768	537.209	550.522	536.031
214	560.798	541.219	539.838	541.225	541.758	546.403	529.478	562.498	551.495
215	559.386	550.981	533.806	541.720	548.106	547.959	544.045	551.061	544.940
216	556.969	540.684	535.256	530.448	550.696	543.035	539.082	548.111	542.521
217	552.915	541.890	537.197	549.991	539.553	539.999	538.792	553.862	534.624
218	557.191	527.896	550.088	539.415	546.399	536.003	545.820	538.364	548.405
219	561.263	525.914	553.391	533.273	550.332	543.037	527.786	561.844	534.817
220	562.733	540.064	537.318	548.444	542.151	541.569	537.485	552.499	544.590
221	555.883	543.709	556.741	550.990	540.759	534.624	545.438	561.803	560.137
222	549.521	524.153	532.612	532.339	548.221	525.645	547.603	553.636	550.276
223	1451.874	1451.874	1461.888	1496.609	1540.776	1544.094	1531.395	1561.928	1530.681
224	1450.338	1450.338	1475.314	1496.794	1543.818	1529.612	1538.820	1552.093	1510.727
225	1430.998	1430.998	1475.713	1505.761	1525.897	1525.269	1520.270	1549.231	1518.465
226	1451.957	1451.957	1466.246	1513.780	1520.069	1548.982	1516.035	1538.789	1550.350
227	1458.683	1458.683	1471.999	1524.690	1529.779	1546.762	1504.353	1554.224	1541.738
228	1437.428	1437.428	1473.401	1520.177	1538.742	1556.251	1515.193	1555.597	1537.020
229	1449.131	1449.131	1463.561	1500.863	1537.446	1542.937	1528.123	1562.906	1552.432
230	1462.144	1462.144	1455.885	1510.533	1521.983	1532.897	1528.595	1569.854	1536.151
231	1454.570	1454.570	1461.968	1511.642	1527.894	1535.190	1540.283	1572.114	1556.968
232	1443.827	1443.827	1477.068	1504.637	1541.346	1551.567	1549.727	1563.184	1537.881
233	1458.718	1458.718	1486.573	1509.161	1546.712	1536.134	1552.162	1577.921	1551.597
234	1455.327	1455.327	1492.672	1514.868	1542.412	1553.143	1554.488	1573.011	1560.301
235	1455.790	1455.790	1495.040	1532.756	1557.070	1551.945	1537.131	1568.810	1552.655
236	1442.527	1442.527	1468.222	1524.820	1550.986	1532.171	1547.327	1585.763	1576.544
237	1471.660	1471.660	1488.120	1547.957	1554.758	1556.708	1555.433	1557.724	1554.450
238	1474.431	1474.431	1486.789	1511.711	1559.212	1563.602	1549.793	1570.325	1575.806
239	1463.814	1463.814	1493.873	1499.092	1549.237	1554.615	1529.607	1574.492	1566.956
240	1477.797	1477.797	1507.799	1548.266	1556.249	1558.485	1580.545	1580.759	1564.152
241	1464.868	1464.868	1502.769	1527.632	1552.424	1570.510	1577.773	1565.279	1582.592
242	1499.331	1499.331	1514.080	1526.642	1568.617	1572.720	1554.222	1592.786	1572.618
243	1506.479	1506.479	1514.165	1552.406	1586.823	1580.077	1582.565	1587.423	1585.353
