 	Profile_Slice_1	Profile_Slice_2	Profile_Slice_3	Profile_Slice_4	Profile_Slice_5	Profile_Slice_6	Profile_Slice_7	Profile_Slice_8	Profile_Slice_9
1	214.000	214.000	251.000	208.000	217.000	212.000	216.000	230.000	225.000
2	216.014	216.014	226.376	223.627	215.628	218.152	212.900	223.001	239.531
3	217.736	217.736	217.167	203.873	224.672	218.891	211.144	211.112	239.453
4	226.401	226.401	218.749	208.864	237.218	204.366	207.793	207.072	229.315
5	227.348	227.348	246.581	212.576	227.395	212.015	208.664	205.977	229.764
6	223.396	223.396	242.896	213.946	235.056	256.571	227.403	220.160	234.545
7	233.399	233.399	244.283	230.496	236.833	230.906	223.645	213.916	230.542
8	230.989	230.989	244.077	224.621	230.499	224.013	219.755	215.149	238.942
9	236.363	236.363	234.355	239.465	222.671	212.358	250.110	234.134	227.970
10	212.659	212.659	221.108	238.107	241.047	219.277	208.082	189.650	212.674
11	230.117	230.117	229.216	227.776	236.061	218.795	215.634	214.027	229.062
12	223.140	223.140	222.452	244.691	219.543	217.173	223.610	228.087	232.451
13	230.067	230.067	221.432	229.168	225.112	211.690	214.957	225.648	248.449
14	221.998	221.998	230.691	211.792	240.271	229.965	224.414	227.153	233.736
15	237.569	237.569	231.290	233.246	271.521	217.251	205.251	202.334	231.442
16	213.463	213.463	239.365	221.956	238.855	225.165	207.973	222.762	234.819
17	202.431	202.431	247.242	237.125	211.748	225.133	195.545	237.113	233.583
18	210.604	210.604	214.244	223.320	230.522	217.340	196.136	243.456	231.283
19	215.933	215.933	236.622	228.013	235.886	225.510	239.170	226.614	266.096
20	218.147	218.147	228.019	227.897	242.811	226.961	216.170	224.984	222.189
21	231.281	231.281	234.220	245.285	218.517	230.577	220.100	220.782	228.980
22	238.347	238.347	247.936	241.468	216.910	240.949	241.416	238.554	226.059
23	220.058	220.058	255.253	238.191	242.368	250.694	237.407	207.950	239.940
24	240.922	240.922	240.162	226.454	231.152	230.718	223.056	212.676	227.427
25	229.389	229.389	246.873	240.931	234.890	210.290	215.493	219.883	244.554
26	230.894	230.894	237.057	229.812	249.376	225.928	215.020	219.740	251.781
27	247.424	247.424	226.934	236.839	241.948	242.756	226.507	222.107	255.005
28	222.102	222.102	219.438	245.006	252.923	268.879	242.525	222.854	261.314
29	222.139	222.139	220.296	234.474	238.660	231.983	229.236	230.402	263.785
30	232.745	232.745	228.337	240.868	233.983	223.115	227.409	226.511	251.657
31	236.845	236.845	230.171	235.964	224.961	231.636	215.276	245.914	237.627
32	226.946	226.946	233.340	224.400	228.555	224.576	229.502	238.739	221.524
33	245.916	245.916	248.308	239.518	244.506	232.608	224.112	214.834	243.766
34	249.389	249.389	242.837	235.519	266.453	250.270	229.270	237.879	259.019
35	244.198	244.198	244.321	246.434	249.126	254.559	228.073	237.697	258.940
36	243.393	243.393	225.678	250.825	233.614	250.107	240.866	217.075	232.309
37	226.746	226.746	228.793	259.459	227.842	241.883	225.797	236.449	228.633
38	235.751	235.751	224.515	253.628	256.099	238.527	237.315	245.932	225.552
39	242.898	242.898	224.961	262.778	243.008	244.682	227.248	242.776	221.442
40	234.840	234.840	247.526	258.131	238.716	254.427	252.304	252.143	250.134
41	238.875	238.875	270.479	233.863	212.941	220.003	226.421	222.001	248.240
42	246.598	246.598	243.628	258.605	271.220	240.352	246.297	212.221	263.051
43	242.222	242.222	254.681	247.832	249.348	242.489	236.927	237.400	245.343
44	244.805	244.805	259.423	256.522	243.804	239.580	248.384	238.666	233.678
45	294.998	294.998	239.201	231.826	214.069	237.703	242.748	244.813	254.711
46	259.301	259.301	247.186	248.118	256.364	258.262	251.162	241.882	250.536
47	248.953	248.953	238.543	260.859	249.812	256.375	231.282	226.631	248.829
48	239.160	239.160	248.751	253.371	239.787	242.960	248.641	229.093	258.637
49	258.189	258.189	264.390	254.769	256.440	237.090	240.179	221.623	251.371
50	235.358	235.358	269.604	243.962	263.087	248.394	224.437	250.969	236.795
51	261.309	261.309	245.096	250.922	243.136	234.448	240.127	244.069	240.451
52	250.857	250.857	245.967	246.218	241.434	226.429	240.411	231.650	239.857
53	257.600	257.600	247.380	230.180	250.482	253.429	263.509	222.806	259.838
54	242.955	242.955	257.662	241.409	246.304	252.065	252.479	218.726	268.597
55	251.609	251.609	243.752	246.670	219.578	241.001	237.363	222.108	241.534
56	248.238	248.238	246.475	247.478	239.811	243.953	227.133	223.433	253.388
57	259.607	259.607	251.920	271.035	245.802	248.185	247.879	247.505	260.423
58	259.865	259.865	272.684	300.031	258.560	251.931	255.120	240.373	272.722
59	255.260	255.260	285.772	253.210	242.867	250.161	247.492	229.033	260.478
60	246.709	246.709	254.812	261.829	240.523	237.220	246.334	237.373	271.962
61	267.758	267.758	254.804	240.110	226.934	241.373	261.004	224.823	246.759
62	266.465	266.465	253.805	258.372	250.021	251.315	248.699	236.155	257.334
63	285.600	285.600	257.966	277.152	273.554	255.379	272.664	238.809	233.271
64	273.851	273.851	286.316	256.131	222.553	264.284	241.514	220.128	263.628
65	259.320	259.320	272.337	268.070	239.896	249.415	273.617	233.269	266.431
66	261.168	261.168	258.012	279.218	252.412	269.349	279.592	249.093	282.654
67	289.525	289.525	269.655	249.710	263.181	265.283	274.246	242.127	277.290
68	282.572	282.572	268.848	257.306	256.465	261.154	266.524	266.963	287.293
69	275.284	275.284	278.495	250.040	288.382	254.885	253.207	257.571	289.026
70	266.656	266.656	279.800	267.420	276.586	241.793	256.704	247.406	267.439
71	276.357	276.357	269.009	270.386	264.408	242.044	256.143	233.491	251.783
72	290.574	290.574	280.264	269.783	262.319	245.865	265.610	249.551	247.629
73	266.348	266.348	300.382	287.087	279.882	269.402	270.241	258.116	256.833
74	262.297	262.297	288.787	289.162	254.130	268.241	264.237	241.241	262.558
75	251.955	251.955	291.982	274.735	258.565	259.305	232.495	255.859	273.182
76	260.308	260.308	305.376	261.788	263.744	254.187	248.784	247.240	280.103
77	291.819	291.819	270.162	283.967	294.521	253.355	249.005	235.806	278.635
78	273.891	273.891	272.411	265.254	267.997	268.121	285.048	251.266	289.556
79	291.943	291.943	293.169	265.136	268.644	283.668	250.668	238.853	273.211
80	313.802	313.802	312.290	273.677	280.619	301.048	251.065	234.852	279.044
81	290.641	290.641	295.204	277.390	291.996	288.444	264.756	244.346	277.238
82	294.621	294.621	309.428	305.574	303.854	293.378	267.158	258.163	285.095
83	282.554	282.554	272.340	287.619	294.774	291.788	267.158	267.744	294.844
84	290.190	290.190	286.456	281.641	274.732	293.934	283.455	273.607	278.366
85	287.280	287.280	278.674	291.981	290.881	288.028	268.145	278.327	291.253
86	287.506	287.506	268.667	291.600	294.127	281.997	254.307	291.602	313.761
87	287.155	287.155	280.851	284.711	277.073	277.828	298.562	278.381	278.156
88	308.487	308.487	303.931	295.289	285.218	314.456	293.322	277.152	277.908
89	311.312	311.312	300.529	319.638	292.561	309.676	289.208	253.969	275.557
90	315.630	315.630	319.504	315.199	308.541	308.467	282.057	286.136	288.603
91	315.037	315.037	285.314	303.693	315.068	313.661	250.655	279.157	279.861
92	303.387	303.387	307.650	304.122	303.594	300.068	286.587	286.041	294.163
93	301.032	301.032	310.085	317.772	298.956	291.155	296.576	302.810	296.152
94	323.417	323.417	291.927	319.039	286.601	312.555	266.768	284.634	297.108
95	293.676	293.676	302.821	291.676	300.601	324.553	267.431	269.499	295.167
96	317.164	317.164	326.620	338.835	316.126	288.572	279.580	284.359	294.673
97	283.969	283.969	304.037	334.945	310.865	314.753	295.455	289.649	286.948
98	297.813	297.813	295.266	337.487	321.517	315.134	307.539	294.247	286.435
99	330.626	330.626	341.550	356.050	309.648	301.623	306.632	306.525	294.569
100	321.105	321.105	329.058	354.418	303.681	320.005	324.768	283.568	310.984
101	323.416	323.416	331.843	351.208	308.981	332.595	320.507	304.058	318.468
102	329.105	329.105	312.016	355.068	314.930	320.903	308.856	331.775	293.043
103	346.124	346.124	318.198	372.171	316.097	328.650	326.075	314.042	324.474
104	322.108	322.108	313.479	374.410	313.586	307.816	347.073	320.274	313.415
105	345.106	345.106	325.423	360.871	324.631	324.281	328.164	315.380	309.603
106	354.803	354.803	319.566	369.914	331.442	343.309	334.017	322.171	315.143
107	372.818	372.818	308.472	343.276	333.080	355.605	325.001	315.380	325.796
108	347.508	347.508	326.037	404.981	334.183	365.848	336.593	328.716	350.419
109	366.220	366.220	371.616	425.967	329.460	343.893	329.800	315.229	336.105
110	371.500	371.500	373.000	431.000	361.500	381.000	359.500	332.000	342.500
111	388.078	388.078	365.951	435.610	352.471	393.108	328.694	333.587	325.996
112	388.549	388.549	362.713	429.684	381.215	382.461	331.885	338.066	342.134
113	370.073	370.073	373.154	428.776	378.795	380.358	339.660	333.544	322.340
114	407.198	407.198	363.955	457.905	386.016	409.544	342.879	341.715	352.361
115	402.881	402.881	362.243	469.259	405.269	407.072	344.352	342.088	364.908
116	396.823	396.823	386.031	485.223	399.031	420.773	372.357	334.666	333.653
117	430.996	430.996	432.823	499.612	395.097	407.607	362.284	361.989	360.172
118	441.480	441.480	428.964	510.522	441.450	453.719	376.555	359.477	401.032
119	416.560	416.560	414.132	474.648	448.178	442.063	377.019	356.299	381.232
120	416.648	416.648	419.085	467.541	453.230	426.891	398.506	374.353	361.297
121	456.872	456.872	437.560	499.761	429.788	430.389	466.513	382.497	408.196
122	451.793	451.793	451.130	506.926	468.414	438.392	447.984	373.363	409.446
123	440.110	440.110	461.523	485.287	463.939	450.842	440.531	383.510	424.201
124	447.306	447.306	458.562	499.986	447.435	460.515	452.232	379.282	412.147
125	443.340	443.340	451.086	459.067	456.562	433.903	457.900	410.163	408.555
126	459.908	459.908	501.564	474.042	486.600	436.686	481.650	385.386	440.560
127	422.904	422.904	441.662	448.776	507.050	463.624	451.780	427.065	473.945
128	433.249	433.249	447.133	441.443	489.347	448.407	471.035	431.145	475.685
129	451.276	451.276	435.791	402.654	473.463	430.176	480.774	398.895	424.480
130	410.732	410.732	471.053	420.278	519.201	410.476	486.685	471.077	469.936
131	423.065	423.065	483.542	420.165	500.295	420.031	464.266	502.203	479.113
132	430.672	430.672	485.347	432.968	444.881	387.744	438.918	470.772	474.724
133	408.770	408.770	467.215	390.438	424.276	432.232	446.002	475.905	482.297
134	423.616	423.616	476.254	392.163	442.987	434.903	410.934	511.388	453.574
135	393.125	393.125	394.007	405.156	431.302	380.638	412.703	494.012	488.693
136	400.851	400.851	439.084	419.746	410.018	401.511	409.551	462.963	479.515
137	414.358	414.358	425.313	396.141	421.534	393.588	433.057	492.535	431.568
138	401.057	401.057	398.213	434.574	429.490	409.337	426.672	446.804	453.860
139	421.406	421.406	375.654	385.657	410.234	401.299	394.621	419.090	398.813
140	424.266	424.266	403.873	448.089	437.290	390.874	430.299	466.780	384.470
141	417.886	417.886	433.971	412.939	431.172	396.961	418.390	416.771	407.746
142	431.867	431.867	414.904	389.388	423.959	394.146	416.987	433.196	412.544
143	414.451	414.451	359.406	419.183	406.370	387.244	461.075	451.880	411.167
144	416.392	416.392	385.278	385.206	400.968	401.475	376.518	399.754	379.615
145	408.628	408.628	404.495	402.886	400.729	417.451	415.655	426.991	395.552
146	409.969	409.969	404.398	399.298	405.177	394.325	421.358	434.108	411.240
147	413.539	413.539	442.268	389.914	411.993	414.984	407.580	391.577	413.630
148	390.375	390.375	437.810	399.352	391.895	394.301	388.923	409.314	427.099
149	412.022	412.022	393.227	386.213	403.339	391.476	424.289	417.909	387.629
150	410.189	410.189	390.841	407.127	389.362	401.558	416.874	411.117	376.243
151	424.890	424.890	384.671	403.816	366.405	414.961	415.525	397.434	420.788
152	433.256	433.256	406.916	377.875	370.829	397.020	400.342	413.617	401.553
153	454.321	454.321	423.514	418.178	379.522	400.773	368.491	407.418	429.076
154	405.088	405.088	405.974	398.998	381.991	382.842	369.110	380.312	419.395
155	439.147	439.147	424.426	409.907	397.619	376.389	392.891	375.050	411.607
156	438.569	438.569	435.044	396.730	409.867	380.644	408.969	372.397	408.357
157	444.540	444.540	425.122	412.447	378.123	396.007	400.031	403.148	401.341
158	441.675	441.675	391.165	414.578	400.151	403.851	405.569	372.728	400.899
159	434.856	434.856	356.969	414.167	400.777	367.653	407.862	361.047	418.149
160	441.404	441.404	375.117	414.002	406.990	375.697	393.470	393.615	379.226
161	463.940	463.940	407.123	382.168	408.206	384.264	398.658	389.054	425.564
162	429.864	429.864	434.105	392.590	400.216	408.332	397.753	376.863	420.987
163	438.058	438.058	422.186	427.911	416.642	398.630	416.797	386.365	405.630
164	444.537	444.537	427.412	426.178	422.903	394.331	427.370	398.732	401.651
165	447.593	447.593	410.823	382.006	409.815	434.836	392.604	420.554	448.312
166	442.668	442.668	372.756	423.574	428.921	411.045	406.486	389.557	409.627
167	432.109	432.109	398.620	416.110	415.782	406.134	378.007	404.522	399.402
168	443.341	443.341	411.941	430.465	457.466	382.474	410.915	420.061	411.486
169	452.929	452.929	395.521	420.074	438.405	399.747	415.112	402.721	413.702
170	467.454	467.454	407.344	382.882	493.226	360.458	440.912	355.254	421.933
171	427.326	427.326	406.405	396.172	460.949	383.833	391.985	396.790	418.044
172	405.157	405.157	437.881	404.111	455.607	412.176	421.033	415.646	424.452
173	420.826	420.826	401.582	399.646	501.432	393.377	436.243	425.894	445.496
174	420.058	420.058	401.670	421.283	425.601	392.412	442.377	425.179	453.546
175	433.300	433.300	424.543	431.414	416.929	426.111	433.854	399.201	431.486
176	436.069	436.069	410.585	408.158	429.684	393.102	426.918	381.183	447.321
177	433.646	433.646	414.405	398.458	424.988	394.870	399.462	395.764	432.100
178	428.068	428.068	381.245	412.437	411.032	411.089	380.155	407.004	436.934
179	418.156	418.156	373.250	389.280	411.081	382.123	390.287	413.328	437.526
180	425.470	425.470	396.667	411.930	439.027	396.528	396.651	420.844	399.301
181	381.423	381.423	390.216	434.982	406.003	382.567	387.024	389.730	417.034
182	391.922	391.922	389.342	406.807	430.184	382.467	393.857	392.966	402.497
183	426.592	426.592	368.507	380.046	398.781	388.637	408.791	390.092	370.553
184	480.293	480.293	357.771	380.741	361.389	370.676	409.027	363.978	369.177
185	425.466	425.466	374.370	400.070	359.857	384.609	438.430	383.470	389.059
186	396.833	396.833	354.856	379.420	359.753	368.059	431.693	375.409	400.301
187	453.012	453.012	383.691	397.907	373.896	396.185	418.912	382.341	403.992
188	390.247	390.247	371.571	379.174	386.602	404.293	452.741	392.372	379.218
189	398.755	398.755	396.776	422.309	378.098	406.336	417.565	408.648	401.735
190	417.748	417.748	381.590	404.278	397.972	374.121	411.097	395.570	404.960
191	407.909	407.909	387.133	404.032	375.746	363.825	405.397	383.073	411.558
192	394.303	394.303	398.584	423.207	340.651	407.492	382.991	414.286	416.277
193	396.381	396.381	380.802	399.737	390.360	365.003	405.642	381.111	387.275
194	382.607	382.607	377.822	369.118	369.773	371.256	397.764	378.109	366.630
195	403.325	403.325	401.508	408.247	403.094	379.106	403.536	380.350	414.929
196	407.671	407.671	392.400	393.964	380.498	355.424	408.766	377.510	411.022
197	389.313	389.313	394.797	365.569	383.529	338.899	377.913	367.809	424.090
198	361.766	361.766	375.885	370.196	381.713	385.006	402.028	380.328	421.311
199	375.353	375.353	364.566	349.524	362.326	378.299	375.508	385.994	415.403
200	379.648	379.648	373.842	368.107	335.966	364.550	419.989	416.549	398.678
201	378.201	378.201	368.773	352.015	377.060	368.037	395.133	402.724	386.386
202	369.541	369.541	371.118	366.690	362.010	375.029	383.827	361.223	369.857
203	373.599	373.599	368.941	332.936	368.172	353.409	362.827	381.506	389.733
204	380.988	380.988	365.662	365.760	377.721	355.600	366.326	386.379	384.051
205	346.254	346.254	362.993	362.521	373.315	356.784	374.684	365.550	406.525
206	361.629	361.629	362.981	349.108	382.306	398.446	341.556	431.039	358.699
207	349.362	349.362	376.841	370.038	372.065	404.584	360.383	372.871	352.690
208	339.097	339.097	387.014	367.170	375.246	363.190	379.512	366.819	373.244
209	359.429	359.429	355.020	355.893	363.695	346.575	383.049	361.684	370.383
210	371.757	371.757	382.435	356.415	360.515	354.839	387.938	369.865	374.074
211	377.821	377.821	372.127	343.702	365.347	367.449	387.908	347.213	385.473
212	366.136	366.136	381.228	354.364	365.983	373.964	372.081	364.009	395.135
213	387.343	387.343	377.152	377.678	352.279	385.223	364.482	376.135	387.765
214	384.893	384.893	358.352	350.782	341.258	401.233	344.494	381.561	379.671
215	381.633	381.633	353.842	354.212	346.894	316.709	354.976	347.154	394.003
216	380.112	380.112	368.854	351.099	379.297	346.091	347.775	359.905	383.987
217	373.815	373.815	375.429	364.404	367.715	332.095	351.904	344.779	351.459
218	369.801	369.801	388.795	389.125	373.365	329.219	333.851	358.579	368.173
219	365.000	365.000	331.000	383.000	349.000	360.000	312.000	372.000	402.000
