 	Profile_Slice_1	Profile_Slice_2	Profile_Slice_3	Profile_Slice_4	Profile_Slice_5	Profile_Slice_6	Profile_Slice_7	Profile_Slice_8	Profile_Slice_9	Profile_Slice_10	Profile_Slice_11	Profile_Slice_12
1	190.819	196.551	192.082	192.788	189.874	193.448	188.824	192.680	181.949	186.442	189.702	193.378
2	189.190	201.104	190.010	188.907	188.274	186.193	191.080	187.880	188.074	190.456	182.845	193.792
3	188.990	193.461	195.840	184.420	183.588	183.626	197.023	190.384	190.088	187.774	187.470	194.299
4	194.753	190.199	193.873	191.154	187.766	185.390	191.828	189.672	190.239	192.794	189.504	188.078
5	189.801	194.350	191.519	189.845	183.400	192.107	187.769	189.556	189.769	190.788	188.244	193.577
6	191.977	194.914	195.599	187.574	182.397	184.416	188.019	190.515	192.743	190.185	191.403	185.943
7	185.275	196.983	197.742	195.415	191.119	182.923	189.953	189.335	190.686	194.157	191.411	196.849
8	195.069	196.448	192.927	197.958	196.987	190.833	187.251	193.578	187.836	199.206	185.539	192.930
9	195.082	201.694	188.916	192.699	195.627	194.104	191.642	184.525	190.604	190.212	187.396	190.150
10	194.312	193.995	185.721	189.754	194.642	194.814	194.780	184.407	192.636	189.619	192.414	194.742
11	187.135	191.696	193.003	194.415	192.708	203.552	199.776	186.212	195.648	196.885	190.282	197.612
12	190.270	198.377	194.064	196.738	195.236	199.723	198.601	190.114	193.674	187.401	191.110	194.190
13	192.931	196.814	197.518	197.226	198.773	198.801	198.770	191.398	187.984	193.500	183.769	193.517
14	197.716	204.358	199.199	190.428	196.297	193.730	198.774	192.642	192.306	199.223	193.130	202.281
15	191.505	199.959	191.867	193.543	191.713	192.697	195.211	190.206	193.131	200.475	196.133	188.110
16	193.059	199.176	199.164	202.508	185.958	192.338	189.215	190.372	203.681	193.379	192.928	193.442
17	194.816	200.914	194.994	200.721	195.622	196.009	199.039	198.416	198.572	201.505	194.717	201.152
18	197.936	201.327	197.579	201.999	199.034	192.046	196.323	195.384	198.218	194.957	197.140	192.812
19	197.510	201.143	200.003	200.284	198.061	194.907	187.251	196.029	204.737	200.066	192.557	200.644
20	198.710	194.889	205.633	198.256	194.936	202.319	199.166	200.837	197.288	200.492	195.400	198.003
21	195.588	202.823	200.766	198.508	201.512	200.022	199.580	199.100	189.915	201.692	191.662	198.635
22	195.200	197.951	199.668	207.244	202.176	199.694	196.350	195.082	197.944	205.840	199.190	198.822
23	195.112	203.563	202.477	201.524	194.746	197.934	194.120	203.294	193.694	193.903	191.619	194.350
24	206.417	197.840	208.410	201.901	203.743	196.655	201.935	204.099	196.568	193.383	193.453	197.317
25	201.254	201.620	206.144	198.599	206.893	200.728	200.255	200.987	200.263	194.316	200.301	190.733
26	207.649	212.677	204.637	204.313	206.959	212.916	203.163	209.177	202.137	204.733	205.446	190.192
27	202.396	213.575	199.853	202.746	196.348	203.799	206.159	201.462	197.396	208.597	203.549	197.895
28	204.483	210.463	210.105	201.290	201.008	203.735	203.869	204.928	194.594	207.564	199.444	197.648
29	211.696	205.519	211.059	204.356	200.889	209.975	209.245	203.310	206.841	208.546	204.456	207.385
30	208.187	209.541	205.876	214.015	200.906	202.928	202.007	195.057	201.584	203.510	206.537	202.641
31	203.594	215.752	199.949	209.606	202.689	208.590	199.057	193.896	206.037	196.639	204.153	201.651
32	199.816	217.346	206.214	215.869	205.454	206.616	206.571	204.482	206.218	198.933	204.209	196.088
33	208.800	208.648	212.951	209.616	209.733	206.543	209.387	213.379	205.327	203.908	200.666	204.876
34	210.459	208.577	212.072	210.067	205.921	211.740	211.989	212.665	200.575	204.590	204.312	204.538
35	208.807	218.577	209.871	218.043	205.822	214.629	211.028	208.083	201.633	206.115	206.736	209.907
36	211.307	216.228	211.441	214.117	211.465	213.639	214.118	204.172	200.351	203.794	201.868	214.367
37	209.205	215.121	223.000	209.799	204.593	213.537	214.634	208.801	202.896	216.628	206.204	211.823
38	202.507	217.311	225.271	211.843	214.238	217.239	215.514	215.838	207.068	203.475	208.481	210.358
39	204.358	219.821	223.263	215.412	215.196	216.754	214.912	219.218	211.415	206.278	205.215	209.946
40	208.794	215.716	223.177	213.246	217.645	217.578	211.748	213.807	207.421	204.028	209.782	216.346
41	208.981	211.603	214.242	215.636	206.512	213.068	208.208	212.536	207.063	207.770	216.277	214.905
42	207.302	222.495	214.867	209.633	219.615	212.162	213.246	218.656	201.933	208.484	212.605	217.695
43	214.589	223.238	217.430	210.236	214.056	217.212	213.669	220.209	218.633	212.031	212.685	218.279
44	207.565	216.917	222.020	214.998	221.769	224.080	219.469	217.981	218.384	215.212	212.747	216.167
45	213.024	220.711	222.329	219.552	214.367	221.301	216.889	210.797	214.076	206.622	204.224	219.056
46	222.022	223.199	227.825	228.933	221.944	228.434	216.232	218.269	212.206	212.023	210.100	219.699
47	218.387	232.069	221.210	235.250	220.379	225.637	222.173	221.445	226.943	219.540	209.783	218.069
48	222.309	229.388	229.715	229.397	230.138	230.838	220.050	221.164	227.019	217.261	218.105	217.784
49	221.940	228.225	234.715	230.891	226.749	228.289	228.070	220.538	228.013	220.541	220.661	218.958
50	226.977	233.221	223.088	226.513	223.046	229.907	226.800	229.326	220.588	221.237	227.441	220.861
51	221.872	229.707	232.368	220.447	224.476	236.908	228.743	224.334	217.277	218.519	223.470	214.619
52	223.555	235.611	230.480	237.556	232.142	235.787	231.678	226.265	223.830	221.125	225.792	227.147
53	229.045	236.455	233.967	231.281	238.261	228.022	232.033	227.462	228.593	230.636	227.231	230.261
54	231.436	234.215	237.311	227.258	236.267	234.873	229.664	228.530	232.405	227.655	220.002	228.765
55	228.822	246.538	235.700	230.280	234.347	242.502	229.859	227.880	225.326	226.647	223.875	230.951
56	229.123	236.520	234.526	234.728	236.505	232.495	225.471	235.367	237.872	227.249	235.515	232.418
57	230.056	240.435	242.120	241.107	239.631	240.326	227.411	236.886	238.137	231.029	233.436	228.799
58	240.223	247.365	245.110	234.804	233.760	236.231	234.816	236.605	231.330	233.842	234.262	234.175
59	243.429	248.280	237.765	243.872	255.507	239.705	238.215	232.718	238.295	239.460	234.451	239.358
60	228.968	249.032	247.778	239.304	244.533	240.571	237.345	236.435	244.936	245.432	229.426	243.419
61	234.169	247.424	249.333	240.193	241.248	240.318	240.061	234.371	243.331	236.012	239.120	238.831
62	236.734	249.017	242.211	241.903	240.565	242.115	243.194	226.021	239.650	247.886	243.046	238.146
63	242.664	240.505	251.342	236.872	244.098	248.031	241.745	228.571	235.186	239.772	232.691	234.993
64	240.196	257.944	246.853	244.950	243.442	249.989	245.556	236.967	240.886	235.173	234.802	243.836
65	248.187	253.685	242.408	249.733	244.072	253.037	255.065	242.259	246.485	238.184	240.121	248.401
66	254.624	248.899	251.436	243.611	250.130	246.126	248.704	240.249	249.495	245.081	246.428	253.399
67	244.858	254.622	254.997	249.170	253.018	245.473	241.070	248.892	241.796	243.445	247.452	245.986
68	251.474	263.781	251.729	247.108	247.395	251.535	247.960	247.039	245.218	250.820	245.150	252.334
69	247.599	262.321	256.483	250.731	253.473	255.419	255.642	248.625	245.275	241.929	245.065	259.027
70	245.637	264.791	260.815	263.107	253.707	247.405	260.831	249.396	255.711	246.313	249.299	242.123
71	251.202	262.098	255.815	255.702	248.773	263.437	257.602	245.567	250.539	252.185	250.779	255.319
72	262.345	260.171	259.442	255.179	262.903	276.102	255.875	250.023	250.603	251.687	252.037	256.373
73	266.196	267.501	268.368	260.881	263.393	262.279	265.131	252.621	254.115	254.928	256.403	252.521
74	263.172	273.045	271.731	272.367	258.231	266.507	260.539	264.090	258.979	260.399	254.994	253.227
75	262.672	277.209	267.452	269.080	271.441	273.504	267.582	254.867	267.437	263.816	252.348	264.432
76	265.480	281.816	276.409	266.201	276.757	270.518	274.374	262.569	266.243	268.686	255.898	267.015
77	259.424	280.965	281.385	280.887	272.211	268.098	256.726	267.559	276.484	271.573	262.302	259.197
78	268.685	285.896	290.563	275.598	284.081	275.942	269.073	270.226	265.276	269.238	274.966	270.661
79	279.642	282.302	288.269	279.381	285.326	280.899	282.550	270.920	276.311	277.858	271.199	271.001
80	277.922	288.903	296.640	281.897	291.185	295.766	285.905	282.684	275.810	283.141	270.853	280.196
81	280.641	300.075	314.301	280.379	295.962	294.729	289.078	279.830	278.895	286.143	276.017	280.415
82	295.082	307.998	303.641	283.448	297.038	297.475	289.146	281.625	287.258	290.531	290.065	297.825
83	287.083	301.972	300.418	285.907	281.713	295.416	292.895	280.495	288.039	286.066	285.594	289.815
84	290.461	296.439	308.871	300.633	285.990	298.491	302.080	297.210	285.036	294.031	275.683	288.306
85	303.077	302.974	318.650	292.718	288.758	311.034	307.533	300.745	301.249	295.300	293.298	288.848
86	307.301	305.555	313.950	292.804	301.760	311.570	307.769	301.987	308.391	304.025	291.445	297.046
87	311.356	312.658	308.097	310.491	317.986	315.088	311.467	309.424	309.406	306.954	290.292	308.352
88	307.038	313.846	318.636	309.184	306.463	315.999	301.831	311.996	308.679	304.889	296.343	310.497
89	312.387	321.854	317.840	306.459	298.792	309.386	306.713	320.031	316.997	305.894	299.044	302.581
90	320.195	326.791	317.214	308.587	314.105	313.517	316.913	321.471	313.237	311.111	302.878	310.098
91	329.408	321.893	311.994	305.392	319.963	308.534	315.055	312.565	323.469	311.852	308.077	308.039
92	324.200	316.299	320.150	312.526	316.857	317.724	312.065	313.451	316.157	328.619	312.141	320.627
93	326.385	318.990	326.710	309.439	325.038	320.050	321.123	322.985	323.568	313.961	317.092	312.806
94	331.339	320.180	331.927	318.247	314.788	319.906	324.690	325.220	331.807	317.494	315.185	323.665
95	331.814	313.428	329.711	315.939	321.528	317.456	333.723	312.392	332.391	318.590	312.041	323.628
96	337.847	310.640	330.936	323.385	325.060	326.758	326.859	325.024	335.400	321.489	320.945	331.103
97	331.195	313.541	333.477	331.098	333.749	330.017	327.259	327.460	333.011	326.065	318.724	330.629
98	340.108	327.324	332.471	327.330	338.865	326.314	326.310	332.073	331.602	337.811	324.172	341.892
99	336.542	327.252	337.656	332.223	331.204	328.378	348.038	323.619	340.396	340.959	327.966	356.975
100	343.482	343.542	334.912	345.146	339.040	328.678	343.758	338.973	345.298	347.569	333.422	367.593
101	344.375	335.721	335.504	344.424	348.826	338.367	347.324	335.357	349.579	362.296	350.016	372.584
102	358.677	342.763	343.310	350.628	333.256	346.570	352.308	332.562	359.471	346.737	348.385	373.160
103	370.882	342.008	340.862	334.060	344.444	336.896	342.792	338.817	359.576	349.338	363.120	382.176
104	381.488	344.098	339.410	335.821	329.378	346.404	335.859	340.743	347.197	357.164	351.825	375.122
105	385.950	339.847	344.377	325.789	326.748	340.190	322.513	339.916	351.463	342.896	355.014	355.656
106	373.622	330.010	328.479	331.954	332.352	339.811	342.681	335.363	343.397	345.111	344.277	355.099
107	362.721	342.508	329.363	325.561	324.931	347.005	341.057	344.459	341.347	335.806	331.646	369.613
108	365.057	345.924	335.886	323.584	318.858	336.240	349.343	347.561	349.138	329.468	341.167	367.190
109	364.081	336.204	329.885	335.431	322.071	332.137	340.626	348.780	343.816	331.902	340.071	343.215
110	365.640	341.843	331.819	331.684	320.834	327.775	337.587	346.398	331.715	335.223	334.340	344.255
111	351.952	343.509	327.102	326.618	327.524	330.907	328.884	352.931	334.258	340.121	339.376	346.067
112	347.020	333.151	330.266	316.599	326.763	340.266	327.578	342.797	338.463	338.854	331.193	342.813
113	346.162	332.070	328.351	317.787	328.150	335.911	335.865	333.235	341.309	335.781	334.613	344.486
114	337.624	341.601	338.055	323.602	330.317	332.304	332.206	326.249	332.758	337.704	327.417	330.458
115	348.893	329.822	335.260	327.773	335.262	341.077	336.428	335.077	329.549	320.039	338.278	334.221
116	339.873	337.413	333.145	335.160	334.387	337.404	335.914	335.077	321.736	330.969	335.192	320.329
117	331.977	324.534	352.860	337.201	335.052	335.649	330.962	331.848	328.416	327.508	331.864	321.655
118	338.856	337.421	348.687	335.889	337.156	345.702	336.134	340.248	336.841	325.871	335.812	327.594
119	335.859	330.862	351.421	329.904	342.694	357.927	335.381	338.906	323.068	341.379	330.688	328.847
120	342.631	339.035	342.855	327.963	348.601	352.667	337.652	344.653	330.834	333.086	343.753	321.596
121	332.582	341.652	349.021	342.348	348.596	355.139	344.031	325.791	332.831	331.262	336.216	317.510
122	331.766	336.684	343.982	339.849	340.846	348.789	337.719	330.478	330.547	315.280	339.505	324.597
123	338.581	343.867	361.067	334.307	339.764	345.491	328.572	331.369	323.290	326.247	331.879	326.533
124	324.925	341.547	347.345	324.753	335.525	348.672	325.596	327.870	324.991	320.142	338.122	329.354
125	326.924	344.419	347.998	330.407	328.894	346.494	327.064	331.332	342.142	331.205	329.839	335.884
126	345.602	336.413	357.466	328.939	333.451	343.768	326.844	321.887	321.715	326.707	328.202	331.593
127	327.453	341.850	352.823	324.725	328.332	344.791	337.049	333.972	327.773	325.813	329.522	333.363
128	335.497	347.192	334.556	331.161	323.179	340.565	333.068	337.921	318.650	320.361	330.569	339.800
129	344.724	349.775	340.450	333.143	317.789	335.674	340.075	320.812	333.133	331.619	335.435	336.098
130	337.417	347.412	331.705	328.924	331.347	352.423	337.826	329.093	326.186	327.288	331.489	334.113
131	334.955	344.561	343.269	335.418	333.448	345.318	340.025	335.540	327.645	338.869	324.444	326.181
132	337.457	341.695	342.594	340.680	328.743	336.657	349.879	328.036	329.452	317.855	322.186	322.581
133	321.367	342.773	341.007	330.122	329.751	334.091	328.960	341.416	327.267	318.360	339.633	331.501
134	323.190	335.179	343.248	336.874	329.341	343.026	334.333	323.507	327.594	326.892	320.981	332.668
135	324.212	332.779	350.413	326.382	320.800	335.657	338.915	332.449	341.572	321.933	324.071	336.074
136	327.453	355.962	334.147	334.614	331.192	326.324	340.002	333.523	339.109	325.494	328.951	345.163
137	345.840	356.269	338.219	347.613	340.154	331.201	342.636	338.167	338.989	328.715	327.615	350.763
138	330.130	354.008	329.214	337.763	329.147	339.329	334.127	329.821	334.632	334.841	341.508	340.130
139	331.631	341.044	340.581	329.864	332.964	348.011	340.545	340.843	333.524	337.414	337.375	341.402
140	339.516	348.320	335.954	338.945	342.159	339.414	341.799	327.039	333.143	332.871	334.835	342.899
141	341.868	350.204	340.336	340.167	339.675	349.072	336.731	337.018	335.830	337.475	335.324	336.156
142	340.343	343.674	330.768	345.045	336.577	351.167	324.791	334.321	339.397	336.823	336.599	338.216
143	345.360	359.497	332.173	344.938	356.386	342.306	334.701	336.149	326.368	338.451	330.649	351.356
144	342.753	348.745	352.839	353.612	346.878	343.972	337.544	332.143	346.830	346.257	327.192	349.679
145	332.853	347.164	343.921	344.640	324.179	340.594	338.455	335.764	348.485	322.205	332.983	344.319
146	341.407	340.728	335.752	351.448	337.302	344.094	326.129	338.351	343.931	338.931	338.246	335.774
147	343.460	341.595	339.789	341.859	346.854	350.522	337.844	331.038	337.332	332.507	330.002	338.736
148	338.707	359.174	337.518	350.982	350.105	339.099	339.308	330.869	347.123	341.676	334.459	341.216
149	335.148	341.887	341.376	348.065	346.449	344.287	332.322	339.377	346.559	341.649	329.916	342.419
150	343.549	337.063	345.886	355.223	346.026	342.176	341.911	332.148	336.363	343.685	332.341	329.656
151	332.298	347.977	336.025	355.524	347.332	364.497	334.919	328.436	334.288	332.123	344.472	326.920
152	338.832	347.083	354.197	352.283	356.816	355.187	343.567	329.525	344.045	335.215	335.129	336.864
153	304.791	304.791	301.842	308.656	318.592	296.943	295.761	288.401	283.536	286.363	290.352	282.668
154	309.254	309.254	296.145	307.716	315.559	293.784	289.402	301.146	279.678	282.931	283.083	283.097
155	296.748	296.748	289.599	294.492	312.248	286.706	286.057	299.175	291.591	282.033	289.965	288.499
156	296.953	296.953	293.651	287.793	303.503	292.250	287.889	286.680	285.675	283.212	299.610	286.169
157	304.754	304.754	288.797	292.011	300.449	288.957	283.744	286.087	273.791	284.341	300.922	279.268
158	305.145	305.145	292.272	300.475	294.687	282.341	286.162	276.981	271.157	287.505	289.999	283.671
159	305.719	305.719	292.318	292.582	297.767	284.910	292.562	280.472	274.512	282.601	281.254	281.336
160	298.061	298.061	282.598	291.820	296.818	284.793	289.196	284.911	276.808	287.967	290.628	289.534
161	298.623	298.623	279.897	285.155	294.414	280.517	284.931	275.576	272.560	284.239	284.910	273.516
162	296.135	296.135	295.593	288.498	289.907	278.762	281.933	270.857	277.255	283.511	283.466	272.702
163	303.343	303.343	294.571	292.817	294.121	286.829	280.289	279.376	282.932	288.632	296.975	282.343
164	293.174	293.174	296.362	287.555	282.089	280.952	283.485	276.944	272.855	276.592	291.974	272.962
165	283.658	283.658	288.513	283.052	278.702	279.431	279.031	273.991	276.991	286.203	288.338	272.021
166	295.388	295.388	290.542	282.004	289.271	290.008	275.009	272.440	271.566	280.572	285.251	279.607
167	291.209	291.209	287.976	281.894	288.814	288.142	264.827	266.463	273.757	282.069	276.576	280.374
