 	Profile_Slice_1	Profile_Slice_2	Profile_Slice_3	Profile_Slice_4	Profile_Slice_5	Profile_Slice_6	Profile_Slice_7	Profile_Slice_8	Profile_Slice_9	Profile_Slice_10	Profile_Slice_11	Profile_Slice_12	Profile_Slice_13	Profile_Slice_14	Profile_Slice_15
1	194.974	174.365	168.430	167.967	169.307	175.446	170.562	176.254	169.812	172.308	171.131	180.654	177.826	182.749	190.517
2	187.670	170.463	170.781	173.771	170.290	176.949	174.278	176.759	168.874	172.673	170.970	176.567	173.722	185.508	191.015
3	190.977	172.403	166.859	170.381	170.706	180.110	177.996	175.360	170.059	175.692	173.602	179.992	177.137	186.874	185.800
4	184.679	167.775	171.024	168.159	167.797	178.067	176.011	172.867	168.554	181.816	177.396	176.229	177.277	188.661	184.023
5	188.060	169.016	168.192	169.158	166.481	175.730	171.654	173.475	165.736	171.568	185.018	176.369	169.962	180.359	189.554
6	192.804	167.793	175.553	168.894	168.618	174.118	171.855	173.570	171.978	172.775	176.201	178.491	176.371	185.956	189.393
7	195.487	166.622	170.960	175.841	166.242	174.666	172.417	171.697	172.950	174.256	177.324	172.448	175.798	187.012	182.682
8	195.776	170.407	171.722	169.987	160.531	171.407	173.289	173.009	174.912	173.182	172.478	176.725	170.877	188.159	183.928
9	192.954	176.764	168.959	171.517	167.181	172.014	174.078	166.377	177.624	179.412	174.805	176.247	169.591	183.780	183.533
10	190.954	169.090	171.190	170.258	164.759	175.017	167.549	170.265	171.206	175.163	174.077	180.199	175.232	189.129	183.220
11	194.050	167.557	168.084	168.978	168.806	176.446	171.003	176.742	172.215	171.910	174.659	179.220	174.998	188.501	185.794
12	191.784	176.244	170.711	167.584	168.200	170.451	169.545	173.527	168.559	168.011	173.891	172.937	173.714	189.702	189.140
13	195.413	171.411	172.519	172.252	166.751	169.400	170.767	167.814	171.915	173.847	170.760	172.095	171.487	194.219	188.183
14	196.114	170.912	172.686	170.065	166.862	168.464	172.118	164.453	173.167	170.890	172.687	170.779	174.811	192.332	193.432
15	196.340	169.222	172.048	164.792	165.975	172.974	169.194	164.922	167.911	167.122	172.544	168.608	173.207	193.421	188.932
16	199.974	171.015	173.213	167.374	165.156	171.783	172.854	173.281	169.312	172.809	167.595	169.334	171.540	191.384	184.954
17	199.650	172.172	175.314	171.570	162.596	170.107	171.395	174.923	169.691	175.830	172.649	169.842	172.298	191.097	190.969
18	200.848	178.167	179.642	171.548	165.898	175.198	169.482	174.678	174.871	172.200	172.816	173.765	175.107	186.062	200.562
19	197.929	180.246	180.487	176.112	169.681	174.473	171.180	171.541	170.817	170.760	176.183	175.427	175.893	183.335	196.316
20	205.741	176.795	175.395	175.138	174.962	175.371	174.695	171.805	175.047	177.481	179.196	174.287	174.973	184.035	197.113
21	198.505	178.523	172.574	173.908	169.149	175.050	176.615	172.659	173.981	171.920	177.396	179.143	177.046	182.338	193.026
22	195.689	181.712	171.622	170.571	171.444	171.516	170.314	175.528	176.655	175.078	176.500	173.006	176.488	184.104	185.753
23	199.282	174.917	175.831	172.011	169.180	171.399	172.773	174.575	177.525	171.448	176.673	178.731	175.023	180.613	190.881
24	195.786	176.670	172.652	173.501	169.263	170.050	172.555	175.623	177.804	172.471	179.553	178.004	180.287	176.038	192.828
25	189.663	179.246	169.806	176.765	169.436	170.326	174.869	176.802	171.352	173.575	178.605	173.050	185.203	180.993	183.787
26	190.331	181.923	175.382	170.524	167.039	174.456	168.281	171.211	174.564	174.741	180.364	176.826	181.149	182.051	183.678
27	188.282	185.083	174.548	171.105	169.598	175.683	176.723	169.339	175.102	177.022	176.059	175.798	179.852	182.951	183.369
28	190.862	185.044	174.632	174.475	174.307	175.100	179.437	172.522	175.585	176.785	176.002	176.059	180.021	184.186	177.162
29	187.209	188.808	178.316	174.654	169.380	182.415	177.825	178.667	177.355	179.876	178.933	177.286	184.474	183.033	181.762
30	187.634	182.817	179.957	178.130	169.888	182.178	173.501	176.371	175.013	174.405	179.199	179.238	183.058	181.684	180.673
31	191.372	181.239	179.239	182.132	171.351	180.275	172.527	178.589	179.416	190.566	182.457	175.384	177.268	184.285	184.437
32	197.471	179.912	173.932	176.582	170.040	175.065	176.635	180.700	182.455	183.272	178.514	181.014	185.347	189.975	180.334
33	202.629	186.192	181.073	180.098	169.189	177.784	178.444	182.367	177.773	185.888	179.158	183.388	184.611	191.105	190.211
34	196.295	182.587	181.472	182.226	172.783	174.275	182.828	182.141	181.269	178.925	183.618	180.695	185.138	182.410	190.219
35	202.024	180.821	179.626	181.208	173.192	176.562	179.897	180.009	180.844	175.865	185.929	175.390	181.550	187.249	188.165
36	191.941	182.596	178.672	179.887	172.114	174.196	182.257	187.873	183.232	178.559	180.923	181.750	181.597	184.736	186.529
37	193.826	173.518	178.741	181.857	176.184	178.636	177.003	181.017	179.567	179.118	180.793	180.923	176.259	176.193	184.563
38	195.640	182.746	176.557	177.879	175.621	183.065	180.416	184.527	184.810	182.355	184.147	182.348	179.245	183.192	190.740
39	196.527	184.823	177.803	175.372	176.228	184.338	182.972	180.190	178.913	184.017	179.208	179.197	181.184	183.053	191.255
40	191.354	180.920	186.308	182.753	175.518	175.996	180.246	181.997	191.138	181.821	177.502	180.350	180.514	183.597	184.849
41	189.984	182.876	184.822	177.929	172.609	179.914	181.908	182.078	184.960	188.113	182.241	185.203	179.523	180.230	177.444
42	186.663	182.644	179.527	176.110	176.198	179.225	179.386	180.652	183.338	183.908	181.782	182.952	179.766	178.742	181.394
43	185.620	180.885	180.847	175.865	178.570	184.072	176.453	182.855	180.849	185.685	183.647	179.874	178.201	181.766	182.666
44	185.074	184.070	185.753	178.032	179.089	183.328	183.237	188.357	179.276	182.406	182.902	187.925	177.929	179.634	178.489
45	183.385	180.396	184.062	181.092	178.214	183.846	183.478	186.583	185.661	181.975	177.291	190.049	181.892	182.153	178.789
46	179.705	183.553	179.611	176.385	172.551	183.319	185.441	182.701	181.853	177.286	184.194	181.753	184.638	182.268	184.071
47	177.574	182.634	178.535	178.912	175.439	184.127	181.052	186.662	184.786	179.791	178.644	187.823	177.718	177.900	181.431
48	182.477	181.419	181.721	181.773	182.257	182.900	184.151	187.739	182.914	183.165	183.476	190.592	180.045	170.303	179.282
49	184.893	181.411	178.190	184.951	176.180	183.133	189.123	190.823	186.733	180.487	190.950	178.284	180.571	173.006	181.819
50	186.569	179.308	182.346	183.400	177.908	185.564	179.443	184.056	179.113	181.922	187.324	184.609	182.483	176.486	181.739
51	182.565	183.676	181.177	180.433	176.244	181.498	175.323	177.935	182.682	182.202	182.367	183.978	184.457	177.176	176.910
52	180.612	181.713	176.299	180.513	180.594	185.182	180.948	185.352	187.040	184.993	181.776	187.515	189.402	178.135	176.044
53	185.555	179.796	173.556	183.245	175.300	184.045	178.872	188.129	194.056	179.476	183.876	191.256	184.904	172.757	177.664
54	184.681	184.393	176.232	180.047	179.594	186.546	182.591	183.108	187.162	176.155	187.127	185.999	184.894	180.094	177.768
55	187.715	188.240	177.489	179.400	178.677	182.405	180.415	182.224	182.781	179.065	182.519	182.149	184.086	178.178	178.188
56	185.250	187.371	174.122	181.153	178.449	184.645	179.479	182.724	177.610	181.486	184.085	180.451	185.606	175.226	181.385
57	183.256	176.361	182.612	181.701	180.089	187.079	188.198	182.578	181.895	181.235	183.576	179.762	186.095	179.550	179.086
58	179.199	186.538	183.337	187.780	173.823	179.109	185.904	184.299	183.494	186.206	182.056	182.911	189.888	178.604	179.327
59	184.277	180.749	183.110	187.458	173.044	182.746	184.980	180.410	188.434	185.297	182.168	180.402	182.661	181.415	186.212
60	181.192	177.872	182.308	181.389	177.424	182.013	184.225	181.873	192.058	180.634	179.554	178.961	182.755	182.812	176.103
61	184.893	181.824	175.522	183.491	177.559	181.550	181.828	182.422	180.995	183.940	178.729	179.051	189.992	184.684	173.723
62	185.687	184.894	177.274	178.427	176.551	185.530	186.125	186.602	180.247	186.885	177.656	181.653	189.990	187.337	179.562
63	185.169	184.893	183.275	182.093	179.864	189.891	180.527	184.305	186.307	183.793	186.477	181.327	188.585	185.690	186.029
64	182.835	183.234	186.705	185.132	177.087	193.482	179.533	182.091	183.149	180.170	182.162	187.841	184.619	185.733	184.422
65	185.626	179.475	182.547	186.313	177.365	185.820	181.754	180.549	183.684	179.066	182.166	182.870	182.261	184.546	182.457
66	187.636	183.321	185.857	179.103	176.688	185.932	184.143	182.835	181.242	185.045	184.284	181.005	185.590	184.146	184.354
67	187.598	188.201	178.602	175.130	179.307	183.160	177.932	180.155	176.688	183.168	181.296	181.093	182.139	185.483	183.267
68	188.431	187.724	184.664	176.979	178.306	194.190	179.025	185.852	182.545	185.834	179.117	183.490	188.110	182.264	185.018
69	185.876	179.069	181.681	181.781	180.242	184.366	178.760	185.153	181.811	189.528	181.902	183.355	190.270	182.589	184.413
70	188.255	176.078	183.524	183.659	181.302	188.057	178.420	188.007	180.862	193.852	182.076	183.024	188.749	185.069	189.815
71	196.793	181.255	179.850	180.880	179.791	189.743	183.194	184.339	181.998	186.553	187.957	187.769	188.009	188.020	187.831
72	191.119	182.773	183.011	183.728	180.448	183.592	188.665	187.833	181.312	182.322	186.829	183.547	184.390	188.930	185.209
73	189.478	182.231	180.500	179.151	178.354	183.353	185.072	182.716	183.941	185.807	187.612	181.438	187.504	184.126	183.237
74	184.573	186.126	180.030	183.814	182.792	185.619	183.100	184.730	185.032	190.600	187.070	182.863	182.795	182.467	181.942
75	184.878	185.003	183.220	182.236	178.161	182.032	184.444	184.733	182.239	189.645	183.812	182.602	185.445	188.948	182.746
76	190.202	187.738	185.541	184.411	177.360	186.369	185.527	185.463	186.300	187.858	184.628	185.621	189.053	188.319	180.781
77	191.571	183.061	183.279	178.226	177.933	187.251	185.902	185.980	186.113	184.832	182.828	188.428	186.333	181.342	179.624
78	199.465	185.305	187.985	181.262	177.899	180.591	187.307	186.411	180.026	184.663	183.997	186.976	186.942	184.793	183.076
79	193.571	185.955	180.049	178.931	178.157	187.391	186.149	189.578	182.345	183.086	188.118	187.308	179.725	182.162	182.339
80	190.979	186.378	181.954	180.483	184.837	184.779	183.085	187.178	184.252	188.589	185.297	183.529	181.014	181.771	186.186
81	192.758	185.667	185.062	180.987	182.153	183.962	185.967	183.058	184.508	186.844	189.709	190.420	187.809	179.446	185.192
82	192.857	183.141	179.697	180.535	178.326	181.866	187.170	177.450	184.313	181.534	186.494	186.413	191.036	175.971	188.648
83	199.689	185.276	183.420	180.784	179.251	182.283	185.785	180.748	178.501	184.638	189.625	187.868	185.650	177.109	195.000
84	207.244	186.649	180.953	178.818	177.351	182.508	180.728	181.260	181.488	184.799	185.211	179.175	181.133	173.581	197.360
85	204.091	181.336	183.249	182.206	178.919	184.911	184.584	181.258	184.161	187.953	181.699	181.165	187.482	175.787	195.345
86	208.016	186.612	180.651	182.616	183.043	180.661	186.399	183.320	185.350	183.473	187.766	183.980	188.371	178.107	196.153
87	204.394	181.443	183.322	177.514	178.100	181.405	180.569	190.073	187.107	184.937	180.522	185.678	186.883	177.380	192.144
88	200.789	180.667	177.734	179.487	177.641	183.287	183.524	181.813	178.296	186.086	184.272	178.380	189.067	185.778	190.676
89	197.350	183.383	183.466	179.429	175.538	189.012	182.104	182.677	187.169	183.888	182.164	181.878	182.440	183.934	190.986
90	192.884	185.161	181.466	181.094	173.109	184.742	182.948	178.737	182.723	182.201	179.562	178.997	183.525	184.351	187.610
91	196.837	181.638	181.292	177.348	172.575	184.010	185.353	184.869	184.907	184.581	177.825	179.753	183.814	186.158	188.059
92	200.856	179.953	176.624	174.025	178.292	176.979	177.899	179.374	181.083	182.585	178.818	180.273	183.006	190.793	186.506
93	200.963	180.189	178.227	183.123	182.425	184.572	180.915	182.828	181.994	179.360	181.030	182.823	187.284	183.235	185.537
94	194.773	176.927	178.794	177.940	182.199	183.114	183.299	181.689	176.022	173.523	186.580	187.626	185.309	185.899	188.158
95	193.334	184.146	181.427	183.301	178.701	183.003	181.781	186.340	180.751	181.266	186.688	184.770	180.452	191.688	186.123
96	191.218	184.834	180.949	183.142	179.727	179.143	184.290	180.417	183.993	182.074	179.230	184.595	180.289	191.673	195.234
97	191.296	188.327	180.270	179.557	177.917	187.343	180.106	177.391	182.995	180.495	187.060	177.267	178.792	193.467	191.604
98	196.018	176.766	176.817	176.104	173.009	187.685	175.653	180.622	178.826	173.533	183.669	182.495	183.218	194.156	192.515
99	200.443	176.343	177.562	183.057	177.684	185.964	180.360	187.167	182.980	177.311	182.795	179.044	181.755	193.556	195.363
100	193.764	181.632	178.633	180.930	177.371	185.624	183.322	184.653	183.185	178.975	179.574	181.045	183.825	191.090	197.603
101	188.688	181.458	181.726	176.938	174.386	180.746	186.261	177.572	178.737	177.810	173.891	181.392	185.292	189.184	190.620
102	186.487	179.124	180.060	182.104	172.893	183.001	182.426	181.878	178.800	177.483	179.464	183.295	184.878	187.114	187.073
103	187.380	183.075	182.833	178.554	179.367	183.047	183.449	182.803	182.791	181.359	184.772	184.762	188.124	188.813	187.696
104	185.011	179.227	181.394	180.895	179.016	185.532	179.138	184.097	182.456	177.733	182.683	184.523	184.805	191.681	189.666
105	183.665	187.364	181.147	182.975	180.042	184.185	179.841	183.914	178.526	180.188	184.979	183.168	178.210	185.688	182.452
106	189.194	181.434	176.995	179.552	176.380	181.848	182.035	183.423	179.707	181.605	183.060	182.579	175.848	185.949	182.515
107	187.085	179.940	174.975	179.860	171.325	184.956	177.732	175.908	178.591	185.957	176.885	179.129	179.959	179.416	182.908
108	186.863	177.039	182.238	182.139	176.167	179.127	183.498	178.305	180.539	181.535	182.646	181.408	187.441	180.257	184.248
109	187.564	182.734	178.792	183.672	182.585	184.125	179.923	186.025	181.684	182.705	181.979	181.930	186.634	179.952	189.563
110	188.346	175.522	179.148	183.672	178.613	182.936	183.742	182.525	179.625	184.178	180.855	180.650	184.411	178.937	186.913
111	191.276	177.132	178.287	182.211	176.844	181.875	177.204	181.021	180.794	179.486	179.858	183.226	181.639	179.809	183.023
112	191.350	177.284	180.362	178.597	174.051	182.325	182.983	186.568	179.271	182.500	182.456	181.715	183.380	175.230	182.258
113	193.962	185.930	184.407	178.035	176.501	180.847	181.265	184.076	179.594	183.732	183.398	182.287	186.773	177.300	181.843
114	185.366	179.766	178.785	177.173	174.214	185.807	182.043	181.539	177.517	183.613	178.000	180.868	185.746	182.096	182.181
115	182.701	179.592	183.574	182.143	175.646	180.940	181.924	179.049	179.476	185.434	180.612	182.124	182.950	183.263	185.406
116	183.585	187.433	181.897	177.743	178.071	185.851	177.893	177.072	177.824	184.322	180.580	187.238	183.007	182.244	174.269
117	186.477	183.132	175.585	177.597	172.194	179.718	179.059	184.923	177.909	176.857	178.576	181.333	183.386	177.794	178.556
118	182.601	180.250	179.280	178.810	176.313	182.593	186.539	180.462	185.388	183.617	184.084	182.314	182.713	178.874	183.719
119	184.080	183.881	176.061	180.852	175.511	183.278	183.956	179.220	186.665	181.842	181.688	186.461	178.705	175.766	177.403
120	182.099	187.266	174.865	176.163	174.226	178.544	175.611	180.089	181.217	186.968	181.943	182.364	183.787	177.886	181.174
121	188.396	181.389	180.050	181.113	175.084	182.995	176.751	178.266	178.306	184.161	179.244	185.871	184.811	176.881	183.474
122	186.310	181.754	180.612	180.077	178.876	178.266	180.787	181.140	180.942	182.276	181.742	181.394	182.885	173.812	180.590
123	189.638	189.457	181.065	184.081	178.031	178.197	178.425	182.461	181.503	181.653	178.901	181.654	178.437	177.146	183.524
124	182.426	185.364	179.999	181.689	177.344	187.169	185.780	179.265	180.503	181.071	182.532	183.162	181.202	176.639	188.022
125	184.474	186.244	179.194	181.013	174.678	181.393	182.743	180.687	177.277	177.905	177.044	185.859	180.777	176.967	186.918
126	188.242	179.429	180.778	179.442	178.804	181.282	179.329	181.902	181.004	180.024	176.863	179.965	181.150	180.088	187.351
127	189.177	182.180	186.801	175.318	177.022	183.113	183.750	176.935	183.450	186.453	179.439	179.889	179.391	177.520	186.769
128	183.092	179.360	182.779	177.437	172.925	181.359	181.145	176.969	178.231	181.369	179.676	183.079	181.265	183.160	187.641
129	186.549	182.100	185.209	174.673	176.105	180.559	181.133	181.189	184.714	178.581	183.358	179.253	180.106	182.620	187.856
130	182.818	185.939	188.126	179.288	176.020	178.924	178.766	182.969	179.518	182.323	188.600	181.642	181.078	181.200	187.941
131	188.640	179.090	182.259	178.737	174.561	174.419	176.133	183.525	183.180	177.010	187.758	185.748	182.060	180.539	187.367
132	196.030	179.593	175.618	180.042	174.003	175.758	177.576	184.249	176.192	178.182	184.844	177.054	182.943	183.234	190.201
133	195.119	178.303	176.355	179.244	175.362	184.316	174.940	180.089	179.657	183.862	184.698	184.601	184.745	184.654	190.516
134	188.844	172.942	180.113	181.487	172.061	185.960	175.526	179.596	176.355	182.728	183.121	181.291	182.236	182.377	185.020
135	194.329	174.716	178.642	176.242	174.752	177.563	180.210	176.024	179.692	180.975	181.599	180.275	180.223	181.005	186.267
136	188.737	183.843	177.689	177.166	172.448	182.605	185.996	179.271	184.302	178.517	177.162	180.191	181.588	182.312	186.585
137	185.429	177.168	180.986	177.214	170.632	180.083	182.908	179.477	181.731	182.390	177.973	183.449	180.365	186.803	185.135
138	183.585	175.679	176.789	179.214	176.150	179.346	176.151	179.629	179.221	169.110	178.486	183.626	175.403	176.127	186.504
139	181.872	179.380	180.490	178.027	177.849	178.779	180.191	177.028	179.635	179.517	177.449	182.227	176.245	180.356	178.386
140	187.246	178.775	179.750	177.178	179.693	176.217	182.342	175.580	175.938	180.817	176.564	180.819	179.480	181.039	175.979
141	186.801	175.819	178.876	175.178	173.507	179.539	175.200	178.547	181.265	177.217	177.992	176.132	177.702	177.353	184.026
142	182.111	181.191	179.843	178.856	178.357	179.281	175.749	179.191	179.539	179.751	185.836	174.060	178.312	174.123	183.153
143	180.664	182.000	180.050	181.988	173.125	183.069	176.274	177.895	177.624	183.076	184.172	173.708	182.606	174.477	179.481
144	183.287	183.476	179.478	181.368	173.352	179.504	179.161	180.943	176.777	183.985	180.128	179.355	176.968	176.521	176.447
145	179.653	186.366	179.988	180.487	176.314	175.183	177.411	180.257	175.841	178.858	174.817	179.458	180.278	174.695	176.404
146	179.409	178.228	177.440	175.429	177.592	180.481	179.598	181.306	176.474	181.114	173.892	181.818	183.865	174.611	175.970
147	181.183	178.261	178.969	177.429	176.683	176.455	176.345	175.881	179.068	179.002	171.381	181.218	179.386	173.961	171.875
148	174.390	178.718	174.144	176.213	172.698	179.229	175.011	175.373	179.345	179.161	177.765	179.601	174.484	174.495	172.800
149	175.503	175.503	181.115	175.444	172.400	178.563	177.394	176.047	181.697	181.738	182.620	184.876	179.299	173.675	175.134
150	183.569	175.137	176.150	180.839	170.018	177.881	177.442	176.940	177.274	178.261	176.683	182.204	177.754	169.389	172.620
151	180.603	176.787	178.618	183.181	174.368	180.307	176.279	180.383	172.714	175.617	177.193	178.616	179.828	169.856	169.531
152	173.898	177.002	181.771	177.387	170.455	174.256	177.601	182.555	172.162	175.675	180.577	183.540	181.076	170.327	167.684
153	172.958	176.277	172.209	173.752	174.182	176.581	179.635	176.917	173.325	175.492	176.147	172.975	179.401	171.456	167.232
154	170.180	175.163	176.398	175.957	175.851	181.360	176.423	179.861	178.017	177.004	174.442	175.917	178.462	172.954	166.688
155	171.573	175.980	177.137	172.525	176.040	178.401	178.126	174.028	176.029	175.785	177.255	180.544	182.258	169.612	171.936
156	172.532	176.274	176.755	178.503	176.207	177.725	175.228	180.076	180.077	179.203	177.126	176.532	177.681	168.675	169.927
157	175.931	176.090	180.630	175.077	171.510	180.990	176.279	176.185	178.548	179.987	180.882	173.678	179.050	163.831	171.405
158	170.590	175.079	181.433	176.698	168.776	176.179	176.506	173.258	178.338	180.066	179.153	174.893	180.062	168.528	168.873
159	172.250	178.256	179.087	177.162	176.077	176.894	172.939	173.200	177.728	175.441	175.688	182.271	179.972	167.060	169.408
160	175.428	180.444	178.130	180.837	174.541	177.198	176.963	176.908	178.786	177.761	181.960	176.506	179.014	166.151	168.535
161	172.507	175.178	174.503	174.495	176.170	175.391	187.304	175.676	177.342	176.808	181.588	178.680	173.380	165.207	170.145
162	169.047	172.967	171.767	170.463	170.682	172.677	177.577	172.314	178.082	180.260	182.909	174.052	175.570	164.330	171.194
163	173.547	175.127	178.665	172.639	171.883	179.088	177.125	175.440	181.056	178.973	179.692	174.617	178.697	165.905	172.741
164	176.235	177.071	180.623	173.805	171.691	180.013	177.118	173.349	188.481	184.778	180.096	177.123	179.503	166.382	174.257
165	175.822	179.130	176.550	175.827	170.840	179.693	179.593	176.085	180.050	180.861	179.707	178.483	178.414	166.293	169.863
166	175.727	174.949	178.025	178.210	169.015	176.151	175.965	172.762	174.594	176.327	174.415	175.873	178.590	170.852	166.699
167	175.580	178.894	180.452	181.188	165.828	176.183	175.329	174.994	175.662	178.953	175.865	177.591	179.201	171.124	168.977
168	171.808	175.815	177.568	181.755	173.424	180.602	179.386	175.987	182.632	178.371	176.753	175.046	178.399	171.655	169.612
169	174.577	178.979	177.719	181.331	170.486	172.646	175.100	180.751	177.938	175.483	177.969	177.143	178.987	174.303	170.877
170	175.729	179.206	175.555	177.854	176.050	174.251	179.576	177.890	177.482	175.740	180.773	176.846	177.053	173.813	176.269
171	173.515	176.907	175.885	176.386	170.758	175.010	176.534	175.214	180.593	176.014	179.967	173.875	178.502	170.635	171.424
172	176.088	177.655	174.831	173.090	171.728	180.772	174.634	174.494	177.743	176.378	176.628	173.989	175.910	173.240	169.736
173	171.652	179.585	176.059	173.877	178.562	174.355	174.649	174.085	180.017	175.846	181.482	176.768	174.188	173.936	171.332
174	172.621	176.974	169.746	174.661	174.928	171.657	177.795	175.885	179.796	178.498	181.469	180.628	169.377	169.042	175.660
175	176.482	180.668	173.507	175.067	168.970	175.117	175.521	172.746	174.407	177.816	179.609	181.358	176.293	173.142	172.156
176	179.718	176.499	171.654	174.256	172.523	180.631	175.315	173.888	176.873	174.903	176.545	179.917	179.341	176.844	175.071
177	177.286	174.176	170.687	169.327	172.664	175.773	180.741	175.756	175.779	174.377	176.915	178.304	179.440	178.543	171.434
178	178.332	175.179	179.377	175.782	173.099	176.221	181.594	179.918	177.975	179.851	174.843	177.373	176.097	178.982	174.826
179	179.560	172.495	179.736	178.952	171.728	174.169	178.543	175.634	175.956	173.291	180.172	176.510	177.801	181.606	173.321
180	179.305	176.037	175.304	175.350	172.806	175.293	177.943	176.191	180.027	172.703	177.199	176.655	176.483	175.731	173.969
181	176.678	170.808	176.138	175.735	173.875	175.558	179.367	177.244	178.670	172.910	174.245	179.941	174.687	173.144	174.242
182	180.182	176.337	174.659	179.115	170.645	174.780	169.412	173.238	173.268	174.154	169.707	174.573	176.713	173.882	177.553
183	173.994	178.503	173.525	179.910	164.673	172.133	175.138	174.871	176.865	174.147	173.414	174.681	173.875	171.773	178.032
184	177.284	180.176	170.864	179.392	164.892	178.944	171.081	173.837	173.472	174.460	169.020	171.801	172.365	175.978	177.012
185	178.035	175.714	178.254	173.387	170.731	179.233	175.245	177.739	176.288	175.078	176.322	179.882	172.813	174.665	173.557
186	178.280	172.723	171.306	173.470	165.487	179.735	178.545	177.238	175.462	177.605	176.789	176.066	172.427	172.645	172.004
187	176.501	173.478	172.224	173.547	167.830	175.516	175.991	173.174	175.915	175.204	177.841	177.076	176.136	171.016	173.073
188	177.043	167.297	177.047	173.600	171.679	177.127	181.546	175.657	174.870	176.464	170.058	176.867	181.220	168.746	174.359
189	176.971	172.645	175.221	170.183	172.065	171.841	177.454	175.093	174.287	175.651	176.038	172.930	178.336	172.080	172.250
190	177.792	172.739	175.237	169.320	170.883	173.350	177.189	175.083	172.181	176.847	177.016	174.617	172.616	172.491	172.642
191	181.521	174.543	172.205	172.784	176.422	175.110	175.612	180.067	175.368	178.308	177.555	174.451	172.656	172.243	173.997
192	174.291	177.781	171.565	173.734	167.489	175.342	171.000	174.049	176.337	179.187	170.876	174.717	171.116	172.949	170.423
193	175.581	179.091	175.207	170.660	164.394	173.871	174.282	177.595	170.565	185.018	174.152	179.403	169.501	173.511	166.726
194	176.453	175.270	177.509	175.806	167.621	173.080	170.977	178.278	169.733	174.818	174.293	173.038	175.128	173.170	171.692
195	172.784	176.430	172.622	173.137	169.316	176.190	172.355	173.710	173.808	171.457	173.231	170.446	170.315	174.333	175.902
196	178.824	176.180	173.040	174.382	168.588	177.653	172.504	178.026	172.906	174.236	176.157	176.256	176.856	169.342	173.383
197	176.547	171.632	172.716	176.401	169.387	169.102	174.455	175.657	174.469	170.711	169.322	174.643	172.913	169.629	170.608
198	175.104	170.345	168.676	174.945	167.128	169.083	172.153	174.810	170.602	171.842	174.149	173.538	176.070	169.359	169.998
199	171.641	169.765	171.166	171.777	172.005	169.111	169.369	172.915	173.090	169.752	176.965	173.285	174.163	168.626	175.306
200	171.909	175.359	175.115	170.322	171.557	172.710	173.039	167.940	169.852	167.796	173.442	169.474	176.257	167.249	171.333
201	177.591	174.131	170.984	172.785	166.816	174.756	175.531	172.953	175.004	174.172	171.504	169.324	177.425	170.042	169.036
202	178.211	177.985	176.383	171.833	167.732	174.487	172.726	174.840	176.418	172.633	174.064	171.603	173.002	169.205	170.090
203	178.014	174.742	175.288	174.097	172.065	174.598	169.482	172.833	173.990	176.571	173.615	173.606	174.941	170.922	170.424
204	175.532	169.350	171.642	173.548	164.252	176.416	173.438	170.993	175.305	172.759	174.349	173.373	174.225	169.176	170.358
205	176.906	176.532	170.777	171.874	172.140	172.681	172.931	173.742	172.987	170.887	166.904	171.460	176.877	173.265	174.664
206	179.773	170.533	169.778	172.406	167.495	170.815	170.604	174.306	174.362	173.557	172.960	171.701	179.119	169.364	174.137
207	172.426	169.246	167.324	170.902	168.728	169.044	170.804	174.860	169.396	176.442	173.539	175.255	176.862	171.610	173.560
208	176.114	178.821	171.755	174.540	169.884	171.162	170.449	177.431	180.220	168.473	177.207	172.562	174.382	169.174	171.516
209	179.391	174.581	168.657	174.300	167.044	174.475	174.342	172.583	174.315	176.385	173.590	172.939	176.786	171.862	169.783
210	176.910	171.414	162.343	168.766	165.241	173.103	168.327	173.208	170.717	169.782	174.604	180.512	179.124	169.139	175.535
211	173.272	175.712	166.463	170.225	169.057	173.489	171.762	172.171	171.464	173.910	174.244	173.970	171.607	167.973	170.169
212	172.189	175.036	172.586	172.280	169.642	175.029	172.737	169.987	174.800	173.331	177.146	178.507	169.320	166.804	168.264
213	178.186	175.768	173.799	173.349	171.472	174.857	169.217	173.377	172.249	174.774	168.099	174.457	179.643	169.023	175.074
214	178.872	174.888	177.829	171.723	169.189	175.248	173.064	176.437	170.152	172.463	168.547	177.484	177.833	166.475	172.148
215	176.227	177.421	172.029	168.175	164.832	177.986	174.692	175.262	171.950	174.389	172.566	171.744	179.134	169.630	168.731
216	174.062	176.395	175.828	171.023	169.413	178.599	173.821	173.633	173.985	173.152	170.894	169.064	178.247	172.967	167.142
217	174.166	173.684	173.124	167.391	169.083	173.082	173.463	173.830	177.049	172.903	171.250	177.266	178.905	168.055	175.805
218	176.951	168.415	172.151	173.476	166.124	172.068	174.446	175.302	172.500	170.983	168.262	169.751	173.704	170.574	171.935
219	169.547	170.874	173.523	172.007	168.415	170.458	171.139	172.566	171.808	170.499	173.116	170.807	174.853	170.851	168.840
220	170.985	168.252	172.738	170.324	168.331	169.998	173.039	173.391	178.690	172.561	174.962	173.292	178.053	172.104	171.876
221	176.269	177.863	174.459	167.921	168.256	170.966	169.156	168.046	172.197	172.955	168.621	170.548	174.148	172.558	170.650
222	172.501	175.452	169.854	169.645	173.413	169.595	166.777	170.438	169.710	171.499	169.160	176.251	176.345	169.774	169.071
223	171.467	175.293	167.092	171.358	167.024	170.896	172.008	173.802	171.008	169.540	174.171	174.995	178.821	168.048	170.119
224	171.441	170.701	174.485	173.931	167.346	172.561	173.265	168.290	168.606	168.918	175.127	171.398	178.755	168.992	170.966
225	174.021	171.240	178.379	173.071	164.901	171.882	174.580	173.533	172.621	168.986	176.858	168.268	171.847	169.324	170.475
226	173.062	174.820	172.695	173.261	163.702	170.944	173.674	171.810	170.599	172.700	180.083	170.100	175.977	174.004	166.708
227	174.094	177.915	173.170	172.587	167.149	170.887	174.680	172.312	170.521	175.620	177.361	172.535	176.712	169.275	167.097
228	169.925	171.019	173.026	172.114	164.607	168.902	175.611	172.713	172.811	171.323	172.756	171.571	174.989	168.464	171.655
229	174.594	170.103	174.174	169.558	171.982	173.930	177.515	172.146	174.925	176.015	173.136	169.351	178.020	168.070	177.415
230	174.943	170.124	172.486	166.061	168.050	169.565	181.506	172.889	177.960	171.708	176.754	172.009	170.927	167.447	171.687
231	171.679	170.822	172.851	170.001	168.292	173.865	172.239	174.653	175.366	177.088	173.911	174.430	172.921	171.318	167.636
232	174.429	171.722	173.458	170.941	168.168	175.871	168.383	171.087	173.634	176.412	175.905	175.040	171.359	173.093	168.103
233	176.139	169.166	170.369	171.404	167.670	171.040	173.743	171.987	170.466	178.524	173.595	170.866	170.221	166.044	169.573
234	170.477	170.005	168.427	172.263	167.643	174.854	174.215	173.111	172.019	169.580	172.915	172.012	172.448	166.376	170.240
235	171.723	168.772	172.923	169.721	171.680	176.499	175.171	174.596	167.636	169.125	177.619	170.679	173.671	165.637	172.707
236	172.697	169.570	171.422	166.360	167.818	167.893	170.363	171.476	174.761	169.884	174.549	171.222	171.690	165.823	171.726
237	170.320	171.281	167.950	170.222	167.412	167.556	173.727	171.995	173.506	174.938	171.304	174.760	171.913	168.688	173.048
238	167.251	171.860	166.999	168.954	166.953	167.500	169.180	169.324	171.361	176.461	172.408	181.866	170.782	169.359	170.063
239	176.423	173.894	167.274	175.095	169.464	173.209	168.375	170.011	173.108	175.449	174.454	182.202	172.672	169.308	174.673
240	178.315	174.264	172.745	169.493	165.151	176.338	168.142	168.217	171.566	170.516	172.043	170.090	175.440	167.930	169.392
241	172.008	172.491	169.438	170.743	166.656	174.616	168.045	171.286	171.449	168.916	168.333	169.805	173.471	169.072	166.956
242	172.509	169.124	170.027	171.694	166.819	175.114	172.233	170.332	167.150	173.184	166.433	172.508	171.421	166.737	168.703
243	175.229	169.225	166.327	168.734	165.988	169.430	172.215	171.604	167.639	170.476	169.447	169.197	167.173	168.346	166.897
244	169.061	168.058	165.003	166.003	165.201	169.571	167.720	171.276	172.684	166.696	169.811	169.522	172.714	169.353	164.392
245	174.032	168.132	167.738	172.956	172.827	168.802	168.396	174.514	170.799	170.891	168.128	172.709	173.662	164.108	167.650
246	173.460	170.383	166.696	172.228	172.832	168.709	176.122	173.389	168.049	166.342	171.157	175.297	171.839	166.639	167.082
247	176.381	170.055	169.438	168.658	166.114	167.944	170.478	176.475	172.567	166.035	176.555	172.437	177.582	167.685	172.975
248	179.590	176.769	166.129	171.057	163.991	172.560	171.220	173.483	171.569	167.947	173.858	167.514	174.056	169.135	173.071
249	172.561	170.212	167.674	170.273	166.068	173.339	172.569	170.242	177.200	168.210	168.757	172.065	170.283	162.573	169.204
250	171.656	168.155	171.484	174.452	175.790	177.102	172.671	173.665	171.242	167.525	176.341	173.865	173.114	169.615	167.238
251	178.550	171.280	169.692	168.440	168.728	174.887	172.870	167.788	168.995	171.535	173.649	167.712	170.957	163.157	168.928
252	171.919	170.746	171.757	171.682	168.397	171.585	172.746	172.181	173.060	171.560	169.333	168.738	169.141	159.492	170.355
253	170.452	168.345	165.438	167.164	167.755	173.439	170.778	166.633	171.399	177.057	171.424	176.420	168.844	163.863	170.691
254	173.168	174.302	170.438	169.529	164.854	169.890	168.001	165.844	169.197	171.874	172.294	174.299	176.779	168.070	168.962
255	174.086	173.156	168.749	164.042	167.089	171.406	170.942	172.173	167.904	171.439	170.673	172.656	174.316	167.901	170.654
256	172.446	166.983	166.124	168.222	168.786	178.510	168.763	169.375	166.178	171.681	173.365	174.430	170.163	169.807	168.828
257	170.706	169.599	170.166	169.665	168.159	178.930	168.069	166.959	168.980	167.143	173.010	172.801	173.469	164.682	168.825
258	167.209	171.372	172.537	169.237	167.410	171.252	167.464	171.989	177.101	167.390	168.851	175.137	171.141	166.020	169.610
259	168.725	170.061	170.287	168.543	166.984	171.662	171.090	173.046	174.736	170.130	168.359	179.355	172.176	166.954	169.189
260	173.259	171.609	169.295	166.044	165.449	169.314	166.575	171.546	172.285	168.743	168.696	173.366	173.440	166.690	169.454
261	169.521	169.815	176.225	170.923	168.582	170.705	168.371	169.807	168.826	172.486	173.031	174.989	167.252	169.860	167.670
262	172.126	171.041	172.869	167.020	167.669	168.638	173.015	169.266	173.542	173.820	171.388	170.666	165.458	163.647	165.360
263	172.197	169.484	168.819	172.193	163.571	171.625	170.647	166.237	168.679	170.932	171.684	168.344	175.408	166.670	172.177
264	172.058	168.618	167.373	172.341	167.611	176.737	171.292	172.246	171.240	172.898	169.613	171.027	174.689	168.977	174.630
265	172.721	165.956	170.476	169.268	162.680	169.141	168.977	172.903	164.494	174.715	169.048	174.571	174.907	168.140	175.169
266	171.128	171.486	168.960	166.389	166.882	164.797	168.886	170.814	166.816	171.824	169.233	170.458	168.751	168.516	175.821
267	172.999	170.951	170.518	170.003	169.362	170.812	172.484	166.563	169.084	172.968	170.624	173.352	168.034	168.648	174.373
268	175.260	173.393	165.526	170.654	166.923	171.617	170.944	168.706	169.535	173.302	172.152	174.581	168.735	166.123	170.620
269	175.667	165.876	167.090	170.706	164.243	170.308	173.178	171.147	170.110	166.515	171.911	170.796	172.172	165.486	168.970
270	169.154	169.464	166.334	167.704	168.619	169.257	174.061	166.435	167.942	162.698	171.404	171.100	173.608	162.341	167.002
271	170.480	168.122	165.914	172.109	170.368	166.135	168.340	164.452	170.906	167.329	171.182	171.467	174.702	167.153	165.874
272	173.534	167.313	168.480	163.610	167.650	172.484	168.318	169.877	171.861	170.911	170.727	169.916	174.233	170.033	168.353
273	171.760	174.038	169.417	165.605	169.213	167.480	168.925	168.703	176.415	167.058	167.833	169.376	174.358	171.344	169.096
274	176.166	170.504	173.344	170.713	166.178	168.269	168.973	167.137	174.925	167.938	169.349	169.468	177.162	165.539	168.883
275	171.508	168.566	170.599	166.430	163.229	172.735	169.602	166.876	171.534	171.480	168.912	168.647	179.741	167.651	169.232
276	168.781	171.052	171.516	167.917	166.931	172.097	170.105	175.409	173.989	169.129	175.597	169.452	171.114	167.284	165.514
277	172.314	171.725	172.841	168.620	173.977	169.788	166.076	169.971	172.610	171.109	172.943	167.424	170.667	168.787	167.022
278	173.751	169.614	172.601	175.197	170.115	167.564	169.930	170.090	175.152	169.528	173.142	171.770	170.098	165.202	170.945
279	171.014	169.376	172.556	172.465	168.618	164.376	169.759	169.460	172.821	167.699	167.784	168.539	164.305	165.640	170.562
280	173.349	170.838	169.584	172.296	163.164	172.530	174.508	167.894	176.693	172.510	164.863	167.049	169.932	170.024	169.546
281	170.708	167.253	167.882	166.311	171.882	173.870	171.999	165.949	175.895	171.670	168.637	171.720	170.912	165.605	170.868
282	172.881	169.734	169.528	171.041	169.833	172.598	171.729	171.035	169.967	169.209	169.000	167.524	169.518	163.758	171.266
283	170.804	173.644	170.015	166.007	167.978	173.190	171.229	170.362	174.096	170.733	170.354	168.484	172.576	164.972	166.635
284	174.859	169.359	166.948	167.438	167.834	173.101	167.817	167.327	168.860	167.103	173.491	170.406	173.316	163.935	167.526
285	171.175	166.156	167.194	167.085	166.485	169.755	166.287	169.255	171.425	166.688	171.601	170.638	175.644	167.751	163.947
286	169.427	166.658	169.976	167.981	164.178	165.302	167.977	165.339	173.251	162.870	165.991	168.614	174.921	165.564	164.912
287	167.921	167.945	169.501	167.979	164.710	167.271	173.160	167.810	172.768	164.721	171.883	164.908	172.995	169.327	168.837
288	168.929	167.623	170.680	166.975	161.705	168.109	172.779	167.938	169.192	169.225	173.819	164.927	176.015	166.318	170.317
289	164.890	169.292	167.989	165.625	164.164	169.977	170.063	167.926	166.250	173.416	169.745	171.902	176.774	165.631	165.650
290	165.873	174.867	166.745	163.781	165.638	172.735	168.002	168.959	168.521	169.247	169.397	171.743	172.395	166.494	168.112
291	168.038	170.631	167.722	162.670	166.709	169.558	166.651	166.870	171.690	168.231	168.092	168.741	168.049	165.750	166.275
292	168.367	164.465	168.098	168.034	161.744	167.955	168.257	169.940	171.366	172.268	170.889	170.892	168.397	166.638	168.846
293	170.670	170.678	165.358	168.704	164.745	165.590	169.636	169.751	173.222	165.731	167.890	172.866	167.111	168.350	164.508
294	169.947	168.121	164.233	165.840	163.215	169.290	168.568	169.456	172.158	163.265	170.413	166.721	166.892	166.961	165.404
295	170.543	169.047	164.519	170.306	163.329	167.403	172.943	171.223	172.149	167.675	171.469	171.026	168.653	168.555	168.612
296	167.901	169.522	170.414	169.373	168.655	166.283	170.137	168.383	173.375	170.928	170.998	173.555	169.589	164.245	169.160
297	171.456	165.374	165.524	168.082	168.690	172.027	170.083	168.673	172.541	166.537	171.465	172.272	166.049	167.631	167.391
298	170.012	169.836	163.972	170.501	165.097	167.632	170.470	166.887	169.223	166.627	167.963	171.033	165.772	165.518	166.213
299	168.641	170.136	163.052	165.725	164.912	167.281	169.815	166.138	168.613	161.877	168.057	167.083	168.474	164.114	164.908
300	171.584	171.774	161.297	168.899	166.558	166.618	164.782	169.731	169.750	166.088	167.972	169.840	169.557	168.561	165.323
301	173.329	165.775	169.108	170.071	167.139	171.489	164.889	167.971	168.598	167.795	167.072	165.850	171.299	165.162	170.325
