 	Profile_Slice_1	Profile_Slice_2	Profile_Slice_3	Profile_Slice_4	Profile_Slice_5	Profile_Slice_6	Profile_Slice_7	Profile_Slice_8	Profile_Slice_9	Profile_Slice_10	Profile_Slice_11	Profile_Slice_12
1	190.920	190.920	189.224	189.243	188.246	186.876	190.017	187.652	181.382	193.428	185.969	185.345
2	190.142	190.142	188.976	193.291	194.923	188.990	185.691	190.748	186.752	190.430	192.865	189.492
3	187.811	187.811	192.715	190.513	190.027	183.775	188.038	190.469	183.782	188.151	190.532	192.374
4	200.228	200.228	195.575	191.277	188.625	195.675	191.947	194.994	190.607	188.850	194.264	189.873
5	198.621	198.621	190.339	193.549	186.798	191.517	190.061	190.042	189.047	190.661	189.511	194.183
6	190.357	190.357	187.379	195.244	192.872	189.617	183.483	188.382	186.837	194.570	189.579	191.226
7	190.666	190.666	188.684	198.291	187.716	191.909	187.513	184.608	187.002	193.441	191.504	186.284
8	187.807	187.807	192.396	194.861	191.198	189.637	180.853	184.112	189.891	195.220	193.328	185.194
9	192.989	192.989	193.792	194.174	190.176	192.132	179.322	186.666	188.044	196.840	192.784	190.729
10	194.351	194.351	191.936	193.671	191.460	188.765	179.721	189.026	188.414	195.781	189.346	186.969
11	192.640	192.640	200.459	190.790	194.264	191.625	182.670	187.806	184.184	193.946	190.890	195.106
12	194.898	194.898	200.087	195.447	189.388	190.138	177.584	185.476	182.688	191.615	189.616	189.063
13	195.345	195.345	194.460	194.455	191.444	184.647	182.423	183.917	187.156	192.852	186.241	190.388
14	199.461	199.461	192.469	196.432	194.626	190.478	184.486	186.978	184.355	193.169	188.869	191.018
15	200.610	200.610	194.660	191.824	195.821	193.548	182.370	184.426	184.143	193.946	193.722	188.251
16	202.708	202.708	196.944	194.321	191.352	186.578	183.369	185.112	183.191	189.513	189.399	183.882
17	199.041	199.041	196.176	198.427	191.307	186.903	182.684	183.466	186.434	189.994	181.548	177.135
18	199.678	199.678	196.142	204.399	190.374	184.202	183.170	184.291	187.780	185.234	180.871	181.098
19	199.963	199.963	193.670	198.842	186.249	186.843	184.081	190.332	184.997	181.539	185.422	183.297
20	194.260	194.260	198.870	197.713	191.812	190.411	184.502	187.586	184.245	182.148	180.572	180.272
21	195.832	195.832	199.624	194.219	187.309	188.907	175.486	182.620	178.806	182.227	185.000	185.435
22	199.877	199.877	204.105	201.204	192.448	187.811	177.287	184.227	188.509	184.281	183.694	185.459
23	200.761	200.761	196.713	200.035	185.741	187.974	179.210	185.982	186.726	186.201	187.171	185.091
24	194.599	194.599	196.214	194.885	189.344	182.867	178.589	186.444	181.213	180.865	183.138	184.559
25	196.350	196.350	188.276	199.160	185.493	184.423	180.244	178.356	178.629	177.216	182.147	183.173
26	195.225	195.225	190.672	194.832	186.999	186.123	180.391	180.697	174.877	182.470	179.387	181.268
27	198.214	198.214	199.141	199.129	182.303	191.358	185.437	177.086	174.020	179.655	186.022	187.756
28	194.554	194.554	201.681	194.872	184.226	185.274	175.017	181.804	179.755	176.354	184.792	183.187
29	192.329	192.329	193.593	193.379	186.185	187.502	184.557	180.638	175.976	176.082	180.242	182.469
30	192.271	192.271	196.062	197.790	186.867	181.610	176.759	183.547	180.423	180.065	183.554	184.585
31	193.262	193.262	193.660	189.972	186.466	187.343	177.032	177.061	181.696	180.620	179.118	177.733
32	203.003	203.003	186.770	190.591	183.118	187.323	172.777	180.459	178.919	181.670	178.308	182.140
33	195.297	195.297	188.252	190.731	183.949	185.774	180.174	184.277	174.960	179.644	182.437	182.224
34	190.143	190.143	192.862	188.822	180.268	182.084	178.880	179.435	177.041	175.368	181.418	179.725
35	192.454	192.454	191.773	188.192	177.319	183.146	184.509	177.958	179.925	177.292	181.328	180.662
36	189.486	189.486	197.496	186.888	175.254	182.073	175.568	173.649	178.339	176.074	176.321	177.550
37	188.632	188.632	194.295	183.900	180.567	181.999	181.207	176.713	181.404	178.304	181.262	179.194
38	192.767	192.767	190.465	184.056	178.938	182.499	175.184	176.802	177.613	174.983	178.243	180.733
39	189.220	189.220	185.956	182.259	178.947	179.972	176.278	176.837	173.126	182.386	175.237	178.225
40	186.811	186.811	192.593	180.808	180.148	181.496	174.896	173.322	182.496	178.453	178.631	177.985
41	187.800	187.800	187.544	178.458	179.314	181.671	173.195	178.704	180.620	176.876	180.395	179.413
42	184.038	184.038	180.964	184.366	177.512	181.630	175.792	182.550	180.414	177.403	180.712	181.948
43	182.941	182.941	182.314	183.618	177.097	176.676	174.639	181.125	178.363	175.742	179.717	183.258
44	183.882	183.882	188.966	178.946	174.843	178.277	183.309	182.019	179.159	180.647	183.166	180.842
45	186.834	186.834	188.562	181.198	180.725	178.407	177.407	186.125	180.687	183.703	185.129	182.787
46	191.352	191.352	188.179	182.223	176.957	176.766	176.003	180.372	184.512	184.138	183.953	185.520
47	186.101	186.101	184.716	182.073	178.964	176.673	181.175	180.060	177.713	181.622	177.257	178.236
48	183.969	183.969	183.867	180.532	178.964	183.670	175.611	181.730	180.824	185.620	181.006	181.883
49	186.124	186.124	179.315	185.090	181.567	181.892	176.375	183.898	179.427	184.139	180.446	182.666
50	184.080	184.080	183.480	186.004	183.658	178.450	171.378	184.538	187.724	180.575	179.640	190.566
51	189.540	189.540	183.815	184.794	178.845	179.075	175.571	180.146	188.278	182.400	186.815	180.321
52	178.610	178.610	182.427	185.223	180.606	181.049	177.376	182.840	184.316	182.234	186.552	184.223
53	179.375	179.375	176.995	188.892	180.560	179.508	183.244	181.608	182.984	187.317	183.470	184.731
54	183.601	183.601	183.269	184.982	186.769	178.732	180.768	184.913	187.367	184.984	178.459	185.197
55	184.239	184.239	184.664	180.853	187.012	184.717	178.514	186.158	193.557	189.281	182.789	186.144
56	179.068	179.068	180.952	179.196	186.639	186.322	183.282	185.942	187.556	189.592	186.606	184.834
57	181.003	181.003	180.050	189.737	181.889	185.157	182.225	187.786	187.156	187.608	183.919	181.014
58	188.752	188.752	190.277	190.308	178.536	183.795	183.907	192.388	187.141	187.181	186.890	189.489
59	186.331	186.331	187.570	188.854	184.604	188.078	184.062	187.269	187.839	183.870	190.445	185.825
60	183.079	183.079	180.792	190.024	184.881	185.474	182.038	188.963	184.301	188.112	184.290	179.104
61	180.989	180.989	183.031	190.307	184.446	183.467	182.293	187.710	191.294	193.040	186.860	186.532
62	182.431	182.431	186.915	182.349	184.921	187.127	179.194	194.093	182.543	188.947	185.835	193.254
63	183.359	183.359	189.967	187.842	181.394	182.872	183.373	191.698	185.492	190.784	188.286	189.595
64	188.570	188.570	181.332	181.753	186.888	187.278	184.680	189.741	189.654	186.341	182.255	187.498
65	183.755	183.755	186.160	182.446	188.195	179.318	183.292	193.218	188.170	188.215	184.546	188.365
66	187.616	187.616	193.227	191.011	184.769	187.370	179.290	190.663	192.981	188.574	184.214	189.561
67	184.500	184.500	191.656	186.593	184.337	188.662	180.910	192.957	187.407	189.077	188.209	189.359
68	187.994	187.994	186.154	186.408	178.320	184.121	181.672	193.368	182.510	187.429	190.115	191.557
69	190.417	190.417	189.999	191.233	182.748	189.517	186.966	187.738	186.337	187.908	186.710	190.757
70	188.780	188.780	185.085	187.795	187.489	185.689	186.898	190.323	185.033	188.864	183.435	187.654
71	188.854	188.854	182.165	187.318	189.292	182.847	180.084	192.335	184.798	186.948	185.275	184.915
72	184.649	184.649	181.835	190.524	188.797	183.714	182.203	189.621	185.515	187.446	189.402	189.466
73	181.360	181.360	179.895	188.077	190.202	184.946	181.742	185.893	187.163	184.897	188.984	187.388
74	186.379	186.379	186.463	182.915	185.058	186.471	181.741	183.108	188.154	193.393	186.999	188.396
75	185.376	185.376	182.428	181.080	179.098	184.551	186.408	184.347	189.148	190.579	184.897	189.573
76	182.294	182.294	182.995	185.094	184.629	190.101	183.849	186.922	185.310	186.289	189.757	188.664
77	189.484	189.484	183.743	182.681	182.557	188.303	184.172	187.016	182.402	184.889	187.281	190.468
78	190.462	190.462	187.270	187.694	179.714	185.568	181.024	185.858	180.836	177.569	183.220	188.008
79	183.212	183.212	190.274	186.489	188.790	186.589	188.786	183.153	182.967	181.530	189.093	192.998
80	193.670	193.670	186.214	185.997	181.354	187.519	186.902	187.664	184.300	181.993	183.320	192.465
81	190.884	190.884	186.315	187.510	175.959	188.589	188.421	177.539	185.710	177.537	180.127	189.141
82	184.036	184.036	186.325	188.009	184.304	187.815	182.094	183.426	182.365	185.766	181.948	185.885
83	184.767	184.767	183.731	191.643	184.778	185.982	177.988	180.082	177.278	180.213	185.136	182.439
84	182.997	182.997	183.740	186.388	180.242	185.775	183.135	181.413	181.568	177.862	189.396	183.646
85	194.800	194.800	183.404	187.740	182.999	180.794	185.598	179.634	183.413	178.715	181.021	179.972
86	192.012	192.012	188.025	184.305	184.433	185.611	181.287	182.452	177.940	186.946	179.956	182.607
87	187.811	187.811	185.603	182.350	183.809	181.270	175.098	178.996	176.999	184.840	179.263	186.359
88	184.959	184.959	182.852	185.420	184.504	183.733	178.945	179.433	179.181	186.929	187.317	184.493
89	181.480	181.480	180.818	189.718	185.875	184.579	181.490	178.631	179.937	182.578	185.294	183.192
90	187.599	187.599	179.083	185.319	186.282	188.717	180.342	183.292	182.624	188.565	185.017	189.378
91	188.866	188.866	186.548	182.830	184.970	188.736	180.634	188.160	176.323	185.684	183.400	188.127
92	185.339	185.339	187.956	189.675	184.626	191.303	182.790	186.330	177.261	188.062	185.042	183.878
93	185.226	185.226	186.361	185.840	186.942	182.708	184.003	181.381	179.379	187.940	182.842	185.932
94	190.801	190.801	190.247	182.724	191.220	193.163	185.436	177.034	181.477	184.330	184.106	191.313
95	190.623	190.623	183.447	180.129	192.968	191.027	182.117	181.722	186.439	187.345	187.944	188.266
96	188.141	188.141	190.328	180.634	186.976	181.026	179.483	183.663	188.443	188.121	188.102	189.821
97	187.630	187.630	188.013	181.363	183.928	183.266	183.660	182.440	182.347	186.046	185.559	189.716
98	182.399	182.399	183.377	182.017	181.184	187.120	182.480	176.523	179.459	186.614	189.215	183.964
99	184.024	184.024	182.463	186.304	185.312	188.111	179.120	178.802	182.758	190.256	187.632	187.012
100	187.546	187.546	189.631	184.298	188.387	187.336	184.064	185.419	191.608	184.542	188.821	186.634
101	184.693	184.693	188.894	185.311	184.046	189.896	181.803	189.157	191.482	189.825	186.407	187.240
102	190.850	190.850	183.297	180.549	193.359	182.851	176.715	192.653	191.460	189.861	192.944	188.214
103	189.411	189.411	185.410	184.452	191.871	190.457	182.539	184.563	194.785	186.984	194.062	188.653
104	181.902	181.902	186.727	192.638	189.473	194.075	180.439	184.411	190.272	191.160	189.845	184.107
105	184.667	184.667	187.741	186.705	188.196	191.033	178.660	184.942	185.350	192.487	184.783	182.412
106	189.813	189.813	183.666	193.368	182.267	190.931	177.284	186.572	189.666	185.953	187.002	184.493
107	181.458	181.458	180.441	190.231	187.795	184.143	177.924	190.567	184.351	185.866	184.585	185.666
108	185.100	185.100	180.714	184.105	186.233	187.992	176.564	189.483	185.450	185.829	187.511	186.992
109	177.147	177.147	180.999	189.131	184.552	188.430	179.618	192.576	190.451	186.082	190.856	183.003
110	185.718	185.718	181.844	185.035	187.114	189.710	179.273	192.160	193.375	181.961	188.855	188.236
111	185.177	185.177	182.809	184.401	187.436	186.346	185.325	188.571	192.654	183.101	180.943	183.719
112	181.148	181.148	181.623	181.329	188.633	185.080	181.678	186.068	188.833	179.669	178.195	186.664
113	181.656	181.656	181.243	178.287	185.222	181.391	180.777	181.305	182.384	178.794	181.700	185.435
114	185.373	185.373	184.520	184.116	186.404	180.664	177.997	181.915	179.652	176.162	177.731	178.409
115	182.633	182.633	185.344	181.629	181.190	185.315	181.602	185.011	178.943	173.004	185.098	183.009
116	182.914	182.914	182.009	183.181	179.251	191.115	187.409	185.926	181.040	174.888	179.855	179.918
117	181.072	181.072	184.660	181.911	186.697	186.873	182.170	187.667	175.310	178.090	181.216	184.502
118	181.709	181.709	183.371	180.467	185.515	178.632	179.704	182.428	182.887	177.816	175.576	178.165
119	184.868	184.868	184.373	181.259	192.023	185.065	177.533	181.926	184.486	179.517	179.065	176.043
120	190.219	190.219	180.046	182.423	185.793	188.157	180.423	183.994	186.145	179.941	181.893	186.979
121	178.763	178.763	184.373	185.716	182.389	184.424	182.519	185.858	184.139	177.722	178.153	184.151
122	185.311	185.311	181.828	189.600	189.212	185.140	180.494	184.327	182.500	183.827	178.852	184.997
123	187.178	187.178	181.998	185.906	188.082	181.594	180.056	189.547	185.463	187.528	181.541	191.028
124	188.655	188.655	179.272	189.774	185.632	180.038	179.866	183.763	190.970	183.937	183.274	190.021
125	190.491	190.491	182.003	187.971	185.008	181.716	178.029	182.294	189.641	184.373	180.597	189.641
126	185.398	185.398	184.426	178.227	183.153	187.280	177.185	186.963	189.915	185.268	179.490	189.518
127	183.194	183.194	182.296	181.921	181.932	182.312	180.714	190.952	194.042	185.864	182.540	186.903
128	190.194	190.194	183.211	185.733	177.990	180.686	176.419	185.983	183.909	189.431	181.036	181.206
129	189.671	189.671	188.697	185.678	182.901	185.987	179.599	181.472	188.338	189.806	179.020	180.723
130	188.974	188.974	184.216	183.851	183.520	182.036	175.471	187.397	189.038	190.106	184.381	182.970
131	185.551	185.551	186.145	186.168	183.683	180.921	172.966	183.920	187.654	188.363	185.791	177.575
132	185.550	185.550	187.984	184.452	181.580	183.635	175.641	185.224	188.121	188.705	180.948	177.728
133	180.417	180.417	184.272	186.957	179.546	173.380	174.998	179.712	187.747	182.823	181.302	175.747
134	179.815	179.815	188.702	188.473	181.290	177.132	174.822	179.158	186.355	183.850	178.952	180.557
135	180.739	180.739	182.480	180.714	179.562	179.146	175.017	175.843	184.184	182.780	182.464	181.979
136	184.227	184.227	187.314	184.873	186.050	180.643	171.126	177.329	185.395	183.513	180.850	175.166
137	184.294	184.294	189.496	184.474	181.492	179.683	174.218	181.154	187.225	179.367	180.915	176.130
138	184.291	184.291	187.015	177.237	183.780	179.333	177.416	178.156	189.175	180.321	177.950	175.270
139	183.363	183.363	183.032	179.345	176.228	182.040	173.493	175.751	183.076	181.602	176.029	171.769
140	183.897	183.897	178.408	181.351	183.538	179.452	173.392	188.121	183.442	176.219	180.930	178.966
141	180.098	180.098	182.844	181.826	176.602	177.082	180.297	185.491	181.599	183.570	182.415	180.407
142	183.469	183.469	179.142	182.513	180.176	181.119	184.350	180.946	181.789	186.141	182.953	180.198
143	178.257	178.257	180.810	182.747	180.734	182.008	178.593	180.396	181.881	181.709	180.665	181.714
144	189.552	189.552	180.917	177.905	178.212	182.527	175.594	182.827	178.170	182.456	184.006	176.242
145	191.660	191.660	180.581	177.674	183.638	180.618	179.164	184.385	177.538	182.165	182.587	184.302
146	184.265	184.265	176.611	181.967	180.495	178.811	177.735	182.622	177.624	180.948	180.528	186.160
147	186.698	186.698	182.509	178.512	181.907	178.563	178.390	177.661	176.683	176.870	179.325	188.691
148	186.104	186.104	182.724	179.391	176.492	184.384	183.387	175.898	174.922	180.670	188.400	189.386
149	185.251	185.251	183.462	181.606	179.634	184.248	180.869	182.014	173.939	181.680	183.695	183.602
150	184.532	184.532	180.501	180.157	180.821	185.438	180.261	178.585	171.986	178.570	184.991	181.816
151	179.107	179.107	179.403	185.685	180.116	186.379	179.663	184.535	175.507	185.057	180.197	184.785
152	178.279	178.279	184.627	183.271	188.434	181.427	188.572	183.446	177.155	182.992	186.780	189.425
153	181.363	181.363	183.173	181.788	186.637	183.348	179.974	180.494	170.000	180.511	183.543	186.359
154	175.477	175.477	179.055	183.024	186.501	182.843	180.517	179.702	183.942	181.266	181.411	193.260
155	178.556	178.556	180.286	184.504	187.872	182.955	180.070	184.173	178.466	185.818	185.373	187.967
156	174.784	174.784	179.336	184.149	187.559	185.018	177.677	180.296	179.468	178.438	187.253	188.975
157	175.541	175.541	176.843	178.789	185.953	182.489	177.474	179.554	180.107	184.910	183.530	181.566
158	175.085	175.085	181.329	181.986	187.756	183.511	181.808	184.008	175.438	184.240	180.227	184.129
159	177.854	177.854	183.576	182.781	186.274	184.548	185.794	178.610	181.142	180.092	179.307	184.660
160	182.111	182.111	180.422	183.479	183.706	188.582	183.110	178.516	183.919	182.329	186.010	191.710
161	178.850	178.850	188.192	180.261	183.570	183.624	181.359	181.637	183.438	178.941	185.457	183.973
162	179.035	179.035	186.790	184.827	183.822	183.265	178.280	180.362	179.208	181.463	178.748	177.913
163	178.714	178.714	186.029	182.545	182.708	181.014	181.091	185.134	177.876	184.303	185.159	178.203
164	178.477	178.477	183.055	182.927	182.534	177.744	177.893	178.522	181.189	181.301	178.893	175.954
165	181.947	181.947	179.725	180.419	183.675	179.874	174.936	181.744	179.552	181.803	177.425	177.107
166	179.411	179.411	176.995	179.216	182.006	180.964	176.153	188.341	178.545	177.712	178.174	179.014
167	179.196	179.196	183.162	181.874	182.891	179.034	174.163	184.654	180.329	181.178	179.493	184.330
168	180.514	180.514	181.326	179.653	182.218	177.963	173.611	188.467	178.971	185.982	179.934	177.708
169	183.084	183.084	178.001	180.498	181.516	175.246	176.116	182.440	179.473	182.131	181.139	184.114
170	184.452	184.452	176.399	172.618	176.203	175.047	178.383	172.694	179.390	177.390	180.280	185.772
171	185.515	185.515	181.492	179.879	180.221	178.980	172.740	184.008	187.592	180.283	182.389	181.658
172	182.961	182.961	177.822	174.838	180.979	182.690	175.922	180.471	182.998	179.924	182.335	182.554
173	178.924	178.924	180.720	179.062	176.672	178.308	178.096	176.966	174.411	176.470	183.118	171.733
174	180.816	180.816	184.377	175.725	178.598	179.580	176.058	177.460	181.380	173.335	182.479	176.150
175	180.705	180.705	178.461	180.390	179.377	179.291	176.956	177.002	180.623	179.630	179.795	184.433
176	179.656	179.656	178.507	179.013	184.304	181.182	173.457	181.540	176.804	179.420	183.177	182.283
177	177.593	177.593	174.182	179.684	181.915	177.957	177.893	178.198	177.005	177.332	184.945	176.463
178	183.924	183.924	185.290	177.102	180.588	184.336	178.175	180.334	178.547	176.228	185.157	172.222
179	181.296	181.296	182.105	183.720	184.788	180.116	175.272	180.969	182.652	181.261	180.082	175.369
180	181.105	181.105	181.717	179.064	180.685	180.832	169.609	178.052	179.318	180.253	176.701	177.030
181	181.759	181.759	177.218	176.624	179.321	179.286	171.250	176.309	176.594	178.152	175.342	178.377
182	178.104	178.104	178.357	173.917	180.351	176.258	174.486	174.358	179.391	178.853	175.648	179.896
183	179.365	179.365	179.814	171.187	181.679	176.244	176.652	177.990	175.169	176.144	172.403	177.148
184	183.185	183.185	176.953	171.942	181.778	176.413	177.413	177.179	177.675	176.711	177.210	176.900
185	180.871	180.871	180.272	178.163	179.754	177.807	180.359	178.080	179.434	176.415	184.061	177.432
186	177.654	177.654	174.643	175.028	180.710	176.678	176.446	178.917	172.732	177.576	179.948	176.820
187	181.229	181.229	178.364	181.602	178.593	177.065	179.594	180.337	177.494	175.210	181.244	174.212
188	179.269	179.269	178.872	179.745	176.633	180.940	175.234	173.168	177.018	174.667	182.017	178.566
189	178.837	178.837	177.128	179.462	181.792	183.425	172.088	178.525	176.495	174.408	180.108	179.001
190	181.860	181.860	178.319	180.368	175.300	181.524	173.345	178.506	177.904	183.522	180.762	181.945
191	176.449	176.449	180.201	179.436	174.221	175.804	175.540	180.329	180.045	182.494	175.497	178.330
192	174.816	174.816	177.260	172.739	174.157	179.401	176.386	175.799	178.639	174.376	175.324	179.003
193	183.142	183.142	174.898	174.932	176.122	173.930	168.392	176.804	174.601	176.053	173.387	179.708
194	178.113	178.113	183.493	180.760	174.788	176.544	168.737	174.475	173.024	176.944	177.360	178.911
195	177.966	177.966	179.392	178.196	177.159	179.933	175.573	175.164	171.682	180.244	176.983	176.183
196	182.944	182.944	183.015	183.623	178.841	177.534	174.440	180.843	172.605	182.650	182.766	180.686
197	182.021	182.021	175.721	188.658	180.558	177.388	174.919	180.784	177.069	177.897	184.037	177.697
198	180.902	180.902	178.027	185.451	179.074	181.820	175.837	179.734	179.470	177.492	180.689	175.882
199	181.541	181.541	172.776	175.898	177.794	180.989	174.396	177.494	177.275	178.304	180.083	176.126
200	180.065	180.065	175.215	179.260	176.233	178.174	176.092	174.372	181.815	178.335	174.003	174.476
201	178.255	178.255	175.098	176.556	178.558	180.359	174.689	173.404	182.382	177.093	173.730	172.072
202	180.743	180.743	181.043	170.294	181.537	180.403	173.396	176.803	178.760	179.339	176.598	176.388
203	180.559	180.559	175.807	175.200	178.586	176.338	172.907	176.911	174.962	179.792	172.528	174.988
204	177.618	177.618	183.277	176.869	177.853	176.235	172.397	174.442	174.406	175.647	174.686	183.562
205	175.988	175.988	176.835	176.716	185.435	176.165	169.513	176.606	174.118	178.629	178.674	179.282
206	174.507	174.507	178.531	183.453	173.881	173.533	172.393	178.100	175.297	178.795	173.964	174.282
207	178.265	178.265	179.445	175.992	175.953	174.176	171.578	177.319	174.590	174.209	175.723	177.002
208	179.058	179.058	179.794	176.598	172.907	181.125	172.465	182.105	169.248	174.648	176.667	175.481
209	177.253	177.253	179.787	173.471	173.491	182.687	172.010	179.940	172.867	177.520	178.664	178.334
210	179.749	179.749	176.705	176.450	174.973	173.973	173.160	179.182	171.783	177.113	178.378	176.957
211	179.891	179.891	177.645	179.164	176.386	175.130	173.999	177.015	173.093	175.598	181.296	178.948
212	178.728	178.728	179.854	178.535	174.850	179.108	176.399	182.803	173.110	181.746	178.587	175.637
213	174.479	174.479	175.665	178.515	175.873	184.623	171.443	175.548	176.367	173.583	177.113	176.386
214	177.084	177.084	178.377	180.164	179.770	174.218	175.990	172.536	174.020	175.189	172.282	178.608
215	173.416	173.416	177.735	184.815	177.038	176.864	176.362	176.482	177.734	182.419	178.637	178.216
216	177.538	177.538	180.449	174.209	174.351	174.580	169.102	175.353	177.625	181.641	175.527	175.257
217	176.479	176.479	179.944	179.182	172.037	178.085	170.930	177.189	178.520	176.719	176.385	175.486
218	171.977	171.977	177.016	173.488	177.945	171.418	172.684	177.477	173.467	175.949	175.090	173.518
219	176.985	176.985	175.290	171.633	177.056	179.374	171.837	176.110	173.704	174.197	178.398	176.011
220	180.732	180.732	178.027	170.585	174.174	176.242	170.362	182.637	173.373	173.444	179.806	177.557
221	176.209	176.209	178.316	171.830	175.725	178.469	174.743	187.306	175.003	176.974	174.796	182.503
222	179.016	179.016	173.348	173.309	173.190	176.087	174.012	176.649	176.190	182.860	178.930	178.902
223	173.716	173.716	173.768	172.515	178.319	174.233	169.465	175.771	176.067	180.341	178.668	183.168
224	179.038	179.038	174.149	177.072	175.481	174.999	169.938	178.529	175.176	179.424	173.413	178.447
225	179.067	179.067	179.301	178.463	174.983	171.179	169.233	175.120	177.266	171.762	175.322	176.077
226	177.010	177.010	179.905	180.522	174.935	175.760	173.142	170.558	176.807	171.805	178.489	175.113
227	172.412	172.412	174.233	174.176	173.031	171.872	173.387	171.234	179.618	176.709	176.863	182.352
228	176.418	176.418	175.355	172.823	176.878	176.287	172.801	177.657	178.591	179.668	180.315	178.533
229	175.399	175.399	171.611	174.238	175.731	179.020	170.097	172.013	177.098	179.537	175.585	177.159
230	174.991	174.991	171.846	175.325	172.113	174.492	174.835	179.571	171.433	177.866	174.223	177.218
231	174.735	174.735	177.018	175.810	180.455	176.167	171.712	175.504	173.291	176.011	178.262	170.778
232	171.677	171.677	182.451	174.066	172.145	171.887	170.253	177.630	171.447	174.833	178.182	173.594
233	175.711	175.711	173.667	174.454	173.182	174.403	172.415	177.197	171.751	170.935	175.615	180.737
234	173.058	173.058	171.120	174.306	179.485	179.132	171.907	173.796	177.652	171.704	175.052	178.275
235	170.413	170.413	171.861	176.284	173.832	181.948	173.684	174.870	179.613	179.017	175.891	173.755
236	176.222	176.222	176.065	177.174	173.879	177.891	169.240	176.394	175.083	174.270	175.803	171.995
237	175.925	175.925	173.775	177.250	174.849	174.808	170.922	179.958	175.385	174.209	175.921	176.499
238	172.214	172.214	177.051	180.961	177.931	172.579	177.000	178.673	179.781	174.558	176.541	178.337
239	179.333	179.333	173.421	170.795	179.460	178.978	170.771	174.365	175.218	168.867	174.618	178.542
240	172.010	172.010	173.650	172.314	183.478	178.218	171.809	178.623	178.613	173.316	171.208	179.017
241	178.831	178.831	176.892	178.771	181.702	173.444	177.573	173.405	172.920	175.951	180.564	180.136
242	178.268	178.268	178.292	179.307	174.198	172.734	173.526	173.352	176.064	175.741	177.843	171.902
243	173.066	173.066	178.276	177.758	174.835	176.079	171.294	175.015	176.961	176.807	172.038	177.688
244	177.570	177.570	176.692	173.886	171.988	178.078	174.189	177.567	170.266	174.172	180.001	175.903
245	171.325	171.325	174.395	178.519	175.745	175.975	171.661	178.989	175.140	175.563	176.245	180.496
246	170.798	170.798	178.060	178.387	179.402	176.317	166.481	176.582	179.307	173.184	173.425	175.594
247	176.313	176.313	172.669	175.693	177.363	174.830	168.058	174.538	178.370	177.104	176.984	178.604
248	176.998	176.998	178.183	180.949	174.392	178.937	176.021	175.756	174.896	175.737	173.369	175.609
249	169.749	169.749	174.353	174.170	170.890	174.379	171.821	173.924	175.340	175.968	178.331	176.123
250	170.304	170.304	178.970	178.883	173.859	176.168	169.113	175.044	175.363	179.240	174.820	178.951
251	174.752	174.752	177.018	177.305	177.560	178.747	170.973	174.524	181.743	177.861	169.887	175.836
252	172.843	172.843	174.270	178.516	179.077	176.433	169.298	173.050	176.322	172.129	176.728	176.132
253	176.098	176.098	172.300	175.049	177.137	177.838	171.999	176.880	170.877	171.960	177.144	173.182
254	177.184	177.184	175.852	172.833	177.097	176.688	173.674	175.860	171.808	178.018	174.403	174.301
255	169.398	169.398	177.137	174.910	172.407	175.091	166.983	174.290	180.010	172.367	175.584	176.840
256	177.114	177.114	181.105	175.887	177.596	178.052	169.904	174.157	170.018	175.930	175.972	177.465
257	177.112	177.112	176.340	178.188	179.858	178.655	170.024	178.154	178.781	179.738	180.943	173.001
258	174.968	174.968	176.716	178.884	177.736	178.748	173.001	179.301	174.642	174.785	178.478	173.108
259	175.938	175.938	180.825	178.774	174.847	177.895	170.917	176.163	178.701	177.274	173.568	173.853
260	177.900	177.900	183.206	174.705	174.120	175.384	168.664	172.259	174.013	176.549	172.977	179.401
261	175.316	175.316	176.495	175.782	175.172	175.394	174.686	174.530	177.399	172.668	177.795	177.857
262	177.239	177.239	177.451	177.461	172.518	180.404	170.673	178.469	170.719	174.459	181.264	174.885
263	179.480	179.480	177.620	170.530	170.495	180.021	168.494	173.632	172.740	173.721	177.017	175.189
264	176.409	176.409	177.349	174.797	175.289	175.466	166.370	173.887	177.811	171.551	172.989	176.391
265	171.621	171.621	171.430	181.009	175.074	175.145	170.813	172.994	178.413	176.796	170.176	174.718
266	173.715	173.715	174.572	176.633	174.684	174.043	172.634	172.636	173.825	173.552	174.303	180.351
267	173.091	173.091	175.706	174.361	173.084	170.464	165.150	175.886	173.594	172.706	172.184	177.162
268	175.765	175.765	168.924	178.509	172.099	173.599	169.379	173.835	171.592	170.202	174.700	171.844
269	175.787	175.787	172.273	178.206	172.607	172.900	175.084	173.537	172.440	173.083	175.872	168.216
270	173.913	173.913	171.302	176.983	176.718	173.006	171.277	175.212	174.897	171.527	174.179	174.337
271	175.213	175.213	171.392	177.677	172.634	177.403	171.644	177.748	176.975	175.504	174.966	174.786
272	175.860	175.860	175.770	177.234	169.735	175.272	170.105	172.711	173.838	172.296	174.581	172.193
273	171.002	171.002	179.475	170.353	176.800	172.847	166.034	169.070	174.862	172.958	172.386	174.916
274	168.974	168.974	179.565	176.315	174.244	172.577	172.678	172.248	171.538	171.763	171.962	173.384
275	175.619	175.619	173.888	178.753	171.196	174.715	170.465	174.312	173.578	175.780	170.750	170.218
276	174.170	174.170	170.859	172.756	173.479	169.923	170.067	171.890	177.467	171.926	175.304	172.155
277	171.640	171.640	177.634	171.191	168.629	167.167	168.010	171.873	173.450	169.672	173.044	173.941
278	172.071	172.071	176.712	170.616	175.570	174.100	169.125	171.620	176.129	174.115	177.772	174.877
279	171.861	171.861	177.151	174.420	173.431	175.810	169.576	175.935	173.348	173.768	173.563	177.665
280	171.375	171.375	168.448	173.798	171.944	172.397	167.176	173.646	172.502	170.933	169.978	174.792
281	168.357	168.357	175.988	173.169	174.285	171.025	167.594	170.265	174.143	173.014	170.745	175.481
282	170.529	170.529	176.470	173.295	174.104	173.304	172.541	172.684	173.805	173.373	175.673	178.022
283	174.155	174.155	172.165	174.549	172.952	173.477	168.441	173.084	176.108	166.439	173.998	172.708
284	172.983	172.983	174.112	172.257	172.244	173.234	169.253	172.880	174.141	172.984	176.359	170.941
285	173.473	173.473	174.847	174.257	174.355	170.836	167.325	170.926	175.068	169.869	174.301	175.892
286	174.950	174.950	170.315	172.250	172.988	175.548	167.531	176.317	168.017	171.205	171.754	173.772
287	175.813	175.813	173.020	173.484	170.427	173.332	167.002	173.819	173.189	175.555	171.239	171.958
288	171.354	171.354	171.614	174.675	170.602	171.994	169.083	172.712	172.351	173.782	171.985	173.894
289	173.765	173.765	174.787	173.467	171.318	170.673	168.586	171.509	176.320	168.980	167.850	170.369
290	173.054	173.054	179.173	176.002	172.928	170.051	167.594	171.796	168.847	169.957	176.158	170.788
291	169.503	169.503	166.673	171.938	176.549	171.201	172.676	176.329	172.715	173.568	172.876	172.491
292	168.496	168.496	168.327	172.216	175.348	174.996	168.015	173.024	174.284	166.339	173.328	172.381
293	170.746	170.746	169.120	171.669	170.776	173.372	170.298	173.235	175.465	167.122	174.598	170.664
294	168.970	168.970	171.147	175.912	171.140	174.124	167.815	177.487	176.742	171.994	171.322	173.623
295	171.738	171.738	172.250	170.843	172.175	173.384	167.135	173.947	171.662	171.140	174.305	175.231
296	172.254	172.254	173.576	173.925	173.768	173.336	165.799	170.807	175.367	167.928	175.441	172.605
297	174.615	174.615	170.649	172.681	172.577	170.522	171.163	171.564	172.938	176.185	173.231	173.816
298	171.739	171.739	168.959	170.590	169.991	169.668	168.904	175.155	175.307	174.350	167.005	175.170
299	169.712	169.712	170.573	170.551	174.717	170.455	165.263	177.976	171.416	175.154	167.814	174.619
300	170.890	170.890	172.070	173.683	171.907	170.484	164.128	169.651	174.412	177.271	174.359	175.393
301	165.644	165.644	176.678	167.659	165.178	165.340	165.056	172.417	174.573	179.227	171.444	175.129
302	170.647	170.647	170.102	173.590	171.131	168.135	162.790	168.553	170.224	172.531	173.837	169.845
303	172.174	172.174	173.228	168.367	171.105	167.159	170.293	165.922	170.252	171.029	170.272	173.370
