 	Profile_Slice_1	Profile_Slice_2	Profile_Slice_3	Profile_Slice_4	Profile_Slice_5	Profile_Slice_6	Profile_Slice_7	Profile_Slice_8	Profile_Slice_9
1	1111.031	1111.031	1168.753	1202.419	1206.868	1222.646	1225.753	1234.478	1222.011
2	1130.065	1130.065	1178.001	1202.899	1206.666	1216.799	1231.994	1233.629	1254.759
3	1124.535	1124.535	1177.542	1214.163	1204.474	1212.639	1239.490	1245.287	1254.267
4	1125.722	1125.722	1166.104	1192.893	1196.018	1220.766	1238.188	1230.168	1247.220
5	1134.615	1134.615	1174.279	1218.917	1229.977	1209.646	1251.247	1232.173	1247.760
6	1118.472	1118.472	1158.994	1208.586	1206.679	1220.890	1219.060	1231.450	1242.961
7	1124.789	1124.789	1172.267	1218.696	1221.327	1233.011	1222.470	1231.965	1253.259
8	1134.963	1134.963	1173.373	1203.981	1231.721	1235.473	1224.091	1232.665	1242.142
9	1114.270	1114.270	1173.676	1196.412	1213.952	1210.838	1226.808	1234.422	1240.898
10	1117.740	1117.740	1165.650	1197.076	1239.527	1224.640	1227.004	1229.784	1244.586
11	1105.397	1105.397	1150.369	1191.879	1227.910	1234.213	1229.765	1234.718	1245.596
12	1113.029	1113.029	1192.896	1198.192	1227.583	1236.049	1255.103	1252.308	1236.162
13	1117.194	1117.194	1180.978	1183.953	1212.906	1221.453	1241.445	1267.277	1231.281
14	1124.345	1124.345	1175.266	1213.187	1206.605	1231.197	1243.393	1255.407	1224.168
15	1130.254	1130.254	1175.853	1224.497	1215.647	1218.203	1247.400	1218.380	1233.282
16	1122.311	1122.311	1181.616	1219.241	1233.351	1219.532	1230.111	1252.887	1247.431
17	1144.581	1144.581	1186.520	1213.728	1239.044	1231.200	1225.086	1245.576	1250.178
18	1148.939	1148.939	1197.382	1209.899	1236.641	1247.108	1236.445	1241.737	1249.295
19	1103.226	1103.226	1189.600	1207.368	1242.561	1234.699	1250.643	1242.825	1247.304
20	1122.352	1122.352	1188.063	1205.108	1218.431	1247.224	1246.556	1235.626	1256.167
21	1130.145	1130.145	1179.183	1205.892	1223.976	1231.535	1222.206	1244.435	1253.957
22	1145.211	1145.211	1188.515	1200.509	1225.684	1243.468	1236.947	1242.704	1248.510
23	1143.462	1143.462	1196.450	1208.959	1225.934	1236.788	1257.558	1265.925	1251.108
24	1122.095	1122.095	1186.134	1220.585	1214.134	1224.862	1220.616	1256.924	1248.489
25	1116.764	1116.764	1196.117	1219.174	1240.467	1222.081	1246.150	1279.797	1264.852
26	1125.683	1125.683	1172.001	1216.767	1231.266	1236.267	1233.745	1254.807	1244.474
27	1114.199	1114.199	1182.643	1203.086	1230.468	1232.076	1252.861	1260.618	1243.801
28	1132.509	1132.509	1183.268	1206.037	1228.252	1245.818	1242.649	1243.623	1245.273
29	1160.204	1160.204	1182.377	1205.877	1233.734	1246.910	1232.919	1262.677	1259.254
30	1138.973	1138.973	1177.187	1219.655	1213.241	1246.016	1224.889	1248.338	1258.106
31	1122.446	1122.446	1215.478	1221.878	1235.833	1232.216	1240.355	1243.158	1245.205
32	1137.624	1137.624	1208.506	1226.322	1221.121	1235.127	1244.229	1241.975	1247.513
33	1147.896	1147.896	1195.022	1239.228	1225.230	1239.877	1248.486	1241.990	1245.270
34	1145.856	1145.856	1186.460	1202.060	1231.869	1248.121	1250.651	1254.994	1248.949
35	1139.127	1139.127	1175.178	1215.757	1241.421	1244.046	1247.299	1248.058	1274.757
36	1148.485	1148.485	1209.165	1215.185	1223.309	1236.888	1266.420	1257.191	1248.368
37	1139.425	1139.425	1200.996	1201.200	1211.910	1246.281	1252.212	1268.076	1259.324
38	1140.290	1140.290	1189.559	1199.124	1213.506	1239.921	1228.137	1238.819	1270.819
39	1140.002	1140.002	1199.124	1215.616	1236.866	1243.725	1245.310	1254.263	1270.545
40	1130.245	1130.245	1184.958	1215.394	1220.638	1236.483	1245.858	1254.964	1274.389
41	1154.602	1154.602	1207.873	1224.911	1240.069	1232.634	1243.734	1269.672	1256.194
42	1143.417	1143.417	1211.325	1215.911	1228.558	1252.783	1258.297	1273.942	1247.825
43	1139.062	1139.062	1198.403	1212.029	1241.113	1246.160	1260.056	1245.719	1259.172
44	1155.456	1155.456	1210.267	1215.027	1242.810	1251.658	1254.379	1281.752	1279.604
45	1154.989	1154.989	1205.712	1235.481	1246.889	1251.827	1269.090	1272.232	1259.700
46	1156.590	1156.590	1198.969	1232.675	1250.176	1247.470	1257.824	1274.114	1272.209
47	1151.169	1151.169	1204.389	1232.857	1239.270	1253.614	1253.351	1260.623	1249.296
48	1143.321	1143.321	1205.850	1233.783	1221.869	1273.657	1258.256	1273.535	1259.829
49	1142.117	1142.117	1211.263	1231.259	1233.010	1281.123	1238.469	1265.126	1273.831
50	1178.527	1178.527	1218.208	1237.374	1232.950	1265.661	1280.528	1273.060	1268.833
51	1136.874	1136.874	1219.588	1229.299	1239.962	1246.074	1269.150	1266.747	1249.964
52	1141.662	1141.662	1191.942	1216.913	1248.110	1267.491	1274.206	1254.997	1265.828
53	1161.080	1161.080	1201.436	1226.912	1272.286	1266.347	1265.981	1274.895	1278.484
54	1162.752	1162.752	1198.688	1210.656	1270.342	1258.355	1277.508	1261.305	1263.112
55	1159.552	1159.552	1206.338	1231.740	1264.762	1253.103	1257.979	1276.365	1285.951
56	1158.765	1158.765	1206.198	1228.850	1248.926	1265.492	1264.778	1282.228	1283.415
57	1155.576	1155.576	1195.249	1234.355	1254.098	1249.644	1263.254	1291.168	1289.617
58	1172.632	1172.632	1198.574	1229.345	1255.653	1253.867	1278.540	1271.420	1275.752
59	1159.387	1159.387	1208.406	1248.752	1255.974	1275.733	1264.889	1278.217	1281.333
60	1171.343	1171.343	1223.283	1248.026	1255.623	1264.313	1270.005	1277.454	1293.330
61	1188.014	1188.014	1228.065	1244.235	1248.863	1251.131	1263.555	1265.696	1271.435
62	1194.355	1194.355	1207.616	1253.407	1256.025	1268.736	1267.181	1279.341	1276.679
63	1178.187	1178.187	1220.101	1246.806	1259.055	1279.497	1286.234	1288.705	1275.398
64	1156.250	1156.250	1211.819	1240.263	1263.980	1266.597	1262.930	1290.921	1291.530
65	1165.028	1165.028	1216.018	1251.279	1260.894	1270.673	1266.146	1283.777	1291.130
66	1162.944	1162.944	1221.850	1246.129	1246.633	1273.569	1285.429	1274.049	1281.623
67	1163.426	1163.426	1214.540	1249.349	1259.830	1270.989	1301.033	1269.707	1271.547
68	1183.657	1183.657	1223.086	1250.341	1268.862	1286.164	1294.450	1284.805	1265.181
69	1163.037	1163.037	1236.512	1278.511	1262.770	1266.263	1272.257	1300.461	1280.074
70	1181.640	1181.640	1238.294	1264.683	1264.050	1277.900	1287.533	1291.953	1293.388
71	1166.139	1166.139	1235.601	1274.145	1266.031	1278.196	1303.841	1285.567	1292.657
72	1184.813	1184.813	1241.029	1240.772	1278.124	1281.896	1296.493	1309.630	1300.088
73	1185.871	1185.871	1263.031	1240.519	1285.529	1288.457	1293.157	1299.345	1301.993
74	1176.513	1176.513	1241.732	1250.282	1298.040	1294.031	1294.379	1288.373	1301.232
75	1196.991	1196.991	1245.791	1266.555	1278.918	1291.981	1291.237	1312.091	1310.696
76	1197.431	1197.431	1259.679	1255.880	1280.659	1294.631	1287.941	1302.327	1308.248
77	1182.647	1182.647	1255.122	1289.434	1291.909	1309.078	1298.342	1288.133	1315.299
78	1194.088	1194.088	1256.883	1279.768	1296.904	1303.469	1332.096	1300.695	1310.370
79	1216.019	1216.019	1254.946	1277.412	1277.027	1303.035	1313.842	1308.933	1311.203
80	1200.993	1200.993	1247.255	1278.656	1285.924	1322.980	1315.771	1298.474	1328.760
81	1208.564	1208.564	1265.428	1278.617	1278.580	1313.290	1310.604	1321.709	1324.562
82	1198.431	1198.431	1262.493	1264.992	1294.697	1325.123	1316.136	1322.801	1304.760
83	1212.524	1212.524	1256.855	1277.133	1310.500	1319.892	1328.860	1337.765	1304.483
84	1196.651	1196.651	1257.858	1274.334	1309.905	1314.734	1310.603	1324.605	1319.216
85	1200.216	1200.216	1264.561	1295.386	1297.297	1326.550	1320.156	1315.157	1311.743
86	1211.156	1211.156	1284.278	1320.289	1305.781	1330.317	1336.828	1329.675	1335.503
87	1227.984	1227.984	1283.667	1298.755	1326.800	1326.007	1345.812	1340.846	1342.589
88	1223.288	1223.288	1282.906	1317.973	1331.674	1333.993	1325.390	1349.485	1340.893
89	1199.420	1199.420	1283.717	1305.849	1341.581	1342.097	1351.981	1334.271	1327.339
90	1230.995	1230.995	1274.646	1298.721	1336.636	1333.372	1342.272	1344.571	1329.662
91	1235.746	1235.746	1283.028	1294.336	1332.589	1343.599	1335.642	1340.502	1370.891
92	1244.148	1244.148	1281.312	1315.193	1350.455	1348.166	1323.696	1352.702	1357.315
93	1226.057	1226.057	1266.985	1332.867	1345.088	1353.768	1349.493	1362.375	1366.260
94	1229.933	1229.933	1295.347	1333.985	1352.198	1335.996	1347.019	1376.585	1374.362
95	1244.171	1244.171	1294.683	1317.053	1350.698	1346.147	1345.777	1353.770	1349.314
96	1230.877	1230.877	1291.703	1303.495	1357.918	1344.501	1345.141	1341.873	1341.300
97	1255.233	1255.233	1300.577	1331.415	1361.247	1362.056	1350.695	1358.919	1382.717
98	1265.743	1265.743	1314.764	1351.788	1342.768	1374.224	1364.424	1370.010	1373.072
99	1280.846	1280.846	1301.950	1344.369	1333.022	1373.613	1356.219	1363.876	1370.279
100	1270.955	1270.955	1337.731	1357.886	1364.268	1403.778	1386.618	1395.072	1384.977
101	1280.886	1280.886	1318.634	1338.671	1382.405	1402.827	1395.531	1380.209	1401.837
102	1300.203	1300.203	1327.509	1359.780	1382.054	1394.612	1399.148	1387.854	1403.343
103	1291.522	1291.522	1335.245	1339.448	1381.106	1382.156	1395.266	1386.207	1410.921
104	1272.753	1272.753	1342.496	1364.672	1379.180	1409.999	1371.841	1395.780	1408.804
105	1300.827	1300.827	1341.982	1379.732	1399.388	1400.302	1398.263	1413.456	1397.284
106	1311.624	1311.624	1336.264	1386.029	1411.261	1401.706	1402.213	1416.769	1425.420
107	1315.566	1315.566	1336.754	1396.519	1412.579	1409.249	1405.206	1405.778	1414.905
108	1333.230	1333.230	1351.192	1402.336	1446.340	1417.031	1409.264	1416.415	1424.247
109	1328.595	1328.595	1357.646	1427.029	1443.480	1453.509	1420.150	1431.724	1436.444
110	1320.188	1320.188	1376.826	1402.046	1434.467	1460.747	1447.099	1432.494	1458.767
111	1334.675	1334.675	1386.228	1407.312	1442.188	1444.601	1451.961	1417.944	1457.224
112	1342.456	1342.456	1390.767	1437.121	1465.628	1466.513	1444.955	1462.958	1444.327
113	1365.409	1365.409	1400.174	1434.774	1483.590	1470.527	1434.504	1468.389	1457.820
114	1381.623	1381.623	1417.360	1448.035	1494.076	1471.891	1458.394	1469.138	1466.923
115	1360.420	1360.420	1422.625	1446.733	1515.476	1487.717	1465.712	1478.011	1500.560
116	1370.770	1370.770	1444.563	1456.762	1500.443	1524.412	1483.094	1486.092	1524.956
117	1395.055	1395.055	1448.971	1495.111	1535.383	1494.778	1498.929	1500.284	1546.829
118	1397.306	1397.306	1445.645	1482.178	1528.311	1516.819	1507.828	1501.341	1534.440
119	1408.856	1408.856	1469.291	1504.074	1556.798	1530.523	1516.357	1502.623	1538.785
120	1426.073	1426.073	1446.883	1516.190	1571.392	1533.661	1525.006	1526.853	1569.308
121	1431.115	1431.115	1484.899	1536.544	1572.706	1522.538	1513.377	1526.976	1568.291
122	1452.866	1452.866	1486.898	1546.494	1618.754	1531.320	1535.340	1520.631	1584.729
123	1490.315	1490.315	1515.830	1601.730	1591.805	1559.578	1572.246	1549.631	1630.964
124	1539.822	1539.822	1535.370	1606.730	1610.350	1585.302	1576.647	1545.424	1625.321
125	1532.990	1532.990	1552.617	1641.155	1636.861	1594.428	1593.888	1584.475	1643.865
126	1564.150	1564.150	1582.070	1680.123	1644.835	1596.669	1604.990	1572.413	1664.316
127	1595.307	1595.307	1614.429	1662.234	1664.674	1620.568	1625.033	1597.995	1710.105
128	1617.057	1617.057	1633.072	1690.113	1661.759	1656.547	1633.545	1607.303	1740.309
129	1616.262	1616.262	1642.694	1697.743	1653.082	1655.093	1660.613	1631.930	1750.590
130	1641.622	1641.622	1663.196	1693.141	1648.565	1696.876	1659.895	1655.416	1782.219
131	1645.878	1645.878	1653.813	1719.741	1689.752	1671.294	1686.718	1673.640	1816.613
132	1649.678	1649.678	1645.063	1695.979	1701.692	1670.977	1724.020	1685.143	1818.013
133	1665.643	1665.643	1656.879	1688.583	1703.613	1690.306	1734.534	1701.561	1816.016
134	1683.271	1683.271	1667.995	1688.366	1670.602	1701.643	1749.476	1729.851	1821.831
135	1683.031	1683.031	1677.154	1669.804	1699.942	1714.549	1781.757	1750.896	1770.841
136	1666.818	1666.818	1679.246	1661.199	1711.375	1734.503	1775.436	1753.897	1796.260
137	1653.888	1653.888	1686.081	1669.259	1717.807	1750.558	1788.884	1769.744	1774.883
138	1623.230	1623.230	1643.662	1658.777	1706.608	1724.564	1766.117	1762.747	1775.175
139	1602.946	1602.946	1646.158	1668.599	1661.823	1712.282	1789.061	1784.038	1745.287
140	1568.018	1568.018	1657.764	1658.852	1652.744	1727.577	1763.058	1799.603	1735.760
141	1572.188	1572.188	1631.786	1614.548	1626.325	1701.371	1765.129	1797.472	1751.549
142	1553.239	1553.239	1607.518	1617.544	1609.988	1673.860	1753.758	1775.420	1703.136
143	1528.597	1528.597	1590.078	1583.543	1593.233	1648.629	1698.038	1749.848	1699.193
144	1525.228	1525.228	1607.061	1567.389	1595.219	1652.327	1722.810	1769.575	1681.949
145	1536.793	1536.793	1580.987	1570.673	1591.047	1608.494	1688.935	1756.208	1668.403
146	1521.592	1521.592	1580.140	1573.412	1582.366	1631.577	1671.394	1710.404	1645.384
147	1497.129	1497.129	1575.670	1562.323	1578.652	1620.069	1684.159	1695.498	1647.815
148	1501.185	1501.185	1571.013	1561.133	1580.917	1607.715	1688.937	1679.998	1640.202
149	1488.621	1488.621	1530.503	1571.100	1575.810	1589.359	1661.123	1664.619	1629.773
150	1493.462	1493.462	1539.592	1548.477	1529.897	1592.999	1633.649	1660.253	1600.090
151	1471.357	1471.357	1542.120	1553.114	1540.379	1578.925	1609.409	1644.605	1571.736
152	1479.559	1479.559	1538.018	1563.654	1557.000	1579.082	1623.857	1650.561	1586.665
153	1465.218	1465.218	1525.094	1549.187	1550.358	1556.990	1607.291	1619.891	1573.432
154	1452.943	1452.943	1519.975	1574.201	1573.109	1569.038	1606.130	1626.085	1572.112
155	1461.648	1461.648	1526.662	1547.313	1558.479	1559.158	1613.265	1610.496	1566.444
156	1452.620	1452.620	1508.022	1547.241	1549.544	1578.332	1586.800	1598.088	1555.792
157	1461.674	1461.674	1514.701	1580.221	1544.903	1548.473	1581.509	1567.187	1552.446
158	1459.085	1459.085	1481.721	1560.447	1561.153	1555.410	1583.191	1574.429	1570.064
159	1461.365	1461.365	1497.661	1552.563	1533.886	1564.955	1572.630	1585.649	1558.664
160	1447.962	1447.962	1498.697	1568.783	1527.644	1547.374	1555.050	1582.192	1551.417
161	1428.992	1428.992	1490.231	1582.974	1534.988	1561.578	1542.660	1555.458	1556.870
162	1460.066	1460.066	1511.259	1608.399	1529.681	1528.060	1553.518	1543.706	1550.942
163	1449.470	1449.470	1500.826	1618.816	1548.560	1523.623	1546.383	1537.306	1538.012
164	1455.371	1455.371	1513.919	1607.057	1545.557	1528.936	1558.232	1545.631	1513.926
165	1477.376	1477.376	1519.360	1614.763	1554.228	1532.770	1561.499	1547.974	1549.538
166	1461.356	1461.356	1502.141	1617.424	1538.492	1541.533	1546.945	1534.858	1554.147
167	1472.467	1472.467	1505.400	1622.639	1529.955	1534.118	1529.932	1515.983	1557.183
168	1468.623	1468.623	1525.507	1616.605	1538.945	1517.642	1558.892	1514.167	1534.553
169	1460.850	1460.850	1498.002	1599.580	1547.075	1520.542	1563.014	1511.102	1552.960
170	1472.446	1472.446	1523.746	1623.892	1554.015	1536.097	1560.232	1499.441	1543.781
171	1493.166	1493.166	1524.879	1619.144	1558.999	1516.450	1550.607	1510.587	1526.461
172	1482.918	1482.918	1533.477	1620.866	1567.103	1526.355	1566.034	1513.322	1548.536
173	1487.930	1487.930	1515.162	1611.098	1581.447	1541.468	1556.202	1546.095	1545.389
174	1490.425	1490.425	1536.978	1606.118	1594.504	1541.054	1556.259	1545.898	1544.357
175	1475.955	1475.955	1535.621	1582.635	1603.618	1533.852	1538.463	1523.708	1554.610
176	1478.969	1478.969	1547.294	1591.061	1607.259	1534.012	1539.242	1513.864	1549.474
177	1476.008	1476.008	1538.797	1567.416	1616.611	1501.208	1540.168	1545.156	1548.225
178	1476.323	1476.323	1559.346	1553.495	1615.240	1539.312	1528.559	1527.951	1563.108
179	1476.660	1476.660	1561.185	1578.275	1600.771	1530.893	1547.711	1535.009	1551.444
180	1477.903	1477.903	1568.373	1553.697	1576.068	1506.455	1556.585	1530.365	1547.443
181	1484.607	1484.607	1544.895	1521.516	1581.946	1536.475	1583.711	1541.658	1545.652
182	1492.619	1492.619	1554.068	1534.742	1566.796	1538.335	1534.052	1545.341	1538.975
183	1496.586	1496.586	1532.624	1526.529	1579.194	1529.149	1536.304	1504.236	1526.202
184	1511.731	1511.731	1524.680	1554.481	1594.083	1515.056	1540.944	1503.175	1553.070
185	1470.899	1470.899	1515.065	1524.716	1568.136	1551.733	1549.557	1505.930	1506.186
186	1445.739	1445.739	1505.638	1538.926	1545.388	1543.988	1540.675	1522.570	1514.140
187	1440.534	1440.534	1503.030	1532.643	1552.567	1524.641	1539.303	1524.134	1532.800
188	1448.320	1448.320	1483.511	1519.919	1543.116	1537.205	1535.814	1527.441	1516.788
189	1469.685	1469.685	1478.994	1514.618	1539.794	1524.935	1530.604	1521.117	1524.431
190	1449.795	1449.795	1483.767	1494.967	1536.079	1536.095	1537.836	1489.474	1528.204
191	1454.411	1454.411	1488.663	1490.442	1532.080	1528.099	1520.412	1478.519	1507.740
192	1457.044	1457.044	1461.686	1503.845	1525.879	1531.409	1521.172	1498.943	1518.818
193	1427.668	1427.668	1475.939	1492.382	1514.855	1512.789	1529.543	1522.627	1495.811
194	1418.434	1418.434	1466.535	1479.059	1540.546	1511.409	1502.364	1508.175	1498.024
195	1398.868	1398.868	1472.202	1462.897	1523.911	1535.236	1496.060	1498.444	1489.134
