 	Profile_Slice_1	Profile_Slice_2	Profile_Slice_3	Profile_Slice_4	Profile_Slice_5	Profile_Slice_6	Profile_Slice_7	Profile_Slice_8	Profile_Slice_9	Profile_Slice_10
1	657.000	826.000	835.000	789.000	777.000	798.000	760.000	763.000	670.000	726.000
2	631.695	919.367	887.242	813.849	821.589	807.562	777.488	722.592	685.869	721.889
3	653.905	911.954	886.313	819.527	786.292	813.639	804.333	702.671	705.250	680.131
4	665.437	888.847	899.150	822.842	758.773	822.706	754.901	741.591	732.932	624.333
5	615.111	946.301	944.359	852.579	749.336	825.147	754.100	740.505	749.015	623.063
6	665.423	918.757	956.654	846.173	740.510	853.783	775.918	728.845	684.443	694.856
7	663.153	896.316	889.715	868.604	802.270	855.519	731.470	709.881	700.511	676.936
8	666.393	904.501	935.125	870.360	793.271	835.266	736.094	725.684	705.058	660.615
9	655.229	857.711	969.296	806.894	770.465	799.438	796.926	751.480	718.623	710.242
10	629.310	912.106	929.981	813.837	782.413	815.965	764.065	699.880	660.074	653.127
11	633.167	942.272	922.717	844.425	768.921	819.266	775.671	693.709	737.982	634.750
12	657.985	885.838	937.768	839.426	707.239	793.004	726.070	712.908	732.166	649.298
13	644.705	902.536	934.322	868.150	753.052	775.398	755.152	715.070	686.470	656.231
14	631.329	961.326	928.003	814.931	818.029	730.155	771.012	695.859	656.312	664.239
15	650.488	903.476	887.136	906.864	746.097	782.679	778.873	680.773	665.324	694.133
16	636.180	950.981	900.191	822.163	752.238	789.606	716.294	681.095	645.664	641.776
17	609.051	942.011	890.908	876.173	788.371	745.628	710.497	682.136	647.944	665.956
18	611.839	942.541	854.590	865.586	820.998	757.584	689.592	697.321	654.825	671.222
19	655.339	941.454	870.890	862.434	765.255	748.849	712.871	738.054	677.370	648.042
20	609.612	941.020	837.429	870.408	774.429	730.959	722.490	656.837	648.898	675.041
21	615.017	909.457	891.347	859.218	784.933	750.417	715.280	664.448	640.387	655.799
22	638.269	922.169	887.000	828.521	796.471	764.044	718.878	693.338	624.355	670.507
23	606.559	946.997	937.039	833.055	798.298	783.452	707.883	676.986	685.507	695.489
24	589.115	987.124	882.831	854.764	798.090	787.083	662.393	663.217	656.698	658.458
25	642.027	923.427	879.864	781.610	822.389	736.857	655.945	683.510	662.409	689.871
26	635.998	923.158	900.031	838.645	809.583	767.823	732.394	697.648	689.672	660.264
27	608.028	922.947	882.602	830.525	772.085	747.616	746.247	718.295	718.535	660.577
28	534.486	857.203	850.650	821.427	776.441	748.431	757.051	734.821	695.915	703.389
29	557.751	937.122	837.864	783.618	835.551	750.277	730.366	679.316	695.742	693.479
30	576.016	929.024	819.853	733.756	780.499	748.255	721.884	660.426	680.097	685.192
31	632.040	897.379	835.358	763.825	722.323	757.729	706.592	687.256	661.540	666.262
32	649.226	878.100	817.190	788.777	753.304	753.558	722.336	699.386	669.168	670.177
33	710.325	922.087	874.086	773.929	768.594	746.959	795.621	726.198	664.069	685.415
34	603.940	884.835	815.827	801.423	760.458	745.963	722.851	670.474	661.092	626.515
35	613.719	858.071	819.813	790.034	757.238	768.851	696.430	671.019	626.916	641.544
36	629.873	895.241	811.620	768.080	750.695	738.125	660.457	684.033	666.227	676.479
37	635.963	886.425	775.925	764.272	806.758	750.559	692.501	669.869	655.757	714.477
38	647.454	834.228	740.375	728.885	748.925	797.814	748.224	651.367	698.241	719.358
39	679.367	860.735	760.653	756.898	716.224	764.408	730.510	704.102	681.878	665.531
40	652.374	858.797	771.317	770.504	767.628	757.220	703.962	698.273	686.700	653.294
41	633.007	751.380	757.949	760.074	803.893	719.387	725.790	733.701	686.302	632.441
42	658.316	801.543	751.769	761.381	756.478	736.425	736.201	716.180	696.706	663.087
43	676.983	780.981	785.853	821.831	727.102	832.546	739.321	722.673	709.765	678.476
44	644.447	808.736	768.240	762.914	744.500	753.360	717.552	728.776	699.803	695.164
45	659.485	797.141	767.345	747.038	752.445	766.940	749.915	709.014	711.324	712.823
46	642.588	780.584	746.420	787.443	733.577	742.389	755.534	705.165	678.295	674.686
47	658.810	825.874	791.157	791.809	774.411	684.386	749.931	732.614	705.825	713.754
48	692.578	824.730	768.703	777.104	752.724	726.083	757.037	709.890	720.689	681.087
49	711.998	761.074	757.280	755.953	737.412	732.869	739.439	688.437	691.680	727.633
50	675.019	770.435	759.557	827.335	762.609	760.803	784.100	722.892	719.194	691.814
51	708.014	789.585	769.609	817.962	801.168	741.884	761.835	736.168	717.236	674.120
52	682.946	826.033	816.455	800.385	839.728	798.151	728.896	770.646	694.127	690.488
53	707.608	774.441	781.965	814.173	800.884	765.080	763.740	748.281	708.295	725.542
54	712.257	768.557	751.110	784.805	795.309	781.433	770.595	760.583	746.624	689.218
55	691.148	747.301	748.138	759.990	783.462	785.769	752.228	771.500	777.185	666.822
56	674.154	722.546	778.482	802.315	743.553	791.208	728.685	729.220	728.068	710.951
57	708.465	765.884	813.108	822.066	812.072	745.903	740.770	793.806	736.324	697.078
58	717.306	804.898	822.286	820.898	787.429	787.959	788.776	812.204	720.367	708.184
59	719.602	783.878	840.371	821.830	776.743	790.646	817.348	813.694	707.634	684.565
60	680.810	806.671	781.518	789.604	729.417	815.122	808.669	763.904	678.233	702.320
61	718.392	773.197	812.844	769.956	765.575	823.208	761.039	738.579	675.421	707.826
62	654.994	788.228	814.530	806.392	810.076	753.843	807.982	739.723	714.504	717.961
63	708.082	809.415	806.640	802.781	758.457	786.105	777.747	822.430	709.069	709.891
64	766.230	800.778	805.352	813.568	794.698	794.363	808.235	831.360	718.945	701.770
65	762.369	847.461	787.492	789.739	770.762	807.334	827.897	805.572	707.298	728.199
66	732.945	782.560	833.566	836.811	873.297	867.459	782.749	804.322	780.007	729.948
67	760.627	784.980	827.521	859.848	861.262	852.066	825.738	815.929	791.341	696.315
68	741.962	794.671	841.558	832.046	839.952	840.820	844.921	850.865	723.304	712.654
69	765.273	779.721	811.373	826.201	848.770	889.714	888.583	817.037	741.656	720.329
70	764.503	856.147	766.748	857.415	813.560	899.638	938.380	904.051	754.692	792.787
71	781.900	822.147	806.643	873.089	830.737	939.978	914.648	921.443	815.449	812.831
72	807.493	813.308	784.051	871.074	883.638	896.048	925.740	922.514	800.954	809.015
73	739.536	848.450	817.881	906.894	857.402	926.899	959.345	987.853	801.293	753.557
74	764.500	801.677	861.409	922.017	939.056	1054.854	1010.416	1043.469	772.541	794.720
75	782.993	804.237	859.517	958.416	903.505	1038.795	1067.313	1037.892	820.288	784.459
76	852.333	769.719	882.992	983.545	938.646	1022.795	1070.590	998.461	894.095	835.990
77	865.388	794.245	911.490	1001.531	974.531	1048.388	1091.653	1048.061	936.184	854.041
78	860.213	795.313	969.615	1001.693	977.521	1077.651	1069.931	1125.100	955.909	881.047
79	951.210	803.218	985.443	1022.217	995.546	958.835	1119.647	1031.867	1007.930	884.137
80	953.397	798.071	973.720	997.511	1022.589	986.963	1051.924	975.001	1027.369	919.587
81	963.585	824.518	1058.077	1031.186	1029.997	1000.926	1012.520	931.112	1027.616	924.383
82	975.447	878.283	1047.572	962.753	1033.950	916.281	952.646	943.636	1005.968	908.802
83	959.249	922.337	1023.578	922.394	986.999	911.201	938.022	936.997	952.857	942.808
84	999.622	903.059	1074.722	984.974	911.244	820.503	967.231	913.322	857.110	920.070
85	921.404	984.341	1118.349	960.222	899.307	890.770	910.249	882.856	836.108	890.776
86	906.720	1067.174	1112.256	943.259	942.469	911.964	845.917	833.542	809.825	874.792
87	903.195	1051.568	1098.144	942.916	842.972	869.526	775.770	786.151	857.465	807.087
88	901.766	1152.182	1128.591	916.593	874.735	816.514	793.002	797.926	825.055	827.349
89	789.563	1147.763	1154.954	853.844	879.257	782.141	752.434	733.464	804.107	761.217
90	788.292	1136.639	1085.809	868.053	826.953	727.875	732.534	723.702	814.152	791.283
91	764.686	1109.735	1055.773	860.602	800.193	736.247	719.910	673.989	800.581	779.547
92	720.097	1104.454	1035.903	850.213	774.349	721.717	700.717	638.964	730.859	733.953
93	691.875	1058.383	980.541	811.567	735.706	692.771	678.864	637.183	682.832	715.917
94	647.364	1066.005	899.487	726.181	679.819	686.783	643.824	603.520	655.227	683.022
95	623.330	1055.637	848.087	719.852	664.105	678.808	631.169	598.792	663.208	667.007
96	602.735	1052.918	791.347	631.878	663.000	625.449	631.061	568.571	636.857	591.510
97	607.543	1051.369	706.693	596.898	612.195	549.803	631.188	591.518	587.757	631.981
98	589.372	990.144	732.044	608.256	612.694	557.422	600.823	556.268	574.925	629.017
99	556.562	985.740	713.900	588.482	600.900	526.230	548.036	523.742	569.244	574.537
100	518.591	876.751	664.055	591.372	556.750	518.586	514.996	516.429	539.678	542.717
101	520.419	820.864	622.248	559.827	508.972	546.488	515.444	501.027	502.189	513.956
102	524.996	788.574	614.410	552.898	512.422	539.588	515.139	516.352	544.873	537.009
103	497.644	760.785	602.022	549.802	521.614	516.214	520.480	498.120	503.152	522.426
104	501.836	710.798	612.399	544.808	502.583	540.434	527.270	486.738	520.739	495.387
105	515.596	616.601	579.650	498.085	494.232	492.690	504.262	457.289	499.461	470.436
106	481.122	641.679	542.914	510.413	453.435	432.535	496.219	455.729	475.964	512.407
107	464.376	612.993	513.443	532.546	421.501	474.885	465.207	477.025	483.595	508.063
108	456.827	606.167	552.704	506.919	443.726	473.564	441.934	453.404	516.544	478.798
109	454.219	600.757	535.380	479.216	465.458	455.672	468.609	433.575	480.046	461.316
110	438.187	577.584	513.758	471.459	446.672	475.153	452.914	441.669	457.681	437.135
111	429.639	573.654	535.268	457.768	441.428	410.443	455.592	448.208	479.824	476.992
112	442.637	590.554	486.404	446.871	463.852	471.907	470.411	407.717	444.516	482.721
113	412.776	542.693	471.294	466.249	416.886	443.873	427.440	398.565	458.637	446.025
114	416.806	509.646	456.989	432.892	439.558	441.950	395.002	393.762	454.795	434.440
115	404.143	480.531	461.531	434.673	447.816	427.612	415.796	378.531	432.265	440.694
116	396.047	516.723	459.809	441.623	443.202	394.021	403.859	407.970	422.404	453.416
117	395.618	488.565	441.297	419.999	431.016	410.377	431.827	392.017	422.741	432.112
118	396.489	474.829	417.308	431.666	403.968	407.316	386.157	390.054	434.961	445.102
119	383.907	464.022	405.387	438.955	390.939	412.056	362.056	377.599	427.623	416.562
120	357.767	477.637	395.139	410.061	387.729	373.684	365.432	349.496	415.970	391.501
121	384.281	430.775	410.964	388.684	385.588	387.174	379.213	383.672	394.975	388.876
122	378.330	440.034	431.618	406.065	375.666	373.531	373.502	373.223	380.274	401.865
123	354.159	429.543	427.141	392.125	378.366	386.639	350.369	375.537	376.483	416.490
124	343.682	452.855	409.049	408.997	377.995	372.478	356.197	379.881	385.773	366.726
125	369.810	412.951	407.748	380.303	345.218	403.961	386.655	367.927	358.497	397.835
126	351.651	402.626	423.364	354.691	334.551	375.351	372.279	347.036	352.469	380.388
127	358.814	421.127	383.036	371.188	383.072	340.745	353.560	348.180	349.416	357.706
128	368.255	420.466	385.312	387.891	396.083	354.483	352.481	338.772	351.525	347.876
129	336.578	425.654	343.019	354.390	372.108	362.479	357.089	334.091	332.350	338.169
130	335.430	394.054	371.709	363.096	355.759	325.500	332.223	344.620	317.749	325.473
131	339.668	393.829	389.995	343.163	338.236	366.817	342.388	354.773	340.149	325.427
132	333.254	398.641	372.145	344.801	352.239	364.989	343.166	333.079	324.902	334.957
133	312.093	404.727	377.466	340.373	348.244	335.402	335.909	319.284	307.258	330.275
134	330.000	403.000	347.000	352.000	359.000	324.000	378.000	292.000	284.000	327.000
135	327.139	382.651	335.742	317.147	334.131	351.512	346.356	322.607	326.161	318.765
136	327.510	367.318	339.671	315.755	319.789	363.911	334.397	319.907	320.187	308.691
137	322.632	401.321	357.827	341.328	307.609	336.992	311.260	315.048	301.905	298.419
138	318.215	367.159	352.781	316.430	321.755	321.178	319.038	324.313	299.123	319.712
139	304.747	325.363	327.054	346.278	334.251	293.683	315.461	282.649	339.788	302.131
140	325.825	345.637	330.582	282.982	314.726	315.482	310.095	305.152	312.821	299.347
141	326.922	342.108	331.898	305.346	322.316	314.720	300.590	303.352	310.097	310.053
142	311.467	317.987	335.737	332.860	325.739	288.142	332.519	301.297	266.854	322.103
143	302.043	367.879	327.136	326.921	285.658	318.478	292.326	303.889	294.452	307.154
144	288.737	339.509	328.506	306.753	316.271	287.262	302.315	295.770	294.409	270.975
145	277.864	343.335	306.278	284.202	307.056	295.459	309.146	289.816	301.164	273.426
146	275.946	340.939	306.136	299.673	305.651	312.378	304.028	279.785	278.052	295.639
147	295.333	327.394	318.636	303.875	322.627	306.207	279.437	287.616	283.373	313.608
148	294.047	304.925	306.831	306.584	322.729	361.155	273.047	284.346	291.089	273.213
149	297.902	309.948	309.436	303.829	316.269	323.022	288.369	280.052	286.178	293.462
150	305.196	321.881	314.649	307.103	276.194	304.546	293.184	280.751	262.612	280.640
151	298.927	344.417	312.846	309.854	279.976	286.839	308.405	296.246	284.588	283.897
152	291.602	347.825	292.365	290.190	283.483	288.880	301.563	304.646	287.232	298.009
153	272.429	304.265	299.082	285.939	309.490	263.204	302.694	269.041	276.020	271.327
154	270.146	297.465	285.974	279.187	303.096	258.378	297.648	287.572	287.248	259.415
155	267.440	295.560	291.404	292.900	290.224	259.476	294.546	284.255	262.881	231.338
156	280.676	315.301	301.314	305.128	280.297	279.715	270.309	281.260	273.258	230.694
157	277.367	328.138	295.670	278.755	268.336	267.677	259.841	250.576	262.861	257.538
158	254.632	292.160	335.602	260.354	298.344	297.378	275.580	290.018	296.350	274.944
159	271.787	276.319	288.303	284.844	278.375	291.773	266.742	269.911	274.187	284.935
160	256.232	273.074	288.210	266.776	263.793	283.967	257.992	247.422	251.387	287.531
161	262.834	286.193	279.581	277.660	272.521	270.014	252.446	253.748	271.973	292.150
162	256.227	278.166	267.030	274.945	251.116	249.271	249.795	257.837	275.338	283.645
163	239.633	280.725	270.810	267.044	241.940	254.436	264.636	265.373	266.258	241.748
164	252.318	273.643	271.334	272.189	254.722	255.716	271.162	237.184	281.985	266.970
165	254.655	260.455	267.167	262.783	266.983	264.716	247.112	247.935	274.997	254.988
166	260.629	275.375	261.305	265.725	273.876	257.469	249.266	226.924	257.883	247.289
167	275.004	266.164	276.573	260.273	266.508	260.945	250.278	272.040	261.587	267.684
168	271.340	280.429	268.803	256.256	275.128	272.299	260.919	251.584	273.775	248.465
169	268.900	266.421	286.587	258.693	271.230	270.723	261.529	231.105	249.158	253.670
170	274.193	246.637	288.300	242.429	258.706	264.861	264.259	266.932	218.268	270.583
171	288.402	255.014	277.918	249.470	251.271	252.883	270.133	273.194	244.553	250.056
172	281.980	268.776	277.041	286.061	266.408	240.796	259.531	265.694	256.735	240.122
173	264.527	277.771	277.119	273.704	250.292	249.626	263.347	254.506	252.033	252.331
174	277.136	279.539	277.324	239.267	238.950	272.624	280.587	255.309	279.560	251.847
175	248.016	267.189	265.674	239.316	280.966	275.585	260.158	257.687	263.618	226.754
176	272.033	245.271	258.535	262.042	247.579	242.950	250.684	248.244	239.704	260.532
177	252.459	258.568	246.899	248.736	251.499	259.410	253.241	244.032	229.417	249.006
178	241.855	276.285	253.297	257.489	280.766	251.365	247.860	244.544	227.883	244.583
179	226.450	267.723	237.886	235.007	261.467	254.269	251.023	245.859	232.896	239.285
180	251.880	262.900	237.722	236.823	267.965	253.885	250.956	240.287	250.529	270.218
181	254.066	253.340	247.179	239.533	255.019	255.649	271.218	251.273	248.607	240.415
182	239.610	250.890	248.019	222.359	243.321	263.659	268.063	230.818	245.933	247.967
183	245.086	252.377	255.188	234.006	239.429	263.526	247.562	235.241	233.693	254.269
184	292.309	261.613	258.616	236.304	237.408	240.601	254.957	237.515	234.077	264.629
185	260.579	238.520	255.149	226.859	245.325	252.096	272.475	243.835	250.989	255.014
186	253.002	249.696	265.960	247.313	236.183	250.398	242.212	249.131	232.635	245.929
187	261.956	242.481	254.920	251.119	234.930	259.675	232.995	248.629	252.801	226.659
188	257.494	240.653	249.464	253.080	242.825	269.767	253.712	235.052	236.657	242.831
189	249.130	263.638	227.735	247.804	232.941	239.911	257.491	248.474	253.061	259.509
190	221.715	217.795	254.457	268.637	269.158	247.382	271.645	268.283	230.499	232.391
191	230.143	259.306	260.918	248.673	239.592	248.327	249.898	244.755	237.367	239.388
192	242.366	266.262	249.801	240.293	234.921	232.043	241.548	238.520	239.481	230.782
193	249.871	281.849	246.287	234.261	246.100	243.092	257.261	259.118	246.569	269.954
194	246.225	253.485	254.229	247.229	266.438	231.799	242.204	226.793	242.016	230.730
195	249.728	247.132	264.998	247.827	276.547	225.978	241.848	242.663	243.260	235.358
196	244.998	231.530	238.916	228.564	269.326	242.531	247.838	254.092	238.473	246.072
197	233.125	251.989	243.745	235.291	247.011	239.269	248.266	249.416	228.634	252.925
198	244.292	266.967	255.115	244.784	237.981	224.382	229.323	262.639	217.107	232.357
199	241.677	244.223	225.980	249.183	238.042	215.408	231.360	245.024	239.612	228.948
200	230.485	219.522	220.561	231.334	239.467	249.647	228.573	223.989	239.069	231.220
201	235.931	235.046	241.311	218.074	245.224	259.457	232.662	233.903	241.847	259.504
202	248.566	248.691	223.728	221.870	233.388	259.967	244.310	236.603	229.825	250.146
203	285.539	264.829	252.468	236.004	261.010	244.386	243.036	244.912	218.394	239.239
204	260.562	232.476	256.402	231.814	249.634	230.825	247.587	243.285	231.845	238.255
205	235.595	228.578	228.518	245.474	244.269	225.852	227.828	239.530	237.092	239.298
206	218.133	232.725	237.824	249.898	235.992	237.677	223.012	229.055	251.285	244.074
207	233.035	217.982	234.310	230.911	239.436	270.556	257.819	228.923	246.508	210.418
208	244.958	236.537	236.381	225.748	239.263	220.242	275.168	240.935	246.672	242.341
209	235.988	261.748	240.533	233.219	244.143	215.574	247.328	238.240	233.062	237.876
210	229.878	245.490	238.122	239.449	241.265	230.878	234.102	227.061	241.327	240.959
211	240.363	230.914	236.465	238.285	217.091	258.030	226.385	216.679	225.424	259.152
212	244.285	245.166	218.850	234.352	238.125	242.441	218.289	211.041	243.256	233.829
213	238.134	246.278	230.520	244.288	248.751	247.048	240.572	217.709	233.689	229.665
214	242.700	246.571	227.823	228.612	257.624	234.064	240.318	241.487	231.246	253.729
215	241.191	243.295	224.345	222.863	248.320	235.163	228.885	251.930	239.601	238.886
216	247.080	254.224	231.263	251.982	237.065	223.180	215.657	249.005	233.101	225.744
217	246.443	222.742	259.081	227.454	211.687	223.671	246.476	219.776	221.769	227.645
218	227.197	243.859	244.307	226.873	222.288	242.249	241.906	224.338	226.981	242.623
219	228.869	226.212	238.223	216.142	223.240	240.783	253.869	237.464	207.894	236.675
220	233.620	203.857	228.301	232.994	218.546	244.615	211.411	235.189	224.247	206.296
221	225.586	233.506	219.789	249.334	223.356	239.204	232.417	261.877	224.686	237.145
222	221.786	250.336	239.316	236.510	235.673	254.674	255.092	240.017	219.112	245.194
223	237.549	237.148	232.182	235.735	231.337	231.566	216.879	222.101	238.824	230.481
224	243.178	210.708	214.424	221.601	225.228	218.842	220.323	211.136	231.861	241.693
225	227.776	227.006	231.942	212.175	247.440	235.172	228.324	225.277	216.457	226.285
226	234.777	247.227	244.495	232.282	213.959	237.489	223.155	236.946	208.250	225.047
227	228.809	241.669	237.453	223.499	234.566	221.393	234.466	224.442	227.526	236.366
228	226.551	239.436	238.054	212.507	220.591	231.159	226.336	237.678	246.488	221.851
229	224.837	235.735	248.551	219.163	222.286	217.776	231.959	221.449	237.429	230.082
230	227.347	233.061	242.601	221.891	218.669	210.280	230.298	241.027	195.206	225.735
231	235.479	215.861	234.892	229.968	250.942	229.282	221.206	236.174	206.986	220.829
232	240.825	221.474	243.795	228.044	236.130	219.997	215.144	223.330	228.186	216.651
233	235.211	235.822	237.664	233.503	225.625	211.073	223.488	216.029	243.743	223.490
234	232.882	247.528	236.223	225.329	231.042	206.108	236.227	225.683	220.363	223.028
235	234.446	242.482	204.553	223.545	215.580	218.256	230.743	235.496	216.032	238.370
236	238.715	222.035	202.722	238.710	237.013	227.110	225.977	226.719	215.040	209.787
237	219.737	225.468	200.687	237.778	234.912	228.392	227.674	214.095	221.299	220.772
238	209.998	227.784	207.944	213.141	220.693	224.472	226.955	216.653	214.050	213.092
239	235.922	222.665	233.014	219.114	212.981	229.881	228.881	212.568	243.590	217.953
240	238.878	197.730	209.583	215.664	234.237	244.161	223.151	229.194	232.226	233.315
241	208.362	225.180	230.950	220.266	241.517	224.279	224.408	244.672	218.717	225.028
242	209.994	236.052	224.787	221.741	228.016	227.200	208.953	232.734	229.274	223.381
243	224.932	246.069	216.960	222.121	226.768	234.248	207.169	210.787	240.710	249.978
244	225.961	214.997	220.593	224.128	233.602	228.155	233.416	206.328	229.393	235.063
245	241.373	231.684	238.503	240.407	231.829	233.174	245.059	227.170	228.980	230.038
246	224.801	217.607	244.679	214.931	231.548	233.861	225.978	226.629	251.679	227.166
247	219.393	221.787	238.144	235.320	218.504	217.451	229.619	216.687	225.721	213.861
248	225.327	220.735	202.510	241.980	238.286	221.041	240.776	216.347	237.122	209.714
249	207.649	240.085	236.980	233.842	223.233	218.852	231.398	231.794	221.795	240.167
250	215.827	223.529	233.936	227.431	214.512	224.162	230.479	225.711	205.629	229.972
251	235.826	233.424	204.891	249.556	225.034	215.169	218.218	235.019	219.056	235.043
252	218.796	209.187	218.510	229.678	214.242	199.441	226.638	224.939	207.059	240.768
253	197.321	198.391	225.881	211.321	228.496	194.831	229.313	212.825	202.947	220.338
254	201.679	201.771	195.409	217.185	237.738	222.312	225.699	214.304	212.829	197.910
255	210.588	231.444	209.908	220.514	218.481	236.423	236.788	221.249	217.424	219.016
256	221.599	231.363	222.359	220.202	231.185	222.778	223.646	237.802	231.783	216.973
257	235.876	225.013	203.381	228.913	222.982	241.166	243.303	203.068	192.568	221.127
258	259.872	219.939	205.641	219.217	231.632	235.642	255.970	206.652	210.040	216.529
259	227.237	240.534	218.643	212.814	216.856	238.495	206.959	209.530	209.992	195.524
260	239.324	225.299	229.457	220.471	214.332	228.302	218.197	227.064	215.704	208.632
261	229.733	224.073	245.163	217.471	213.913	214.650	232.114	227.622	223.249	229.646
262	232.649	213.846	217.586	220.557	212.926	189.858	217.648	227.313	221.062	215.181
263	222.247	227.893	240.979	212.371	210.979	238.139	218.303	211.377	224.547	223.416
264	224.624	252.270	239.409	203.668	235.848	229.527	236.634	217.647	211.980	229.285
265	205.084	223.443	219.476	206.779	225.344	235.660	237.814	231.245	220.900	217.553
266	209.567	219.790	205.006	220.207	229.605	236.376	225.300	233.596	230.975	212.750
267	208.000	239.000	179.000	223.000	214.000	228.000	182.000	208.000	199.000	190.000
268	578.182	601.187	664.896	636.999	655.073	595.437	613.911	613.989	638.626	585.048
269	601.644	644.905	601.625	647.874	684.949	614.829	596.055	627.485	646.186	623.587
270	603.896	645.027	627.741	608.642	633.014	600.521	605.371	576.568	620.286	633.198
271	603.051	634.957	619.062	603.895	567.023	595.098	629.066	570.000	598.258	605.520
272	586.150	581.143	646.517	632.620	650.226	617.838	608.923	635.956	624.062	600.279
273	563.509	607.417	656.336	603.315	618.173	603.636	569.114	651.951	602.059	604.037
274	579.573	629.067	634.385	620.475	604.652	607.010	570.659	624.368	604.172	611.163
275	571.407	580.919	604.023	565.182	590.889	626.393	555.393	601.831	611.043	560.052
276	593.887	636.161	627.344	654.239	654.193	618.961	608.965	616.960	625.483	609.569
277	565.054	674.484	638.139	628.693	594.040	612.380	640.814	574.813	600.299	603.373
278	540.770	659.358	639.353	646.714	598.481	627.501	599.501	631.904	624.691	630.085
279	570.952	652.087	641.060	672.850	614.178	642.906	583.412	625.751	613.557	631.073
280	606.966	617.173	608.806	611.718	593.341	606.628	567.192	631.804	609.362	569.925
281	571.180	670.890	635.692	652.586	632.600	582.005	572.544	607.799	622.317	583.876
282	556.886	658.783	643.594	666.869	625.156	600.643	591.512	634.688	630.656	597.735
283	585.095	676.698	637.089	651.018	636.569	618.309	574.529	656.469	639.374	588.215
284	586.750	676.780	661.321	610.596	653.157	628.294	613.588	634.884	597.657	600.552
285	582.417	644.551	664.246	583.009	629.457	594.650	606.271	563.326	567.649	578.377
286	590.784	639.341	643.916	592.834	631.486	632.931	646.873	602.334	602.936	631.227
287	580.660	671.595	619.033	679.358	629.950	601.216	631.540	622.297	645.213	598.623
288	593.171	660.094	625.637	686.938	648.316	607.479	630.912	607.063	660.748	596.899
289	589.000	679.000	712.000	683.000	624.000	611.000	662.000	566.000	553.000	635.000
