 	Profile_Slice_1	Profile_Slice_2
1	260.095	260.095
2	251.849	251.849
3	254.519	254.519
4	262.193	262.193
5	266.039	266.039
6	259.082	259.082
7	261.169	261.169
8	256.285	256.285
9	266.177	266.177
10	267.356	267.356
11	254.861	254.861
12	260.503	260.503
13	258.231	258.231
14	253.784	253.784
15	263.261	263.261
16	257.576	257.576
17	259.568	259.568
18	264.907	264.907
19	261.172	261.172
20	256.165	256.165
21	260.176	260.176
22	258.120	258.120
23	261.263	261.263
24	259.015	259.015
25	245.616	245.616
26	246.026	246.026
27	258.546	258.546
28	266.343	266.343
29	261.607	261.607
30	257.571	257.571
31	256.557	256.557
32	256.711	256.711
33	252.491	252.491
34	252.921	252.921
35	247.407	247.407
36	256.961	256.961
37	258.209	258.209
38	262.239	262.239
39	257.270	257.270
40	259.800	259.800
41	263.270	263.270
42	259.888	259.888
43	265.807	265.807
44	266.425	266.425
45	266.783	266.783
46	264.944	264.944
47	260.405	260.405
48	264.461	264.461
49	259.729	259.729
50	259.049	259.049
51	253.438	253.438
52	259.264	259.264
53	258.305	258.305
54	257.931	257.931
55	261.799	261.799
56	260.275	260.275
57	256.381	256.381
58	260.324	260.324
59	266.627	266.627
60	262.612	262.612
61	259.970	259.970
62	265.103	265.103
63	257.438	257.438
64	267.420	267.420
65	264.234	264.234
66	266.385	266.385
67	255.001	255.001
68	269.862	269.862
69	261.873	261.873
70	261.735	261.735
71	258.007	258.007
72	257.661	257.661
73	260.818	260.818
74	258.393	258.393
75	257.395	257.395
76	258.052	258.052
77	261.142	261.142
78	257.443	257.443
79	260.558	260.558
80	254.640	254.640
81	255.564	255.564
82	259.374	259.374
83	265.804	265.804
84	261.016	261.016
85	265.221	265.221
86	263.719	263.719
87	258.983	258.983
88	262.053	262.053
89	255.013	255.013
90	261.744	261.744
91	268.688	268.688
92	273.189	273.189
93	265.647	265.647
94	267.557	267.557
95	257.713	257.713
96	267.068	267.068
97	261.914	261.914
98	268.565	268.565
99	261.986	261.986
100	260.119	260.119
101	264.843	264.843
102	271.482	271.482
103	267.373	267.373
104	263.511	263.511
105	250.610	250.610
106	260.637	260.637
107	260.155	260.155
108	262.256	262.256
109	265.217	265.217
110	263.119	263.119
111	264.228	264.228
112	266.681	266.681
113	261.437	261.437
114	258.863	258.863
115	265.460	265.460
116	260.982	260.982
117	268.621	268.621
118	266.678	266.678
119	257.033	257.033
120	260.145	260.145
121	262.104	262.104
122	268.206	268.206
123	267.718	267.718
124	263.253	263.253
125	264.680	264.680
126	267.560	267.560
127	265.502	265.502
128	265.172	265.172
129	262.474	262.474
130	267.388	267.388
131	267.816	267.816
132	262.745	262.745
133	265.179	265.179
134	271.041	271.041
135	265.979	265.979
136	271.522	271.522
137	266.587	266.587
138	267.398	267.398
139	263.256	263.256
140	266.623	266.623
141	269.998	269.998
142	260.200	260.200
143	270.346	270.346
144	263.311	263.311
145	268.724	268.724
146	276.476	276.476
147	273.060	273.060
148	267.483	267.483
149	272.480	272.480
150	276.029	276.029
151	266.722	266.722
152	267.479	267.479
153	268.343	268.343
154	264.763	264.763
155	279.496	279.496
156	274.229	274.229
157	255.866	255.866
158	266.932	266.932
159	268.895	268.895
160	263.538	263.538
161	271.749	271.749
162	268.365	268.365
163	270.130	270.130
164	273.730	273.730
165	266.027	266.027
166	272.794	272.794
167	271.714	271.714
168	277.142	277.142
169	277.786	277.786
170	271.140	271.140
171	266.164	266.164
172	267.190	267.190
173	269.627	269.627
174	269.911	269.911
175	265.425	265.425
176	268.951	268.951
177	276.819	276.819
178	278.006	278.006
179	271.369	271.369
180	276.954	276.954
181	284.271	284.271
182	273.945	273.945
183	271.180	271.180
184	272.493	272.493
185	274.514	274.514
186	268.206	268.206
187	271.577	271.577
188	271.160	271.160
189	274.768	274.768
190	269.398	269.398
191	268.173	268.173
192	276.741	276.741
193	281.541	281.541
194	278.313	278.313
195	277.302	277.302
196	276.406	276.406
197	278.016	278.016
198	280.591	280.591
199	277.698	277.698
200	277.019	277.019
201	274.738	274.738
202	282.024	282.024
203	278.808	278.808
204	267.332	267.332
205	273.443	273.443
206	288.518	288.518
207	281.727	281.727
208	269.855	269.855
209	282.219	282.219
210	281.013	281.013
211	278.738	278.738
212	270.895	270.895
213	265.503	265.503
214	267.516	267.516
215	276.130	276.130
216	280.734	280.734
217	270.786	270.786
218	280.883	280.883
219	270.205	270.205
220	273.734	273.734
221	278.195	278.195
222	274.279	274.279
223	283.153	283.153
224	282.904	282.904
225	288.131	288.131
226	284.466	284.466
227	289.136	289.136
228	281.526	281.526
229	275.495	275.495
230	287.906	287.906
231	295.788	295.788
232	297.759	297.759
233	295.739	295.739
234	303.711	303.711
235	303.414	303.414
236	301.609	301.609
237	314.277	314.277
238	311.252	311.252
239	326.931	326.931
240	328.645	328.645
241	327.122	327.122
242	329.390	329.390
243	331.385	331.385
244	333.062	333.062
245	333.453	333.453
246	326.010	326.010
247	326.985	326.985
248	327.118	327.118
249	327.778	327.778
250	329.653	329.653
251	325.409	325.409
252	317.948	317.948
253	319.335	319.335
254	324.818	324.818
255	323.470	323.470
256	326.392	326.392
257	320.523	320.523
258	314.953	314.953
259	317.419	317.419
260	319.721	319.721
261	317.354	317.354
262	317.340	317.340
263	309.776	309.776
264	317.592	317.592
265	319.667	319.667
266	304.942	304.942
267	316.853	316.853
268	324.275	324.275
269	314.278	314.278
270	319.539	319.539
271	310.910	310.910
272	315.508	315.508
273	315.509	315.509
274	310.708	310.708
275	307.102	307.102
276	317.461	317.461
277	315.962	315.962
278	319.857	319.857
279	308.905	308.905
280	326.705	326.705
281	327.526	327.526
282	324.455	324.455
283	329.385	329.385
284	324.989	324.989
285	327.406	327.406
286	332.922	332.922
287	335.715	335.715
288	328.067	328.067
289	339.660	339.660
290	328.265	328.265
291	333.634	333.634
292	335.530	335.530
293	335.439	335.439
294	352.778	352.778
295	330.135	330.135
296	344.720	344.720
297	339.978	339.978
298	337.746	337.746
299	338.868	338.868
300	346.650	346.650
301	339.589	339.589
302	353.815	353.815
303	339.733	339.733
304	346.103	346.103
305	348.060	348.060
306	356.094	356.094
307	372.624	372.624
308	378.080	378.080
309	369.909	369.909
310	363.926	363.926
311	365.164	365.164
312	385.974	385.974
313	373.356	373.356
314	370.068	370.068
315	374.634	374.634
316	380.502	380.502
317	399.038	399.038
318	383.060	383.060
319	393.600	393.600
320	390.453	390.453
321	393.529	393.529
322	409.988	409.988
323	391.389	391.389
324	390.462	390.462
325	403.821	403.821
326	393.674	393.674
327	394.943	394.943
328	399.340	399.340
329	401.464	401.464
330	390.664	390.664
331	402.449	402.449
332	410.555	410.555
