 	Profile_Slice_1	Profile_Slice_2	Profile_Slice_3	Profile_Slice_4	Profile_Slice_5	Profile_Slice_6	Profile_Slice_7	Profile_Slice_8	Profile_Slice_9	Profile_Slice_10	Profile_Slice_11	Profile_Slice_12
1	881.183	863.354	862.837	866.959	863.591	859.262	874.419	876.525	880.323	862.898	878.225	895.783
2	890.187	861.948	838.500	853.444	851.175	851.792	867.336	880.624	872.160	877.363	881.685	877.883
3	881.111	849.666	831.888	864.105	857.888	847.679	857.281	866.747	865.273	860.526	877.081	876.582
4	866.463	842.568	830.243	864.914	875.895	856.092	866.049	886.597	875.815	850.903	881.445	872.866
5	870.749	853.797	835.286	842.770	855.542	848.357	875.988	860.104	854.720	852.937	882.972	879.512
6	866.103	836.390	835.173	860.309	856.882	840.409	871.227	862.471	848.985	844.483	856.655	883.866
7	873.960	847.371	834.298	848.006	848.961	838.544	842.711	861.086	840.885	842.298	874.302	867.957
8	880.267	842.741	826.056	848.958	832.126	826.068	838.000	855.612	840.617	860.758	858.717	870.462
9	869.680	822.048	835.905	842.330	825.224	831.133	853.788	846.676	844.054	854.115	852.800	854.786
10	878.744	844.779	836.142	837.456	851.705	808.591	840.243	844.177	831.410	852.124	847.403	844.296
11	880.482	825.324	837.826	835.634	852.332	810.168	826.014	840.309	836.778	839.507	845.078	843.954
12	879.243	814.567	822.389	846.615	852.350	813.871	836.132	831.765	835.398	839.336	846.305	863.633
13	881.227	828.136	800.306	838.762	835.210	823.216	817.347	818.447	825.245	854.754	855.896	852.547
14	888.012	831.924	818.837	824.140	846.110	798.425	831.094	826.396	816.167	848.486	857.488	845.117
15	869.949	816.133	814.221	823.218	844.179	800.472	819.035	828.100	835.720	834.401	851.188	857.032
16	848.324	814.050	817.477	826.618	834.863	797.892	835.371	809.639	813.570	834.937	846.294	864.227
17	858.712	812.500	797.699	817.004	836.548	817.533	808.813	805.703	818.601	852.805	859.204	845.768
18	848.059	816.000	821.170	820.168	827.078	808.572	809.079	823.708	811.304	829.400	841.031	833.093
19	842.995	808.770	815.063	816.149	819.559	800.282	807.872	825.159	824.721	833.669	859.565	828.798
20	854.353	815.698	798.427	814.583	820.184	803.993	807.857	820.396	807.141	844.313	843.438	849.533
21	839.038	818.854	816.292	812.499	815.422	801.430	807.498	814.239	808.638	834.671	828.946	840.960
22	844.676	796.229	808.515	816.448	821.733	815.633	803.990	797.582	812.153	814.725	837.219	834.481
23	840.069	802.489	804.110	802.244	812.807	810.416	813.791	803.399	805.848	817.519	816.059	819.052
24	828.313	810.499	812.520	808.476	824.480	795.969	810.698	827.605	805.468	819.284	820.386	829.413
25	812.919	814.102	819.443	824.793	811.305	802.928	809.855	827.787	808.463	795.328	819.128	837.809
26	829.025	811.083	806.786	823.164	791.996	805.286	808.690	807.451	806.747	794.585	803.987	832.458
27	827.845	822.740	803.166	818.595	793.129	803.689	802.314	807.578	788.140	808.127	806.208	818.121
28	828.474	799.350	803.386	816.874	807.367	798.944	807.341	809.335	787.540	795.006	805.263	830.479
29	810.826	811.658	795.964	808.593	814.549	805.968	800.479	793.650	803.054	817.943	824.650	813.886
30	814.357	799.342	786.845	779.873	804.964	804.129	804.893	786.548	800.604	809.570	812.161	829.166
31	811.791	786.872	801.264	794.523	801.095	803.262	804.526	801.041	791.527	811.582	808.583	822.916
32	830.988	786.312	808.723	800.247	793.988	788.764	792.678	792.516	786.541	810.744	806.585	806.107
33	814.303	802.467	813.001	800.996	791.831	796.947	820.435	799.312	783.255	794.624	816.983	804.811
34	821.380	805.614	799.092	799.496	799.523	799.037	794.353	799.970	781.926	816.385	805.969	824.444
35	816.514	820.530	795.951	795.656	800.577	804.475	796.228	803.042	790.128	803.067	813.841	814.194
36	818.500	820.020	805.285	807.540	803.032	790.899	791.740	797.623	812.895	802.650	817.893	820.629
37	808.161	801.211	809.146	809.608	814.340	788.824	799.981	799.274	804.638	806.767	809.390	819.767
38	814.849	810.557	792.523	800.070	801.604	792.297	801.446	799.130	801.015	814.301	811.077	827.544
39	823.021	806.163	792.923	810.968	793.733	788.639	791.929	786.779	804.868	807.531	812.969	814.145
40	816.924	807.412	812.561	805.668	797.666	803.864	799.771	794.547	792.205	799.280	821.270	824.532
41	820.273	812.962	810.472	802.871	805.781	791.666	808.479	801.293	799.789	810.038	804.481	835.974
42	795.012	808.875	805.352	803.727	805.940	793.563	804.341	811.070	795.692	813.638	811.254	821.124
43	806.974	796.903	799.777	810.891	812.957	795.057	799.551	809.657	785.830	809.634	810.199	819.627
44	823.858	783.501	804.762	819.742	801.270	805.936	791.862	806.043	805.376	818.134	821.970	819.755
45	814.716	808.657	810.060	794.237	792.518	801.594	790.824	825.417	807.983	802.326	830.867	830.500
46	818.952	808.615	806.941	794.522	799.023	800.028	798.008	816.837	810.105	800.821	819.124	809.481
47	819.074	819.068	799.094	788.965	804.510	803.864	807.322	815.185	799.624	806.904	809.138	830.404
48	805.235	808.825	796.869	799.098	801.340	796.892	816.473	809.264	810.942	821.240	829.104	832.927
49	802.153	826.253	801.602	810.369	810.587	802.756	808.410	829.970	795.749	822.898	833.143	822.693
50	826.273	819.587	817.566	808.484	820.356	808.089	804.731	834.025	814.846	832.829	853.084	815.313
51	820.957	815.286	822.560	813.111	817.348	799.523	813.987	820.944	826.677	827.192	839.037	833.370
52	834.036	812.854	813.598	806.474	820.407	811.837	819.355	816.593	803.501	821.790	841.672	814.039
53	827.014	832.944	797.679	807.045	804.248	815.737	820.521	818.897	812.245	818.481	841.855	837.967
54	828.826	840.710	828.923	826.692	812.590	815.982	822.568	826.278	837.692	840.020	838.849	850.280
55	821.267	834.941	833.524	821.123	812.456	806.826	818.787	823.938	807.658	841.067	841.167	846.012
56	840.137	844.434	842.896	824.988	807.533	798.998	810.533	841.802	815.768	840.036	838.853	838.575
57	843.541	840.391	839.360	831.180	825.859	804.442	817.439	832.651	828.182	845.043	819.736	845.155
58	838.241	839.069	852.528	834.768	827.910	818.207	840.580	839.058	825.162	842.115	838.740	867.556
59	833.299	857.248	834.361	831.021	818.483	843.899	841.809	849.160	831.096	836.595	863.988	850.616
60	854.465	865.206	845.410	839.146	828.817	842.612	846.753	858.202	841.725	846.493	868.748	855.059
61	860.740	865.874	848.783	847.194	823.565	838.786	838.548	862.989	836.050	852.095	864.529	875.253
62	862.773	869.693	857.798	846.197	837.774	836.726	858.051	863.757	837.085	861.454	855.882	876.668
63	853.065	881.460	869.015	869.366	863.827	848.011	854.731	877.618	847.149	859.937	862.564	879.370
64	873.181	884.591	872.268	881.519	852.098	863.702	862.038	875.851	850.382	858.549	870.603	891.584
65	858.691	893.157	870.981	858.348	835.180	859.463	864.278	862.686	851.470	864.203	882.166	895.952
66	863.443	875.165	881.076	860.452	854.247	854.143	861.701	851.762	846.027	877.032	888.552	880.651
67	862.219	870.206	886.019	877.011	862.974	843.922	859.224	872.382	839.273	854.054	891.239	879.189
68	889.947	877.423	879.547	887.210	862.381	854.846	854.657	890.689	856.804	864.065	898.798	892.007
69	890.580	878.950	889.538	872.864	860.235	865.905	861.525	895.391	851.929	867.454	880.523	902.773
70	903.339	879.374	885.122	876.123	856.902	866.434	862.816	895.400	851.128	880.771	883.922	913.677
71	922.442	877.540	888.324	901.938	867.870	882.921	875.699	890.115	872.232	891.408	907.567	905.500
72	904.996	891.483	901.658	890.348	864.283	863.214	885.557	887.315	882.719	893.605	904.782	907.301
73	896.725	905.063	897.580	904.884	875.495	863.063	889.502	897.135	893.212	892.186	900.800	892.765
74	926.320	926.007	906.730	902.593	876.247	884.277	905.085	905.565	896.096	908.820	906.601	902.160
75	919.132	929.811	909.636	918.653	894.486	907.000	913.385	917.685	893.735	929.577	942.471	932.917
76	936.810	927.390	920.152	914.182	899.981	933.770	914.126	949.112	899.000	922.552	931.294	935.304
77	935.413	963.022	930.438	927.448	911.932	944.025	930.072	973.326	913.442	946.125	935.406	941.418
78	965.760	951.868	927.773	944.170	920.088	972.279	957.952	1004.523	933.518	975.095	944.845	943.480
79	956.406	982.076	943.624	972.382	942.476	997.925	992.591	1024.244	953.866	985.747	963.570	973.652
80	973.598	1004.188	976.618	1012.521	956.370	1014.181	1018.561	1063.565	974.121	999.236	986.445	995.147
81	1019.594	1029.218	1019.497	1042.148	999.194	1065.995	1051.044	1097.045	1026.156	1019.610	1025.021	1001.892
82	1017.609	1046.602	1035.699	1052.300	1023.219	1082.577	1094.420	1116.791	1063.697	1041.541	1038.817	1033.821
83	1027.998	1044.071	1056.505	1069.807	1048.298	1069.383	1095.623	1121.266	1059.039	1070.341	1058.783	1049.340
84	1037.777	1035.836	1043.347	1064.804	1058.140	1056.154	1059.286	1079.226	1065.828	1059.204	1073.164	1047.530
85	1022.968	997.995	1020.680	1044.447	1040.079	1022.592	1023.079	1053.223	1071.360	1038.593	1072.700	1041.964
86	988.146	949.391	1024.859	1005.101	1021.009	995.697	994.496	1018.028	1041.739	1015.758	1026.170	1009.405
87	962.122	922.752	990.295	980.339	986.432	956.517	975.559	988.763	997.953	976.766	963.932	975.882
88	952.918	891.999	954.095	930.401	964.537	932.060	963.192	953.329	983.991	940.150	937.721	921.591
89	949.159	867.188	929.299	920.968	911.223	911.051	946.468	939.993	958.273	894.263	900.821	890.237
90	906.012	850.541	892.364	895.353	890.762	878.829	927.516	890.500	925.911	868.558	871.341	864.491
91	875.275	826.115	878.629	877.782	886.610	840.841	881.651	866.879	894.693	851.512	847.150	849.227
92	857.721	823.790	847.979	859.387	877.559	824.400	840.626	832.584	859.002	832.689	811.813	830.228
93	842.549	801.002	833.233	839.666	836.796	821.339	815.345	812.970	842.460	816.023	808.265	817.599
94	836.724	797.002	812.143	819.214	825.698	816.707	799.733	809.688	820.866	812.621	809.439	816.911
95	802.527	766.600	789.198	820.190	809.169	786.578	795.461	795.945	811.624	806.312	806.046	807.400
96	789.276	744.201	784.002	793.304	776.972	785.069	781.380	784.157	795.859	775.201	789.996	793.188
97	776.556	744.087	752.356	786.238	781.306	763.033	774.187	766.564	788.150	784.518	770.235	773.103
98	767.903	720.072	736.139	770.475	753.987	746.488	764.861	743.862	784.866	769.943	760.401	770.918
99	755.330	706.961	739.404	755.438	733.655	732.519	750.415	751.683	776.285	752.761	756.610	764.184
100	751.170	714.668	729.210	746.097	728.527	742.327	737.947	740.132	743.973	743.847	755.895	754.948
101	739.479	711.412	728.568	730.395	727.646	725.882	717.497	735.266	743.586	750.794	741.870	745.399
102	724.991	689.097	709.001	710.623	733.385	704.798	718.201	712.235	731.027	727.173	736.068	729.401
103	723.241	680.096	699.952	707.670	720.595	703.156	713.209	696.575	707.653	710.842	730.609	726.308
104	721.521	688.261	691.013	704.791	705.345	697.637	707.378	691.885	700.479	706.597	728.144	701.457
105	701.348	673.863	695.257	692.262	700.635	696.657	702.734	680.551	695.184	695.347	711.762	695.859
106	698.121	661.733	681.301	689.630	685.275	682.552	681.196	684.839	699.691	688.126	683.228	700.574
107	692.636	651.434	668.424	676.661	691.417	664.325	663.686	671.812	688.876	689.590	671.272	696.709
108	682.601	644.131	662.179	675.642	670.759	657.833	656.474	673.173	664.938	676.397	673.414	682.280
109	694.020	646.478	662.990	665.907	667.468	648.817	658.879	665.896	665.755	666.306	678.078	687.013
110	679.473	632.608	645.330	662.653	661.791	646.533	652.451	657.360	667.504	654.757	679.564	658.163
111	648.372	640.068	648.662	672.381	648.516	635.710	643.816	663.540	656.716	651.025	651.874	674.215
112	651.946	622.583	629.589	657.089	647.723	632.856	644.242	641.312	639.388	652.560	643.439	660.379
113	661.748	629.435	630.353	646.834	638.978	632.623	647.786	621.016	647.506	647.995	640.292	646.934
114	649.627	615.172	635.101	638.475	650.466	620.006	620.935	626.026	641.717	645.079	631.512	647.164
115	634.719	623.022	620.473	626.596	622.146	617.008	615.099	619.834	632.745	628.120	631.696	634.253
116	633.356	596.120	612.845	629.092	634.341	621.208	621.008	605.468	640.208	616.856	630.715	639.666
117	640.504	595.639	619.528	621.830	613.718	598.727	614.179	605.922	616.117	632.455	620.391	626.593
118	617.205	598.577	603.832	630.092	625.326	598.488	606.125	601.734	617.060	615.224	610.689	616.482
119	610.006	591.574	607.255	612.763	624.146	598.349	608.968	612.704	602.991	600.497	612.678	616.608
120	610.362	586.324	591.513	623.664	604.208	591.594	614.911	603.961	605.463	605.621	615.609	620.941
121	598.446	582.953	598.355	622.801	596.777	583.553	597.632	579.470	599.060	606.910	616.395	615.669
122	611.628	595.708	583.539	597.887	595.043	588.431	580.088	589.653	603.329	599.610	606.347	610.571
123	604.964	591.215	584.602	594.348	598.975	591.038	581.857	589.362	582.080	593.324	607.843	602.012
124	594.329	571.002	591.157	589.573	596.080	585.514	586.255	588.277	585.003	591.628	597.899	608.661
125	587.302	571.931	589.932	589.715	595.510	567.616	584.452	580.560	582.254	587.739	589.482	592.667
126	588.397	564.763	587.130	597.217	600.555	572.195	578.346	577.904	578.774	584.651	584.881	587.916
127	596.197	563.222	567.826	592.752	585.731	574.960	563.660	566.192	573.029	572.276	591.393	594.666
128	580.211	558.673	560.959	574.420	565.613	555.837	570.366	563.024	568.151	563.444	585.785	589.934
129	582.589	551.783	572.894	576.460	562.805	562.082	569.953	561.769	562.180	556.809	571.856	587.233
130	585.750	559.224	568.666	586.223	555.447	570.636	578.593	554.526	564.863	566.109	580.852	582.200
131	577.298	566.731	563.137	575.306	564.469	560.457	580.278	554.129	562.941	566.925	590.627	580.441
132	576.495	553.875	566.515	583.741	577.951	554.327	562.215	563.620	565.621	568.467	583.629	582.613
133	574.406	540.866	568.738	576.792	562.338	558.322	564.061	570.583	566.493	561.610	572.684	584.703
134	575.039	566.485	562.986	577.692	562.673	557.544	560.377	562.298	563.711	562.224	570.000	583.465
135	572.419	563.521	560.569	567.536	567.006	555.547	559.201	563.763	560.707	554.919	558.072	570.507
136	563.639	562.458	566.030	557.299	559.938	553.426	579.253	538.143	553.727	545.803	567.966	567.250
137	562.575	552.122	557.969	554.515	562.504	542.536	566.859	544.387	552.354	544.222	568.280	567.108
138	564.210	549.859	554.779	553.826	551.794	538.044	554.110	545.150	549.916	547.952	553.049	575.224
139	554.557	546.706	551.836	547.213	557.948	547.631	538.653	551.503	547.019	546.016	537.731	557.564
140	556.003	548.550	546.336	551.849	571.850	546.961	547.142	552.206	547.452	553.426	556.041	566.377
141	545.932	544.766	545.839	549.573	553.404	551.059	539.065	546.470	534.094	543.438	562.527	561.002
142	559.304	529.076	560.163	550.524	545.489	535.635	547.626	535.391	543.024	549.221	558.405	556.169
143	544.559	546.442	543.907	540.392	547.515	543.462	557.695	534.847	536.021	538.786	562.505	553.322
144	545.449	537.940	539.918	544.907	545.175	541.947	548.262	536.682	522.217	531.250	552.658	557.575
145	563.060	543.732	541.518	546.035	537.652	529.649	532.622	540.720	531.679	541.010	550.604	544.946
146	545.546	532.791	534.695	547.958	532.566	532.249	524.286	531.343	536.677	534.548	541.780	550.512
147	541.408	530.153	540.280	542.483	535.729	525.117	545.222	536.427	529.162	530.599	546.329	548.506
148	540.267	532.709	539.063	539.046	531.546	542.552	528.509	526.887	534.668	535.606	546.825	545.207
149	543.791	543.038	541.186	544.959	536.268	516.862	531.613	527.125	528.330	540.190	541.315	556.610
150	550.940	532.367	528.649	532.774	533.013	524.074	534.751	535.622	538.973	531.256	557.366	553.430
151	548.373	526.224	525.375	533.404	544.249	533.069	536.152	530.136	545.461	537.311	546.365	553.391
152	540.686	516.142	526.080	529.618	528.765	531.430	525.929	527.951	529.868	539.055	526.763	548.469
153	547.310	524.156	528.345	532.454	534.537	525.189	534.607	522.371	525.981	539.500	532.899	544.393
154	526.370	516.573	531.529	530.502	535.299	517.453	536.464	520.280	529.760	531.060	535.845	533.904
155	533.841	514.834	520.011	531.285	520.348	521.486	527.906	525.104	517.196	533.553	534.059	537.994
156	550.373	518.937	513.381	518.413	519.049	527.261	530.830	522.437	527.388	525.474	542.383	535.450
157	537.733	515.801	515.276	527.140	537.267	524.203	517.623	525.341	530.083	528.265	530.514	529.183
158	533.206	507.725	521.586	521.813	524.602	534.887	531.899	528.447	519.193	528.197	535.347	530.333
159	541.711	510.040	514.248	528.666	521.123	528.607	521.689	521.381	522.664	522.707	527.758	533.871
160	520.168	509.302	507.606	523.034	523.335	512.637	523.932	515.990	532.315	529.686	526.703	528.237
161	529.648	509.775	526.198	513.932	516.258	516.882	508.758	517.607	533.710	516.708	533.223	527.665
162	537.616	523.136	517.030	511.813	524.777	515.460	511.765	515.020	514.170	516.674	538.107	525.506
163	534.803	506.962	504.968	521.485	514.080	516.843	515.935	505.872	514.408	514.060	522.593	529.833
164	515.429	517.344	514.196	515.971	515.373	523.598	519.254	516.790	503.865	511.834	527.489	523.073
165	513.352	507.240	510.249	512.476	516.886	523.067	517.996	525.289	506.656	505.039	524.341	526.658
166	521.428	509.245	519.550	521.703	518.463	516.447	521.158	523.941	508.755	518.337	528.110	520.944
167	529.034	496.717	515.571	514.525	519.266	520.220	513.363	523.097	507.580	513.886	522.513	525.474
168	519.989	515.104	508.370	512.609	521.555	504.384	510.344	513.749	506.584	522.310	535.968	533.215
169	527.494	508.967	508.739	509.956	522.499	521.005	513.922	499.582	510.867	498.606	523.941	518.188
170	527.271	505.390	499.048	511.294	512.631	509.157	509.700	503.106	507.665	511.872	514.017	512.841
171	515.058	493.737	511.626	504.791	507.397	492.392	508.626	510.574	499.356	513.990	519.436	519.334
172	517.776	497.036	506.488	512.991	510.665	494.217	520.430	512.667	508.883	508.234	520.103	520.392
173	517.451	509.419	504.277	519.367	517.363	506.591	513.509	521.652	502.579	506.546	525.515	516.455
174	518.446	502.243	511.537	510.650	513.169	516.462	497.846	522.611	501.208	512.097	523.549	512.928
175	520.502	505.384	508.960	509.445	502.647	507.085	517.097	505.157	509.422	514.110	521.061	517.281
176	510.375	512.271	495.316	504.912	506.038	491.779	516.566	514.845	503.940	531.690	521.037	521.447
177	522.898	511.111	499.968	503.079	513.330	494.968	509.800	504.725	502.154	514.079	517.089	517.936
178	512.829	496.463	503.531	496.750	510.837	499.005	510.054	505.254	512.771	495.715	504.897	515.166
179	514.603	492.028	503.702	506.726	500.428	504.978	511.335	504.412	513.310	498.737	518.621	514.260
180	511.017	486.517	488.843	492.135	504.647	513.057	509.053	511.791	503.884	505.736	506.546	504.435
181	508.911	489.095	496.433	503.548	493.737	497.543	511.183	511.149	497.267	498.335	510.005	511.018
182	507.342	494.660	505.637	500.242	489.478	489.875	516.082	504.753	505.940	510.405	515.991	515.199
183	506.737	487.760	490.099	502.824	496.239	501.617	502.522	497.523	501.619	503.217	507.656	511.352
184	504.017	499.589	505.974	508.337	502.833	493.636	504.186	507.947	505.796	505.213	506.252	510.349
185	511.749	489.961	507.530	505.976	496.417	489.541	512.331	508.614	511.403	501.976	505.530	511.338
186	505.775	498.816	488.733	505.314	499.515	480.317	500.398	510.998	501.789	491.776	521.536	500.149
187	501.053	490.753	490.914	510.571	508.444	502.061	495.981	500.865	504.046	500.675	509.046	508.856
188	506.118	495.155	493.956	495.772	511.307	508.113	496.546	505.528	489.274	494.930	508.674	501.393
189	505.981	483.735	488.561	498.874	502.304	491.243	514.324	506.946	503.166	498.006	505.647	508.303
190	506.564	481.141	496.513	494.788	496.913	497.682	489.120	506.182	501.761	495.668	513.424	507.521
191	514.937	482.318	489.820	490.514	496.971	496.738	491.404	495.065	503.096	500.085	508.274	503.524
192	508.944	492.242	490.604	492.899	491.046	501.401	488.786	506.017	497.248	494.102	505.067	502.421
193	506.117	490.104	486.865	501.043	490.697	503.222	503.704	491.045	485.702	500.101	506.373	502.775
194	499.919	492.899	494.161	501.255	495.237	488.270	499.160	491.704	491.130	501.246	495.996	485.210
195	503.944	489.941	491.410	503.047	495.829	495.060	504.013	502.315	494.105	495.486	512.367	495.285
196	511.478	485.727	482.070	489.074	488.106	492.469	487.386	492.372	497.768	495.412	508.323	500.798
197	504.186	485.203	482.756	485.634	507.079	489.747	490.218	492.815	504.513	501.647	507.065	494.446
198	500.411	487.190	491.471	495.394	495.441	504.075	497.238	489.941	495.240	501.281	510.047	500.229
199	504.787	491.334	485.743	490.767	483.692	490.589	482.961	490.958	492.561	484.919	493.601	511.302
200	503.046	489.406	475.745	489.680	489.389	490.959	497.355	484.503	480.526	490.632	502.508	485.578
201	505.234	475.364	491.082	504.890	485.312	486.483	496.033	481.252	496.797	496.916	497.895	494.811
202	499.461	482.257	478.821	492.278	487.444	489.761	495.903	491.414	496.715	500.882	501.165	502.676
203	498.152	488.275	477.813	493.944	482.752	493.512	488.410	488.088	478.437	504.037	506.461	497.564
204	500.398	484.282	488.330	506.000	488.328	489.876	495.835	486.220	489.214	494.573	506.745	496.793
205	499.188	484.596	491.758	483.633	495.136	489.361	487.167	484.648	488.901	489.473	498.789	512.885
206	493.782	488.331	480.361	492.062	497.228	491.879	488.656	492.739	492.273	483.322	492.919	498.399
207	494.117	482.504	492.408	482.730	506.154	480.087	496.489	495.493	493.915	490.402	489.278	493.592
208	507.490	483.761	482.650	495.703	491.487	483.093	487.885	481.842	487.753	492.755	488.995	494.716
209	495.367	476.457	485.204	488.857	480.374	487.960	497.577	494.922	483.436	486.087	497.315	493.853
210	498.764	470.073	478.514	491.204	489.961	494.973	494.412	499.990	484.812	479.226	491.869	505.564
211	489.290	477.052	474.084	486.503	490.820	488.842	484.840	484.983	481.065	486.515	490.770	499.712
212	492.965	489.373	476.198	495.204	490.875	483.798	495.362	487.206	484.423	492.562	504.517	495.778
213	489.319	478.403	474.348	494.685	483.386	478.832	490.822	485.634	480.834	495.184	500.278	492.723
214	483.755	472.595	471.274	482.718	486.605	473.766	483.630	489.643	474.759	490.804	512.539	494.047
215	486.873	476.391	481.053	475.285	486.194	469.631	487.113	490.703	471.421	481.262	499.967	493.865
216	490.406	470.874	479.487	495.844	496.856	475.487	484.389	487.612	481.955	487.588	490.210	481.609
217	501.916	476.374	475.829	482.919	494.979	480.452	484.743	478.761	475.074	491.241	488.157	495.574
218	497.963	476.460	472.818	495.602	493.786	475.503	487.159	483.280	484.886	491.058	482.897	490.136
219	482.566	475.945	488.051	487.475	488.833	493.782	492.821	477.653	481.562	485.358	494.459	501.274
220	491.961	476.135	480.837	491.561	475.067	487.356	482.896	492.433	491.286	485.241	486.970	487.332
221	492.224	479.475	469.572	480.427	475.321	491.500	478.687	486.859	489.191	482.134	487.631	496.097
222	494.332	473.449	474.547	473.208	486.362	482.002	481.372	482.792	489.512	485.930	491.560	488.016
223	479.593	477.527	472.673	494.658	479.242	472.295	475.050	486.271	485.904	484.560	486.942	489.040
224	486.453	471.863	472.216	488.818	484.620	477.729	473.014	487.231	491.452	485.823	485.251	494.716
225	493.692	487.340	480.288	487.995	486.066	478.659	480.624	486.056	489.035	481.097	494.827	487.258
226	488.818	464.439	471.455	480.923	482.444	475.773	476.772	470.809	486.334	484.482	489.598	493.372
227	486.329	482.094	468.776	478.994	487.862	486.150	485.462	473.573	481.719	489.069	491.743	500.197
228	498.903	480.556	469.782	475.565	491.133	480.744	491.599	489.336	485.119	482.650	495.620	500.155
229	498.519	468.677	463.869	486.345	478.617	473.050	485.828	476.887	472.382	475.601	482.036	484.871
230	480.079	470.863	472.147	480.347	484.191	477.124	492.178	486.936	483.086	494.683	478.100	492.081
231	484.290	470.153	481.165	491.279	477.957	481.651	485.569	489.637	466.934	483.905	474.283	495.580
232	481.989	484.778	473.065	481.330	481.925	479.961	485.681	481.904	462.921	486.169	482.045	487.323
233	485.219	471.231	480.973	468.908	477.003	473.736	472.518	469.198	477.060	487.834	492.843	490.670
234	489.095	468.249	479.966	468.989	475.648	478.265	479.706	480.584	479.825	480.243	490.681	492.786
235	484.025	478.166	471.750	470.433	474.703	480.764	474.544	484.695	482.131	488.937	486.972	498.924
236	483.662	472.139	463.228	470.936	465.219	471.865	475.766	476.451	477.665	479.259	481.497	490.256
237	481.855	464.602	467.181	478.585	470.082	480.816	469.486	476.957	473.833	472.858	488.700	494.397
238	477.162	459.911	470.259	492.765	466.255	472.931	475.363	482.082	474.401	473.481	475.369	496.821
239	492.996	472.408	465.561	475.297	468.678	478.980	488.741	481.226	488.126	477.779	490.704	486.838
240	486.170	475.773	475.967	484.384	480.386	475.918	474.494	484.587	483.183	478.781	486.220	489.261
241	493.224	468.679	484.261	481.625	476.570	474.660	482.312	478.952	471.391	471.640	476.818	497.068
242	475.960	464.150	467.758	476.004	478.797	479.666	474.047	478.107	470.341	487.100	483.065	481.183
243	480.666	469.942	477.489	467.677	475.033	472.560	478.234	476.072	481.111	479.476	477.949	479.631
244	486.498	464.466	477.259	477.485	473.683	467.802	475.244	477.334	482.556	469.148	485.124	479.621
245	483.563	461.356	478.983	480.953	477.989	464.877	477.264	476.337	476.377	464.698	481.131	483.912
246	493.673	466.921	488.083	479.124	478.211	463.373	480.945	474.563	468.581	463.705	481.288	482.771
247	483.941	469.545	474.598	470.801	481.659	470.145	475.991	475.239	474.181	465.662	480.104	483.066
248	477.559	473.254	477.772	475.794	483.289	473.771	478.715	475.038	469.317	481.259	489.236	480.670
249	483.064	470.489	475.395	477.325	472.025	481.416	470.472	480.141	471.933	473.007	483.887	476.117
250	488.290	462.653	466.700	471.903	470.732	481.787	471.634	466.431	475.586	465.318	474.956	475.931
251	478.668	469.431	465.852	468.254	472.033	479.718	474.719	472.107	465.699	474.564	482.392	492.692
252	472.603	480.082	470.923	469.529	474.289	485.914	478.833	470.996	480.519	482.745	485.883	480.895
253	477.050	468.383	463.135	470.000	475.849	485.542	462.174	466.866	475.734	476.499	475.615	481.193
254	474.519	469.551	457.412	468.941	477.401	475.323	475.881	477.140	475.201	482.111	480.758	489.799
255	471.974	463.149	453.768	471.822	475.243	463.394	470.435	475.713	485.548	480.172	479.855	493.272
256	793.113	853.067	839.667	831.033	880.005	840.561	820.940	815.550	794.746	826.335	816.182	808.998
257	782.922	840.285	830.521	845.240	882.530	827.796	799.301	803.181	790.636	804.117	802.907	799.167
258	773.182	842.297	821.082	845.774	880.417	819.455	804.679	794.751	800.248	798.978	801.192	813.206
259	778.621	853.162	830.613	843.932	872.164	833.436	787.355	786.376	801.112	809.375	811.540	807.977
260	777.244	850.501	815.015	825.444	877.928	818.153	793.951	792.840	787.493	803.170	804.982	806.812
261	768.663	837.726	818.248	820.679	872.313	814.066	793.150	775.465	780.109	789.889	799.746	787.013
262	739.985	823.890	808.116	797.512	864.508	790.890	795.310	772.485	782.754	786.443	791.162	775.939
263	742.682	824.204	792.388	788.432	843.672	781.337	765.690	762.890	782.206	787.323	780.309	780.217
264	746.965	820.269	795.440	795.929	828.049	782.331	772.867	766.985	774.279	766.842	776.485	772.273
265	751.937	805.515	796.494	797.485	821.205	768.154	776.268	750.864	769.678	750.102	775.191	771.568
266	751.837	803.001	787.652	789.043	811.003	756.414	771.706	757.593	769.624	759.024	764.687	766.756
267	745.144	786.454	782.617	789.531	790.495	761.901	772.508	752.410	754.272	769.991	750.828	775.828
268	745.901	801.879	778.815	776.421	789.543	770.268	768.759	750.590	746.107	757.608	760.309	741.839
269	731.864	799.897	763.143	792.910	790.825	769.333	764.931	744.356	752.220	748.528	757.543	761.891
270	752.898	781.493	752.825	777.159	785.037	770.819	758.815	740.162	735.987	749.189	746.029	751.571
271	740.510	783.905	764.150	762.305	769.545	768.581	773.150	752.378	715.505	740.576	733.936	760.364
272	749.019	788.632	767.402	752.241	765.692	734.863	755.751	743.551	727.768	730.351	746.492	757.027
273	726.729	762.334	767.948	758.897	755.933	751.632	732.061	748.194	735.079	735.620	741.075	747.038
274	744.263	774.817	754.688	754.245	762.904	735.065	749.462	743.991	727.633	735.884	751.883	738.892
275	738.181	781.327	777.902	752.222	753.251	750.273	757.324	738.094	721.052	728.845	752.966	741.091
276	729.480	762.276	762.622	754.364	751.647	747.217	740.757	738.494	724.217	743.582	750.935	752.190
277	720.368	761.039	759.182	763.979	742.035	744.510	751.561	729.839	731.521	742.551	754.389	749.696
278	727.186	773.248	747.899	748.016	751.411	729.573	734.970	734.054	738.909	746.864	737.301	749.594
279	756.351	767.830	747.688	766.463	744.144	740.150	745.474	744.132	731.868	747.348	739.325	751.281
280	732.982	764.741	747.138	747.071	745.555	735.597	741.471	723.317	731.333	728.216	734.756	744.469
281	725.811	753.512	760.225	734.351	750.077	729.305	733.083	732.679	716.071	722.259	745.748	742.782
282	716.221	752.030	740.089	742.760	738.682	736.749	731.176	720.053	721.287	718.207	724.628	745.081
283	729.004	737.484	749.152	746.925	739.414	739.373	710.325	722.372	735.022	725.471	721.797	744.426
284	734.413	745.916	734.530	763.537	726.263	729.365	726.145	738.626	731.443	736.505	738.077	731.742
285	728.290	756.793	731.878	746.670	727.609	719.511	727.865	738.459	729.702	718.985	737.422	722.923
286	723.143	738.713	745.006	728.452	734.988	730.106	730.691	724.386	721.213	731.262	742.960	728.799
287	723.697	741.622	737.547	741.866	731.003	729.948	712.823	731.668	731.548	719.984	732.997	739.653
288	722.095	737.577	723.709	739.151	733.664	736.203	728.104	732.413	737.876	728.134	740.941	736.202
289	736.450	751.478	716.339	733.484	734.077	727.621	726.931	734.199	718.926	726.007	718.727	729.127
290	737.759	739.586	734.960	736.692	751.764	714.572	731.576	721.782	721.996	715.587	728.275	724.162
291	724.213	746.580	734.156	729.056	749.632	730.568	733.017	744.406	722.460	725.892	724.717	731.370
292	740.340	729.252	726.719	734.307	725.241	719.018	728.371	739.819	716.626	724.769	734.338	743.381
293	740.857	734.774	724.251	726.789	736.659	722.316	716.478	723.912	704.595	729.110	729.807	737.992
294	737.229	741.859	733.588	731.885	736.617	734.681	737.177	725.892	722.320	736.092	723.172	735.716
295	742.271	745.433	739.785	744.118	734.690	731.705	742.417	730.650	712.743	729.046	741.508	737.237
296	729.406	728.829	728.205	737.777	728.951	723.580	739.619	729.011	720.795	718.146	737.599	750.661
297	734.574	743.533	741.477	742.143	728.776	732.600	726.327	745.658	712.103	730.615	737.251	730.124
298	731.015	746.356	751.007	739.787	738.969	739.643	735.118	735.176	743.005	723.753	743.470	734.666
299	743.794	749.945	749.461	742.985	742.157	737.180	743.049	733.684	728.104	726.931	740.432	734.628
300	746.346	751.981	757.376	734.706	747.102	739.211	735.115	733.585	736.156	741.645	743.079	742.014
301	732.468	750.626	737.883	731.321	740.629	737.914	750.377	744.363	715.005	727.429	747.079	727.625
302	749.102	759.696	737.806	749.313	759.693	723.418	761.507	739.699	735.440	745.593	742.713	730.773
303	758.819	747.537	748.929	747.192	749.020	735.030	769.577	739.974	735.486	739.233	738.918	748.128
304	752.062	747.949	769.150	745.134	746.828	740.176	764.634	735.958	740.972	747.174	751.023	755.648
305	745.224	741.745	760.161	756.426	747.509	740.166	746.258	739.670	731.921	750.887	746.561	750.142
306	753.250	745.696	759.499	769.191	749.828	749.686	734.069	753.070	731.328	743.146	745.040	754.264
307	751.313	757.453	750.024	754.197	760.018	757.827	737.627	748.316	760.775	745.737	753.598	749.475
308	761.352	767.704	748.345	763.575	751.036	759.093	740.397	739.338	745.026	745.369	757.813	754.100
309	764.249	761.098	751.231	764.296	762.875	764.850	737.157	747.687	748.350	753.693	742.520	751.653
310	777.042	753.618	757.561	753.465	770.306	765.409	746.941	746.390	740.708	746.099	747.126	757.264
311	784.682	760.782	758.499	751.435	760.010	758.039	755.377	740.269	736.781	753.900	759.030	767.309
312	771.846	756.510	764.612	761.657	774.754	740.012	755.040	755.598	738.498	744.977	751.318	764.742
313	770.090	765.711	755.320	763.604	780.704	760.958	748.665	752.775	751.245	756.489	755.112	772.939
314	753.186	769.006	746.750	761.112	755.933	766.675	749.557	750.524	758.907	764.182	758.922	776.991
315	778.231	752.589	767.595	770.586	752.889	765.080	762.723	756.625	753.788	755.366	774.958	761.603
316	790.669	770.273	784.026	764.330	781.810	763.298	760.266	752.274	753.063	771.770	771.165	771.031
317	791.027	786.985	762.235	779.214	785.495	763.669	769.294	748.903	749.722	778.340	785.204	772.451
318	790.342	767.534	767.852	780.098	778.848	776.812	770.535	760.136	762.616	774.185	783.592	774.009
319	793.219	763.187	804.634	789.854	778.765	779.563	764.414	770.527	763.177	762.626	784.318	790.003
320	797.290	781.217	788.719	789.861	773.392	770.294	763.669	769.779	766.868	763.214	783.632	781.564
321	793.088	774.118	775.784	772.921	786.883	776.876	782.618	769.947	762.068	780.477	774.008	771.050
322	813.120	772.246	773.885	781.989	788.171	775.565	790.014	757.279	777.186	777.245	790.098	784.886
323	806.017	769.947	778.088	791.112	789.655	765.157	795.729	769.463	778.243	785.770	797.027	790.639
324	806.268	767.020	780.350	773.822	793.004	766.102	788.371	777.220	779.950	785.421	804.793	777.464
325	793.664	772.332	793.274	774.077	789.077	773.558	789.405	778.910	776.672	795.833	790.942	779.706
326	795.739	779.960	793.865	797.418	787.032	789.314	783.657	770.244	768.881	781.039	797.733	806.520
327	820.258	778.229	799.063	812.462	785.907	802.764	782.319	786.321	784.250	785.544	801.638	801.991
328	808.716	795.317	790.080	796.672	800.799	781.370	788.457	795.993	795.538	802.126	782.372	809.755
329	760.906	762.534	762.471	761.320	756.260	755.734	755.436	755.273	753.121	737.953	743.067	748.545
330	788.414	757.811	765.440	760.431	758.705	751.570	759.399	766.522	737.593	741.843	758.163	744.148
331	761.883	751.550	766.520	767.001	765.296	752.070	764.812	742.700	736.663	748.057	761.300	761.646
332	758.446	762.729	763.328	766.923	761.307	765.860	764.469	752.767	752.487	748.155	757.510	771.337
333	766.026	761.543	767.521	767.701	761.782	758.645	764.740	739.771	742.579	743.663	763.545	767.084
334	769.203	769.669	778.211	759.876	772.584	778.358	769.149	740.845	750.073	740.692	754.187	767.326
335	758.065	768.167	774.096	756.683	774.348	770.614	782.137	749.803	765.503	748.049	759.813	766.776
336	768.789	780.444	776.613	771.606	777.216	749.238	768.792	767.011	755.813	759.884	760.173	763.996
337	786.723	770.505	770.026	771.329	766.995	763.956	769.944	774.557	754.239	747.929	769.922	766.430
338	784.687	770.471	784.317	774.051	777.168	784.567	777.835	750.780	750.398	755.618	760.161	775.791
339	759.644	775.266	784.340	757.558	780.261	793.095	770.282	764.207	763.610	760.151	774.547	754.607
340	772.090	788.815	778.159	788.201	794.139	780.345	774.695	784.473	765.444	778.436	776.439	768.849
341	778.416	776.068	782.467	798.300	784.296	775.964	780.635	772.485	764.962	768.038	766.833	785.879
342	769.765	791.010	796.662	797.170	782.994	791.396	790.986	772.321	782.531	793.313	789.549	793.979
343	777.981	790.756	778.447	799.479	786.648	798.953	785.717	784.793	782.389	785.688	802.737	776.956
344	792.092	785.754	794.539	800.430	799.225	799.987	789.241	781.391	788.743	782.658	812.763	799.968
345	800.424	801.224	778.165	796.072	792.836	792.274	792.020	802.056	794.848	781.550	792.024	807.176
346	793.968	813.754	790.648	791.792	789.782	789.076	800.419	789.117	796.312	773.974	793.274	814.037
347	793.892	799.233	803.414	785.459	782.554	799.952	791.555	802.291	795.586	785.444	797.917	811.034
348	813.087	802.944	801.665	795.736	794.228	806.676	790.791	805.500	790.530	789.867	806.445	801.464
349	806.746	808.492	818.075	800.653	810.870	796.245	796.480	787.363	795.393	798.917	821.410	808.852
350	799.290	797.882	813.036	797.347	802.553	807.776	809.725	786.597	801.391	800.478	799.007	811.561
351	790.952	822.295	806.274	804.107	808.934	804.218	827.928	797.021	800.472	792.259	809.980	822.301
352	821.481	817.586	817.177	814.847	811.265	806.250	826.308	796.591	801.408	806.724	816.643	824.987
353	830.226	823.722	830.023	805.217	800.890	809.326	821.632	804.291	806.128	800.863	820.226	810.802
354	822.204	818.411	825.650	826.776	803.358	812.856	825.309	803.467	820.837	822.401	817.910	830.832
355	809.974	843.640	825.423	836.671	808.318	803.590	816.583	827.249	805.126	816.285	815.258	836.605
356	816.642	849.555	834.751	831.916	837.244	810.571	832.142	820.067	800.657	814.156	824.048	827.609
357	825.965	843.042	838.313	821.528	826.160	811.182	810.219	817.857	815.243	814.371	823.912	821.831
358	821.552	839.107	852.384	824.912	829.464	822.056	822.325	827.238	825.068	819.270	828.839	823.908
359	822.973	843.757	840.292	837.872	825.684	815.731	820.785	828.766	830.609	828.864	834.745	829.112
360	836.961	857.016	850.153	851.270	839.550	819.064	838.056	830.790	826.474	839.269	831.731	842.107
361	826.368	869.399	860.885	846.379	833.714	825.894	849.689	820.108	825.276	821.596	854.530	844.169
362	839.173	865.381	856.473	837.797	844.325	841.156	838.955	822.173	829.723	836.532	849.348	835.529
363	851.552	873.783	871.374	846.900	845.261	837.356	829.885	843.574	819.031	850.160	843.204	843.800
364	856.737	874.263	871.475	857.920	839.289	834.320	832.247	835.457	846.301	841.087	844.261	858.600
365	864.047	881.357	867.830	861.613	835.665	837.403	831.517	837.992	836.977	858.890	859.960	840.946
366	864.330	869.136	881.698	871.601	863.573	837.342	843.167	842.464	828.839	851.840	865.753	862.271
367	869.979	894.571	886.144	877.549	865.620	849.414	853.944	861.380	854.130	846.694	872.283	856.687
368	884.660	888.317	860.121	865.679	871.378	858.050	851.935	849.541	842.504	861.476	885.524	879.381
369	896.307	894.625	885.303	848.886	871.058	871.783	859.242	852.397	843.662	862.820	869.823	878.386
370	882.955	898.848	899.281	877.342	886.508	874.359	856.278	842.293	846.703	880.633	885.208	869.842
371	879.538	903.744	896.152	887.304	872.387	875.171	854.338	861.143	856.208	870.722	904.158	882.234
372	870.255	924.504	915.667	906.526	885.404	874.693	880.285	873.767	867.516	882.822	916.732	894.694
373	883.015	909.712	894.504	892.604	902.327	876.389	878.704	866.413	875.158	869.506	926.602	892.517
374	902.765	902.934	898.284	884.474	911.952	868.966	875.317	875.288	873.911	881.469	921.042	894.507
375	887.248	908.253	914.744	885.019	920.573	867.329	864.486	889.918	862.122	884.691	937.712	885.465
376	890.698	915.095	919.330	904.139	906.414	872.396	872.415	894.110	864.868	895.691	938.805	905.612
377	915.106	911.150	904.260	910.164	898.258	887.513	881.691	886.776	882.013	907.325	959.249	914.655
378	925.063	900.957	894.007	919.453	910.948	889.635	892.774	889.342	891.529	887.400	941.395	908.406
379	939.936	920.277	903.699	926.797	901.809	898.275	890.535	900.524	908.769	924.739	957.396	926.888
380	905.344	909.235	913.948	917.325	895.482	887.887	902.290	902.632	902.446	929.881	954.655	917.703
381	933.594	908.953	932.021	900.453	896.122	907.203	916.110	909.423	904.900	923.342	958.319	925.005
382	939.090	913.723	927.983	918.338	902.420	914.663	917.617	908.828	908.566	932.476	957.405	921.140
383	935.022	922.891	937.902	925.847	900.820	910.815	919.082	915.227	910.551	930.085	935.559	950.035
384	942.714	933.813	945.202	920.945	898.690	926.022	917.063	929.044	899.524	936.033	944.570	949.421
385	930.031	932.560	927.459	920.720	904.618	909.753	924.268	918.161	904.600	953.030	953.085	929.337
386	946.062	927.196	931.747	909.236	908.819	914.596	920.352	922.034	932.491	936.917	948.655	955.761
387	928.973	913.594	937.329	932.753	909.271	914.779	913.236	927.225	941.705	945.250	950.976	960.135
388	947.755	930.572	969.481	949.289	930.061	917.839	917.549	932.540	948.812	939.891	952.474	947.895
389	942.842	926.079	958.853	931.620	934.716	926.387	924.688	928.663	970.897	954.179	945.357	951.936
