 	Profile_Slice_1	Profile_Slice_2	Profile_Slice_3	Profile_Slice_4	Profile_Slice_5	Profile_Slice_6	Profile_Slice_7	Profile_Slice_8	Profile_Slice_9
1	463.000	461.000	407.000	420.000	402.000	430.000	457.000	457.000	437.000
2	427.040	437.416	463.788	448.176	406.410	467.028	477.720	485.741	447.447
3	442.397	456.920	459.265	429.799	403.450	444.638	473.564	473.981	449.614
4	463.875	491.774	420.765	453.679	434.563	444.444	437.798	463.307	463.638
5	452.834	436.723	469.259	439.700	401.726	425.510	501.773	496.883	454.102
6	431.063	453.375	483.847	419.693	397.044	446.136	473.499	450.453	437.608
7	423.536	464.835	480.341	433.786	423.057	481.512	443.058	422.173	437.115
8	454.250	446.071	482.286	446.929	437.571	434.679	446.714	450.607	435.357
9	446.875	456.988	461.058	434.443	394.350	444.399	469.601	466.668	446.055
10	458.749	412.420	433.585	437.213	412.555	420.133	433.966	430.127	391.743
11	428.063	447.066	415.593	440.329	466.615	426.230	431.114	450.955	422.506
12	464.927	489.757	448.609	410.440	467.031	444.910	445.103	444.294	422.407
13	469.942	490.668	441.458	455.840	432.496	436.880	446.930	453.257	414.927
14	435.799	454.889	459.877	423.313	453.047	419.153	433.038	423.624	424.762
15	423.214	451.786	445.143	439.071	446.000	426.286	417.286	458.929	435.071
16	407.415	426.802	421.084	422.117	443.737	428.110	420.678	447.420	398.130
17	391.845	461.778	434.335	409.181	456.886	433.644	431.099	437.904	410.073
18	401.607	451.265	446.544	449.141	441.291	425.198	417.230	423.059	408.520
19	424.577	449.536	491.586	468.656	449.124	441.536	431.386	414.773	399.146
20	400.685	440.930	455.897	466.894	431.937	397.818	405.298	400.504	417.904
21	422.262	445.257	457.717	449.662	453.087	425.242	437.536	417.367	417.525
22	431.214	451.964	435.179	425.214	439.536	432.429	438.929	438.214	416.071
23	449.997	410.771	424.109	449.461	464.759	445.974	429.872	458.816	412.087
24	396.685	471.691	435.254	484.907	427.665	435.377	428.134	436.179	437.763
25	398.933	468.466	454.773	488.563	424.408	438.370	420.627	440.531	417.930
26	406.571	469.450	443.571	509.690	466.907	458.848	432.372	421.706	444.337
27	413.983	431.958	439.856	486.825	502.927	452.762	443.876	386.862	450.159
28	413.257	446.591	447.864	493.410	470.286	437.896	443.876	416.033	430.246
29	387.714	468.571	474.429	474.571	461.857	452.286	447.571	404.857	430.143
30	397.597	453.750	435.936	522.190	483.457	483.704	423.949	442.859	436.621
31	400.729	402.934	452.678	519.732	481.606	472.334	449.662	449.722	428.681
32	425.235	452.195	398.180	451.327	497.480	438.308	458.544	429.322	430.378
33	407.341	431.254	430.090	432.466	472.006	428.478	473.292	460.895	431.402
34	416.335	421.698	428.575	434.093	472.560	438.201	492.572	467.109	447.373
35	440.168	394.985	410.603	381.978	451.942	418.281	486.711	462.213	436.818
36	406.393	390.821	386.571	356.357	486.286	378.429	507.893	455.250	438.214
37	431.169	366.933	370.566	373.251	468.758	411.082	486.688	420.178	419.023
38	475.832	338.466	380.426	376.499	443.336	421.434	463.356	429.402	432.170
39	403.031	389.927	416.458	346.395	424.313	384.316	460.783	407.229	415.179
40	418.445	384.440	399.121	359.483	404.445	393.853	432.959	405.668	427.215
41	384.589	381.201	389.706	372.216	398.720	373.347	424.426	418.245	439.230
42	396.279	349.870	383.329	368.450	359.211	375.265	388.661	389.005	453.757
43	391.071	372.071	382.571	332.357	354.643	357.214	375.643	417.000	447.071
44	403.227	356.483	366.085	341.811	350.297	346.107	380.259	400.846	407.055
45	362.315	358.102	359.962	330.569	325.988	351.108	384.662	402.484	412.662
46	344.808	393.355	377.407	326.481	345.240	359.864	363.191	373.542	395.257
47	398.332	337.914	375.538	318.831	322.117	338.921	333.468	362.886	382.886
48	351.138	322.426	376.944	327.273	314.660	349.039	337.531	365.402	375.265
49	356.195	325.020	339.341	302.872	315.927	330.300	337.099	328.802	374.761
50	340.750	302.500	344.250	317.500	341.750	321.250	337.000	348.500	378.250
51	344.923	325.364	327.494	304.297	336.873	316.162	353.589	351.580	355.369
52	342.972	320.214	336.614	311.251	296.705	299.612	341.477	377.566	345.448
53	334.522	308.802	333.828	318.426	305.522	292.886	341.644	347.519	354.563
54	350.716	299.414	345.507	309.905	317.629	293.789	317.767	299.881	358.195
55	322.552	313.397	309.491	305.286	309.803	285.259	306.917	318.012	359.121
56	323.560	319.087	291.446	323.636	318.061	296.790	286.793	332.253	361.340
57	325.714	297.571	287.714	292.571	317.143	317.714	254.714	315.286	303.571
58	297.691	297.652	310.507	303.175	292.603	297.974	289.373	316.572	332.452
59	315.099	305.194	303.532	315.246	296.318	291.592	312.735	323.236	324.620
60	302.754	293.157	300.416	301.304	317.347	275.761	334.583	308.058	328.660
61	298.184	292.723	305.787	264.347	291.501	299.563	277.437	315.131	305.729
62	302.465	303.974	299.488	307.560	297.401	292.796	285.628	287.467	309.430
63	295.688	300.160	306.261	294.478	298.230	287.494	287.214	322.456	308.057
64	317.000	299.571	313.893	306.643	288.857	273.679	285.679	313.893	283.321
65	288.461	310.367	324.878	306.289	281.385	297.904	311.717	295.840	285.741
66	302.466	304.997	304.222	295.685	307.732	271.335	305.555	310.938	289.921
67	309.363	284.589	304.918	283.636	279.822	266.643	274.297	307.197	299.523
68	299.652	301.724	297.488	279.698	279.710	268.749	300.265	281.687	284.784
69	286.172	286.120	339.621	252.035	287.155	261.117	275.370	282.093	301.615
70	291.226	294.921	298.113	259.515	285.101	286.024	259.478	268.764	322.219
71	277.429	285.143	283.071	271.071	273.786	285.000	275.857	274.857	302.714
72	262.606	284.638	283.203	285.416	255.576	298.307	296.882	281.694	279.790
73	292.711	273.105	272.178	285.583	307.446	265.595	292.017	264.755	305.956
74	285.794	294.761	276.685	275.152	282.905	277.570	265.946	278.800	309.845
75	288.510	296.955	259.166	269.525	273.910	299.313	253.131	281.227	299.542
76	275.840	283.101	296.601	257.408	264.795	261.999	323.025	269.953	291.888
77	270.289	258.496	263.096	280.044	272.813	281.548	254.656	273.901	293.242
78	257.714	273.107	256.357	259.286	275.964	290.679	262.964	279.536	286.714
79	285.576	285.516	277.652	256.751	283.902	269.738	280.192	280.665	282.404
80	280.714	269.827	267.938	264.399	238.802	268.800	271.211	264.173	268.634
81	264.050	261.134	280.860	271.012	263.959	255.443	256.822	271.665	257.079
82	281.979	287.016	289.528	260.730	288.641	248.350	233.093	299.271	274.295
83	283.192	262.857	278.345	245.711	277.851	242.810	265.714	262.402	279.528
84	275.763	259.714	258.261	223.673	263.254	265.570	290.767	269.200	262.284
85	249.429	269.714	266.714	249.429	254.857	221.143	255.286	298.857	284.000
86	256.647	261.870	282.238	263.434	261.544	241.664	249.844	269.447	269.748
87	264.038	270.745	258.452	257.624	260.424	254.372	256.698	246.962	265.939
88	277.292	249.552	282.077	263.778	241.130	242.501	259.217	263.958	275.092
89	249.601	283.892	264.656	251.367	258.248	273.332	263.612	278.962	263.399
90	242.461	275.856	256.924	251.739	266.544	248.601	254.225	257.666	257.393
91	286.927	271.974	257.969	278.793	255.577	218.834	232.717	272.299	307.700
92	264.429	249.857	257.107	255.214	269.786	225.357	241.286	250.464	274.571
93	259.536	263.793	259.399	240.930	259.271	244.140	247.341	251.854	253.306
94	259.879	257.956	278.839	250.103	237.796	241.960	259.323	258.872	244.218
95	245.638	230.226	256.483	255.115	245.688	229.796	273.646	240.802	254.025
96	257.700	231.841	245.559	258.260	243.629	254.589	264.929	257.010	258.267
97	244.157	241.353	248.058	251.335	231.029	226.429	251.160	250.350	253.233
98	233.864	249.402	267.888	234.810	253.047	240.141	248.149	257.141	242.006
99	252.500	239.500	256.500	234.000	226.000	250.000	259.000	234.000	253.500
100	255.977	255.558	265.589	249.531	227.698	256.190	257.200	244.478	251.290
101	265.391	255.227	261.927	242.350	246.638	245.691	251.708	260.758	237.335
102	257.060	258.619	244.816	230.176	246.801	225.926	238.657	252.508	249.391
103	275.442	238.719	242.510	217.614	230.991	241.685	228.245	240.115	241.757
104	255.391	244.047	258.878	236.698	230.802	265.372	219.024	227.530	246.888
105	237.685	243.892	253.784	249.886	241.601	232.143	223.047	245.364	254.257
106	237.821	244.393	248.286	257.000	237.214	219.250	227.821	250.250	236.250
107	237.637	233.643	230.793	226.496	219.741	209.383	225.873	225.456	243.042
108	259.409	224.488	236.122	241.496	241.206	231.460	237.876	231.879	238.714
109	263.242	246.545	257.927	245.192	259.122	242.297	251.808	236.822	236.668
110	246.259	245.680	261.017	232.176	261.617	196.725	249.539	251.025	262.698
111	247.759	273.490	270.233	221.810	240.283	245.060	256.394	253.210	241.968
112	237.493	250.060	246.551	231.606	225.736	245.233	264.222	249.919	251.910
113	226.143	249.571	230.857	232.857	235.857	225.714	255.714	255.714	254.000
114	234.402	249.849	238.765	232.028	242.061	240.519	235.339	235.268	247.351
115	238.523	233.614	237.813	232.242	243.560	237.751	231.347	266.258	244.413
116	238.813	238.126	244.273	233.302	251.029	224.133	230.827	253.071	249.611
117	241.913	251.866	231.752	216.268	220.630	214.988	223.437	236.956	225.927
118	223.331	270.440	222.654	228.359	230.484	236.007	236.190	242.737	229.025
119	204.754	238.494	215.720	230.876	213.996	220.354	241.165	256.402	234.048
120	227.750	254.286	234.071	219.964	236.964	224.607	226.929	238.464	241.821
121	220.974	238.044	239.860	230.105	223.872	218.017	246.262	228.382	243.659
122	228.632	221.903	233.258	223.267	271.906	208.834	242.698	245.506	249.132
123	230.000	232.531	234.536	225.538	220.194	244.571	218.905	232.267	248.335
124	233.687	249.004	229.287	213.470	226.754	241.041	217.861	245.064	238.219
125	231.216	245.364	230.915	204.653	251.662	226.560	223.239	259.335	226.787
126	237.886	230.560	249.300	232.107	221.487	224.176	216.529	238.635	235.967
127	233.571	219.714	232.357	229.857	238.929	222.500	229.786	234.000	236.214
128	226.001	220.335	214.100	238.213	238.454	234.405	229.122	219.602	213.430
129	226.507	218.746	229.953	255.918	229.117	240.741	227.029	212.863	233.455
130	234.140	225.222	232.468	226.873	210.445	237.272	210.687	237.100	233.297
131	240.888	239.787	224.437	213.106	226.019	232.255	204.786	238.650	227.373
132	223.897	256.294	206.316	218.241	249.198	213.419	198.533	212.025	226.500
133	246.819	202.889	241.641	212.752	235.187	223.930	212.542	207.370	232.606
134	234.214	217.357	235.786	230.071	235.679	225.036	217.286	200.964	234.036
135	246.341	221.729	233.726	226.536	239.751	219.249	215.726	209.494	233.418
136	248.633	234.448	206.892	229.474	245.024	230.809	221.259	206.650	229.535
137	221.455	226.108	202.417	208.029	220.321	226.227	220.983	231.292	224.076
138	213.713	219.552	220.539	233.130	223.185	216.920	204.883	202.691	229.769
139	213.125	219.783	224.115	229.171	215.229	200.761	213.880	216.394	228.988
140	210.415	220.872	221.851	229.896	233.595	200.305	236.937	232.668	213.520
141	227.714	224.286	218.857	230.857	214.429	220.857	225.000	232.714	244.714
142	220.068	213.966	224.794	223.907	224.084	229.615	218.840	209.025	217.163
143	221.513	208.007	227.487	233.687	229.622	231.397	213.977	225.931	210.829
144	211.862	226.737	229.766	203.899	233.415	232.716	229.856	236.512	201.165
145	208.464	212.528	212.720	209.761	232.134	218.140	223.090	225.991	215.038
146	223.755	221.098	212.469	206.179	231.706	212.576	220.660	204.672	220.404
147	226.224	211.786	217.061	213.000	220.299	216.063	224.354	219.184	212.200
148	201.000	215.250	206.000	213.500	235.250	235.250	228.750	204.000	210.750
149	207.070	229.096	216.848	211.455	218.688	218.140	206.233	207.297	221.257
150	219.700	222.219	235.874	221.824	198.254	214.744	225.001	206.435	249.941
151	246.972	243.146	243.010	231.899	215.650	213.453	237.754	230.136	214.599
152	214.767	232.120	220.593	217.436	241.603	220.438	212.111	221.905	233.431
153	222.889	219.032	215.997	232.499	215.341	214.175	214.478	211.490	220.665
154	215.246	213.290	219.292	220.808	228.634	199.993	204.466	223.848	223.839
155	216.071	215.071	218.429	206.857	222.643	219.000	229.429	242.500	227.071
156	237.079	213.066	207.414	222.037	220.888	218.808	222.443	235.912	190.961
157	228.810	229.866	225.805	236.959	214.341	218.735	234.974	240.327	211.157
158	212.396	222.267	219.281	229.844	230.654	212.259	215.652	221.625	227.331
159	223.144	210.628	224.241	215.555	224.223	218.013	206.278	219.296	220.624
160	213.845	205.915	207.047	205.014	226.584	203.940	208.725	211.209	214.136
161	211.248	216.813	218.052	202.790	221.382	202.778	226.569	209.703	219.344
162	205.786	231.000	220.036	231.929	235.893	205.429	233.321	214.964	209.107
163	216.420	221.090	234.897	242.446	236.013	211.096	244.691	187.302	209.504
164	231.418	215.754	208.614	215.253	218.682	215.055	218.005	218.658	214.526
165	216.545	224.134	215.933	222.872	224.499	211.318	210.627	236.758	224.122
166	205.824	241.562	202.253	209.992	215.372	211.637	214.777	249.808	241.796
167	194.742	237.630	215.898	227.137	215.991	198.687	209.662	213.287	213.324
168	187.063	229.075	240.864	236.389	222.186	211.595	213.210	222.841	212.518
169	211.143	220.143	230.000	225.571	225.286	211.000	198.286	228.000	238.000
170	202.066	203.469	218.161	206.483	225.958	194.389	209.477	195.784	215.332
171	208.494	216.453	213.886	189.448	222.089	195.402	214.878	206.676	202.943
172	200.699	218.067	226.415	207.165	213.492	200.456	232.729	210.939	212.596
173	202.945	213.953	240.277	215.531	208.939	209.026	201.659	222.125	205.688
174	197.111	226.461	220.557	220.015	204.835	211.648	206.991	226.170	205.538
175	211.022	220.653	191.395	199.462	223.751	212.370	214.471	219.061	196.006
176	232.393	197.286	198.536	212.893	210.179	228.857	207.179	209.214	207.714
177	220.942	206.047	204.595	224.283	210.939	214.120	204.813	205.735	203.633
178	226.294	223.836	208.332	225.285	253.039	218.074	217.102	213.184	207.380
179	244.300	232.477	206.867	217.109	237.348	208.570	212.673	229.122	215.570
180	228.960	220.894	212.160	217.822	224.042	197.612	205.380	211.007	217.219
181	223.956	220.939	223.155	220.073	233.093	206.915	213.595	207.437	215.980
182	216.331	216.464	199.289	204.962	218.615	212.627	211.261	207.023	226.668
183	205.714	196.643	209.286	217.643	204.929	210.643	190.143	227.429	223.857
184	225.338	192.576	213.364	211.240	213.343	205.642	205.640	217.235	223.409
185	187.700	214.945	211.309	211.318	202.353	204.233	218.980	207.717	209.137
186	178.235	209.561	221.514	206.714	227.767	204.421	223.549	217.579	220.864
187	206.735	223.720	237.429	207.162	210.873	217.385	203.580	238.630	211.060
188	213.285	227.059	238.816	214.810	216.189	219.257	192.540	236.291	206.616
189	225.338	219.385	235.510	219.606	200.726	198.289	190.012	233.714	211.933
190	229.786	224.929	206.607	222.714	204.464	226.357	196.071	231.607	222.857
191	190.106	224.679	205.706	211.259	199.659	225.561	226.682	198.203	210.620
192	196.243	220.375	210.848	198.631	204.025	199.516	212.202	207.670	203.616
193	206.292	222.746	199.166	212.414	205.656	194.694	206.711	204.224	208.061
194	211.455	221.139	207.401	212.460	217.646	226.051	200.604	212.791	220.923
195	211.848	228.402	205.357	208.058	213.799	217.155	198.198	203.012	219.166
196	207.195	236.305	207.289	222.114	201.557	219.312	188.032	220.747	225.250
197	190.000	184.000	191.000	231.000	201.000	205.000	210.000	214.000	213.000
198	209.249	209.249	215.146	197.136	209.900	206.751	216.287	214.544	203.051
199	241.045	241.045	223.140	228.679	219.991	205.276	212.011	225.157	221.962
200	232.879	232.879	219.662	223.434	199.153	203.299	216.947	228.382	232.909
201	228.267	228.267	233.732	211.654	204.271	201.987	217.036	217.445	230.456
202	214.894	214.894	209.145	201.812	206.474	217.159	199.614	207.458	203.827
203	221.352	221.352	232.941	231.018	254.021	184.303	233.519	211.810	218.996
204	220.564	220.564	236.319	226.319	217.132	209.574	196.995	202.214	211.727
205	209.379	209.379	219.994	222.846	198.852	218.201	210.645	215.178	226.189
206	219.660	219.660	211.309	221.142	203.228	214.730	213.637	228.115	220.466
207	219.700	219.700	199.764	226.353	220.539	202.291	204.063	204.245	221.574
208	230.759	230.759	214.565	226.812	220.431	219.535	203.750	223.908	244.416
209	193.702	193.702	232.675	203.298	223.360	198.426	225.990	213.734	223.848
210	212.959	212.959	211.083	193.595	211.257	205.389	212.234	207.388	204.644
211	212.169	212.169	206.080	205.606	206.954	204.971	221.133	211.452	207.305
212	224.681	224.681	212.764	195.937	219.575	199.030	224.124	231.299	221.939
213	225.987	225.987	210.684	186.081	220.819	201.787	213.413	200.403	236.392
214	244.104	244.104	217.917	235.131	227.632	209.501	225.065	214.910	197.655
215	238.854	238.854	214.994	212.491	214.065	212.704	214.170	226.599	193.515
216	218.803	218.803	211.525	211.888	218.526	209.342	200.081	208.968	208.003
217	232.659	232.659	219.816	207.585	226.843	207.046	209.349	224.015	223.233
218	226.290	226.290	209.429	221.489	203.249	210.124	220.207	216.905	213.336
219	211.855	211.855	207.823	222.995	194.334	218.507	219.426	203.954	208.140
220	223.483	223.483	211.404	215.517	210.570	216.138	203.367	207.116	197.973
221	222.916	222.916	220.969	191.509	233.312	213.226	203.033	205.455	200.166
222	209.000	209.000	230.000	217.000	209.000	218.000	202.000	209.000	214.000
