 	Profile_Slice_1	Profile_Slice_2	Profile_Slice_3	Profile_Slice_4	Profile_Slice_5	Profile_Slice_6	Profile_Slice_7
1	821.035	821.035	811.075	820.822	806.699	776.075	800.021
2	806.417	806.417	815.124	803.441	789.286	788.598	780.653
3	811.750	811.750	802.423	803.491	789.837	787.341	767.424
4	820.674	820.674	801.050	792.828	807.199	786.504	790.321
5	796.197	796.197	783.100	792.555	791.935	783.935	778.286
6	803.720	803.720	785.283	786.561	799.190	801.062	792.799
7	807.883	807.883	786.187	791.414	788.878	786.818	793.590
8	805.205	805.205	809.232	800.878	805.833	789.028	781.870
9	787.062	787.062	790.961	810.603	803.370	793.591	772.055
10	807.412	807.412	814.466	799.804	789.691	784.807	791.766
11	806.507	806.507	806.497	791.265	795.872	789.367	792.035
12	803.729	803.729	805.421	789.610	786.786	801.199	793.495
13	811.633	811.633	816.150	792.932	788.242	817.010	794.056
14	801.806	801.806	807.635	795.415	790.719	794.568	782.050
15	806.393	806.393	814.224	787.988	780.347	780.754	797.388
16	819.655	819.655	805.398	782.536	787.305	783.221	780.868
17	808.036	808.036	800.576	780.557	792.307	779.800	783.532
18	817.057	817.057	784.994	780.748	783.654	765.634	791.627
19	815.176	815.176	812.304	769.816	773.178	787.778	788.680
20	795.845	795.845	781.540	787.341	776.848	778.747	796.944
21	797.956	797.956	791.008	777.508	789.168	771.117	790.318
22	805.596	805.596	763.429	781.694	798.462	770.072	775.093
23	799.312	799.312	780.358	796.696	805.256	764.791	765.225
24	797.215	797.215	791.467	791.756	777.268	769.248	762.757
25	773.475	773.475	801.999	770.171	777.280	775.029	769.728
26	780.895	780.895	787.451	784.725	763.583	781.437	783.577
27	799.129	799.129	792.807	771.186	786.080	769.256	782.360
28	803.200	803.200	799.549	789.451	784.430	777.760	767.846
29	806.475	806.475	804.979	796.079	779.544	767.138	767.823
30	803.510	803.510	804.775	774.940	774.241	781.607	761.652
31	811.838	811.838	790.418	782.608	786.459	780.892	765.750
32	802.337	802.337	793.650	800.892	788.117	781.368	779.695
33	796.078	796.078	802.312	802.573	769.209	780.645	778.019
34	792.574	792.574	805.303	785.338	785.526	785.504	766.615
35	792.873	792.873	824.326	796.569	791.216	785.978	769.349
36	787.313	787.313	803.397	785.774	782.057	796.320	775.538
37	794.905	794.905	799.823	781.588	777.917	805.462	793.946
38	807.006	807.006	814.370	799.086	790.268	816.610	783.196
39	795.954	795.954	808.151	785.187	792.589	796.295	778.345
40	787.320	787.320	809.710	805.720	804.246	805.580	787.512
41	794.908	794.908	812.829	806.250	803.920	805.933	777.923
42	785.515	785.515	800.764	796.551	809.433	803.441	798.410
43	766.470	766.470	807.958	792.290	805.277	796.405	794.387
44	776.897	776.897	798.212	808.058	804.395	806.380	786.938
45	775.129	775.129	792.684	799.881	804.273	799.491	810.918
46	797.931	797.931	790.673	780.274	791.359	798.451	793.191
47	785.332	785.332	787.896	792.492	791.002	783.501	786.871
48	793.581	793.581	786.909	805.630	792.328	790.132	778.226
49	785.211	785.211	796.908	791.055	789.971	809.019	793.499
50	783.026	783.026	806.041	769.656	780.360	790.862	773.808
51	777.485	777.485	806.192	771.228	786.032	788.199	781.718
52	794.257	794.257	808.497	789.027	798.625	792.743	773.136
53	782.932	782.932	798.194	785.655	795.509	790.034	786.106
54	778.985	778.985	798.512	797.527	797.591	787.920	778.162
55	781.341	781.341	808.267	796.559	802.365	802.428	777.906
56	788.123	788.123	783.743	778.260	807.815	794.439	796.495
57	770.246	770.246	784.920	792.466	793.726	781.938	790.527
58	752.867	752.867	787.402	770.819	792.227	781.829	789.860
59	747.663	747.663	781.853	789.320	788.623	785.155	792.682
60	744.442	744.442	763.549	801.722	769.570	771.556	785.016
61	751.267	751.267	753.566	786.585	774.397	763.158	781.130
62	749.015	749.015	750.134	774.276	747.113	747.203	779.054
63	745.501	745.501	757.181	765.876	763.773	743.419	772.037
64	747.236	747.236	751.319	762.356	760.809	746.955	758.445
65	763.941	763.941	750.634	754.335	729.594	752.714	772.231
66	744.377	744.377	751.905	757.267	750.160	742.449	757.267
67	741.267	741.267	759.674	762.251	750.967	738.993	741.441
68	735.863	735.863	756.802	760.850	753.913	745.792	732.183
69	733.750	733.750	745.566	742.604	750.265	743.573	725.300
70	725.528	725.528	741.586	748.153	744.310	733.718	734.626
71	722.470	722.470	727.560	746.209	743.896	736.040	745.490
72	711.718	711.718	718.716	734.813	747.196	724.467	730.915
73	716.823	716.823	735.487	746.361	729.360	724.496	717.252
74	710.043	710.043	726.979	745.886	728.632	735.984	712.317
75	698.658	698.658	739.056	746.048	721.332	720.657	711.685
76	699.967	699.967	722.913	724.774	721.399	723.034	725.007
77	721.351	721.351	707.971	729.877	718.457	716.616	719.109
78	709.209	709.209	725.741	733.046	714.650	711.021	719.400
79	717.918	717.918	730.117	724.157	698.366	713.363	702.312
80	712.595	712.595	708.413	720.031	701.017	707.183	706.921
81	715.207	715.207	725.721	715.069	697.855	690.697	703.421
82	706.867	706.867	735.154	712.036	698.367	703.273	682.546
83	717.424	717.424	726.154	709.099	692.453	697.934	691.536
84	706.840	706.840	706.089	707.975	701.056	690.217	694.579
85	701.020	701.020	702.337	703.081	708.444	684.360	688.308
86	691.201	691.201	688.633	680.744	696.558	686.821	682.969
87	686.291	686.291	685.913	694.421	700.795	678.797	673.953
88	674.161	674.161	675.724	692.931	688.827	660.528	663.394
89	665.534	665.534	676.790	704.141	696.381	665.737	660.161
90	673.416	673.416	682.145	694.355	681.738	671.234	662.513
91	661.403	661.403	670.488	678.882	679.742	666.949	674.141
92	664.363	664.363	667.342	668.376	669.944	640.728	651.952
93	651.999	651.999	661.355	671.442	667.837	629.314	638.282
94	642.272	642.272	669.157	646.431	661.606	619.041	638.563
95	649.494	649.494	664.327	645.258	647.709	613.406	623.131
96	634.349	634.349	651.016	660.737	634.405	634.780	629.528
97	629.702	629.702	650.167	651.647	641.249	631.672	611.624
98	638.922	638.922	638.713	644.011	645.542	623.297	616.066
99	633.558	633.558	640.132	642.079	641.670	620.134	617.937
100	635.817	635.817	622.548	641.634	633.935	624.743	612.725
101	635.654	635.654	626.062	629.881	630.826	614.358	616.022
102	612.361	612.361	633.001	642.184	623.505	617.752	624.230
103	634.045	634.045	644.242	634.277	626.552	607.280	620.615
104	621.417	621.417	627.515	625.870	635.624	621.943	614.353
105	621.685	621.685	637.560	640.040	633.625	607.042	612.689
106	635.482	635.482	625.361	626.680	627.057	609.356	614.515
107	647.860	647.860	616.830	627.675	629.447	617.188	608.068
108	659.553	659.553	640.201	613.897	626.962	594.849	595.274
109	630.001	630.001	640.575	622.767	614.755	591.867	599.491
110	623.729	623.729	643.106	611.477	608.595	580.527	573.311
111	628.633	628.633	642.036	613.637	611.385	575.837	574.963
112	629.332	629.332	620.342	612.084	595.445	551.828	583.501
113	629.975	629.975	625.857	615.616	603.915	577.545	580.853
114	616.278	616.278	620.512	600.871	594.758	558.794	570.349
115	611.953	611.953	597.260	584.766	578.811	562.229	556.410
116	600.731	600.731	606.340	587.935	568.842	553.338	544.262
117	586.131	586.131	595.128	581.139	556.543	556.288	545.440
118	584.965	584.965	589.725	581.099	558.745	547.907	549.593
119	563.913	563.913	573.301	576.801	539.777	545.951	542.385
120	560.079	560.079	561.470	557.099	530.502	521.463	537.274
121	559.927	559.927	562.073	550.894	542.933	526.406	535.898
122	546.037	546.037	566.851	545.853	544.510	543.109	532.240
123	543.385	543.385	563.270	538.508	543.025	537.226	545.881
124	539.829	539.829	548.044	536.123	535.616	524.395	542.186
125	531.677	531.677	539.062	534.135	530.544	529.764	525.886
126	531.997	531.997	537.741	529.580	529.728	525.159	524.978
127	525.949	525.949	519.666	517.565	530.063	525.549	528.150
128	527.975	527.975	532.206	518.616	532.249	513.139	523.705
129	537.607	537.607	523.024	523.100	528.684	524.952	529.455
130	522.195	522.195	518.051	531.567	521.017	521.433	523.806
131	510.116	510.116	521.989	515.918	517.444	519.277	524.874
132	510.098	510.098	513.845	517.444	511.641	505.980	520.083
133	515.908	515.908	521.838	518.991	519.151	514.346	518.338
134	523.177	523.177	520.550	525.746	514.937	502.539	514.749
135	508.604	508.604	516.679	511.214	521.184	508.221	511.877
136	510.058	510.058	517.797	503.704	523.099	504.888	505.711
137	509.944	509.944	516.503	493.725	509.287	501.222	501.272
138	503.702	503.702	514.814	501.224	501.832	505.013	503.569
139	499.504	499.504	509.704	498.952	506.448	496.214	499.678
140	499.363	499.363	507.582	491.817	503.031	492.581	512.339
141	503.377	503.377	504.299	492.995	502.745	490.666	510.752
142	490.065	490.065	503.857	496.543	498.979	507.908	506.192
143	489.828	489.828	504.392	504.822	505.978	514.235	499.377
144	494.843	494.843	491.181	503.051	498.811	497.091	486.139
145	489.224	489.224	498.493	488.914	489.153	500.876	489.603
146	484.166	484.166	503.309	490.367	489.637	494.356	487.120
147	482.392	482.392	494.912	490.843	492.648	492.055	496.014
148	486.491	486.491	496.368	489.508	490.310	500.077	497.299
149	481.937	481.937	487.621	472.959	487.835	494.434	503.037
150	483.456	483.456	490.509	475.110	486.860	485.793	491.021
151	488.512	488.512	490.029	482.532	482.845	491.967	483.282
152	482.576	482.576	484.009	482.974	488.661	482.233	478.044
153	491.419	491.419	485.610	490.100	489.194	488.953	477.980
154	474.467	474.467	475.432	482.394	477.313	481.708	474.763
155	490.041	490.041	487.132	468.805	474.138	489.628	477.813
156	472.327	472.327	481.148	469.248	481.123	487.823	492.033
157	481.917	481.917	482.867	473.305	478.900	477.764	490.133
158	473.152	473.152	477.913	473.118	471.690	470.936	478.788
159	470.693	470.693	476.639	477.555	479.446	471.113	475.312
160	478.658	478.658	470.435	474.718	473.510	474.501	466.750
161	476.879	476.879	466.697	475.495	480.628	476.533	475.424
162	472.890	472.890	480.920	473.785	472.931	479.811	474.508
163	487.503	487.503	478.637	490.320	470.116	479.815	477.106
164	471.771	471.771	479.828	482.509	470.437	472.457	469.251
165	471.710	471.710	477.470	476.356	466.805	464.039	474.096
166	483.530	483.530	459.136	474.155	475.240	458.095	468.414
167	471.175	471.175	461.976	460.575	469.905	467.215	467.586
168	477.001	477.001	477.364	458.220	476.048	474.940	465.723
169	471.393	471.393	483.254	468.069	475.753	479.280	463.824
170	466.556	466.556	483.631	462.020	468.348	470.718	470.721
171	464.856	464.856	469.742	463.746	463.425	464.453	476.952
172	469.060	469.060	466.591	475.846	478.589	469.319	471.498
173	477.298	477.298	465.595	474.978	465.858	470.335	465.909
174	465.262	465.262	468.493	471.793	473.370	462.764	456.627
175	472.500	472.500	465.388	464.655	468.337	470.976	471.989
176	469.628	469.628	466.670	464.382	472.918	480.320	469.086
177	462.067	462.067	467.777	457.696	462.617	474.061	453.492
178	462.247	462.247	456.145	458.682	474.474	458.754	459.184
179	458.085	458.085	472.642	460.887	472.124	463.027	468.686
180	460.834	460.834	454.996	464.499	468.497	456.971	469.320
181	459.024	459.024	461.829	459.888	471.233	467.802	456.868
182	467.534	467.534	464.549	468.379	469.814	458.006	463.539
183	462.145	462.145	463.968	468.769	464.501	468.906	469.244
184	469.643	469.643	460.513	463.825	465.628	468.405	459.729
185	455.080	455.080	468.763	461.847	452.510	466.205	458.770
186	461.705	461.705	458.112	452.074	456.000	469.218	462.717
187	465.071	465.071	459.908	449.238	459.761	463.886	454.921
188	465.113	465.113	465.821	453.148	458.863	458.772	456.327
189	467.191	467.191	463.697	453.883	454.439	462.731	464.220
190	465.158	465.158	461.062	454.129	458.118	458.837	464.527
191	468.357	468.357	458.776	451.405	450.668	460.906	469.886
192	451.510	451.510	462.077	443.378	453.833	458.411	467.646
193	450.195	450.195	454.097	448.915	453.501	450.194	461.566
194	454.064	454.064	462.651	465.331	449.701	470.062	460.102
195	456.329	456.329	466.335	454.049	454.304	458.378	468.193
196	449.655	449.655	454.336	445.027	447.952	461.684	458.057
197	448.235	448.235	451.964	460.760	459.057	468.491	460.989
198	455.037	455.037	460.121	447.294	453.440	456.561	459.317
199	464.276	464.276	456.692	439.309	456.632	462.904	458.190
200	457.341	457.341	462.592	455.697	459.988	460.887	459.370
201	460.751	460.751	460.229	442.779	460.345	454.525	451.620
202	457.996	457.996	448.742	457.941	458.939	458.247	461.218
203	454.901	454.901	452.340	454.739	455.959	466.796	458.629
204	460.379	460.379	453.634	449.691	459.640	461.232	459.067
205	451.369	451.369	459.292	459.161	455.479	457.073	471.903
206	452.910	452.910	457.619	453.732	457.796	456.561	476.530
207	457.982	457.982	447.752	454.287	463.314	448.726	470.363
208	439.514	439.514	450.065	443.713	462.403	455.026	453.650
209	453.283	453.283	458.368	443.857	453.804	450.668	446.418
210	448.887	448.887	450.527	448.795	450.612	451.010	451.502
211	455.262	455.262	453.276	440.013	440.761	439.425	459.952
212	451.874	451.874	452.156	446.206	462.704	447.404	462.357
213	450.446	450.446	451.991	458.896	458.878	452.525	450.667
214	451.538	451.538	452.545	446.282	456.634	451.545	453.481
215	456.531	456.531	456.270	444.103	452.328	458.415	448.943
216	452.848	452.848	458.271	442.252	447.576	461.639	461.252
217	449.454	449.454	446.306	439.311	448.385	452.319	457.934
218	450.984	450.984	459.176	441.827	450.641	452.159	443.201
219	446.083	446.083	447.184	437.530	454.989	453.136	460.905
220	451.891	451.891	448.294	445.773	457.906	448.232	459.477
221	444.178	444.178	446.746	445.611	450.408	450.263	453.866
222	455.039	455.039	441.445	431.874	442.315	450.819	448.423
223	460.607	460.607	447.786	429.394	451.600	449.817	444.309
224	443.185	443.185	444.142	445.882	452.860	447.040	463.564
225	436.708	436.708	444.960	434.219	456.014	451.793	457.070
226	453.069	453.069	456.033	439.120	453.897	458.992	453.110
227	450.250	450.250	443.614	445.387	450.712	458.705	439.481
228	454.773	454.773	434.974	448.663	449.970	452.216	459.333
229	448.951	448.951	446.890	435.507	446.824	453.160	451.084
230	448.051	448.051	449.206	438.657	444.594	455.574	449.555
231	449.326	449.326	451.490	431.879	437.632	443.982	457.601
232	449.685	449.685	445.416	447.244	444.216	453.752	455.686
233	440.124	440.124	457.622	445.457	455.167	451.806	457.105
234	449.628	449.628	454.176	449.593	457.594	449.761	442.478
235	457.519	457.519	443.722	440.580	451.874	445.597	438.720
236	448.393	448.393	439.748	443.948	445.876	451.817	446.071
237	449.448	449.448	443.282	451.330	455.075	446.529	460.278
238	447.627	447.627	445.835	450.822	457.645	443.603	451.874
239	443.412	443.412	446.118	448.943	454.452	459.441	459.983
240	453.799	453.799	448.706	448.090	444.291	452.928	456.516
241	461.261	461.261	452.995	443.328	449.594	452.909	451.523
242	451.047	451.047	457.084	444.585	448.111	457.875	454.950
243	443.597	443.597	456.388	447.670	447.975	448.643	448.857
244	436.651	436.651	444.062	451.691	458.236	448.841	453.707
245	443.983	443.983	440.998	449.501	449.925	448.193	454.298
246	454.297	454.297	448.247	441.267	446.833	448.660	468.012
247	453.934	453.934	449.378	439.366	458.270	453.658	445.221
248	454.565	454.565	453.081	441.748	454.652	460.125	448.775
249	451.347	451.347	442.379	444.163	440.764	457.946	450.499
250	453.033	453.033	438.750	444.322	445.101	453.530	450.436
251	448.143	448.143	437.592	434.444	449.478	449.679	441.696
252	440.488	440.488	446.164	444.915	449.346	453.393	444.656
253	454.211	454.211	440.539	448.795	443.000	453.060	456.423
254	446.938	446.938	447.911	443.961	447.699	444.714	451.306
255	446.664	446.664	447.021	451.254	440.143	452.136	452.680
256	439.492	439.492	446.840	444.696	441.905	455.061	458.326
257	447.935	447.935	445.237	449.844	446.335	454.147	450.112
258	446.015	446.015	453.989	437.103	445.524	443.035	449.555
259	447.349	447.349	447.374	444.079	443.695	447.997	445.992
260	444.695	444.695	458.851	443.411	445.007	448.398	452.797
261	439.787	439.787	447.717	439.742	446.038	462.214	450.098
262	448.069	448.069	442.312	439.895	447.711	457.382	463.249
263	454.772	454.772	448.662	445.087	443.534	445.510	452.383
264	441.940	441.940	453.716	438.002	451.606	447.712	451.395
265	441.097	441.097	446.196	440.098	445.759	448.410	449.266
266	444.608	444.608	446.481	440.170	451.424	457.323	445.495
267	451.288	451.288	440.534	445.571	446.360	454.375	453.999
268	443.961	443.961	442.182	429.565	443.505	447.215	445.006
269	437.697	437.697	441.462	432.108	437.480	442.917	449.662
270	446.806	446.806	432.110	434.070	449.604	456.063	451.432
271	453.406	453.406	449.823	440.998	451.886	449.170	448.030
272	445.792	445.792	458.969	432.362	439.020	452.826	450.659
273	455.702	455.702	443.735	429.925	449.029	455.066	447.867
274	455.490	455.490	442.467	440.607	451.397	455.809	443.982
275	449.022	449.022	437.175	440.162	449.996	459.493	447.402
276	435.842	435.842	432.306	440.506	447.840	449.397	444.074
277	441.538	441.538	455.862	440.380	447.907	443.175	450.140
278	436.006	436.006	446.525	438.783	453.194	460.734	444.671
279	441.629	441.629	453.804	437.408	451.452	448.853	451.655
280	438.253	438.253	437.147	437.129	438.033	445.575	453.001
281	436.448	436.448	444.761	439.280	435.682	448.878	455.953
282	433.711	433.711	441.409	438.380	451.769	445.805	443.702
283	434.546	434.546	441.444	441.412	448.280	445.863	449.783
284	443.644	443.644	447.550	429.652	442.897	434.360	447.296
285	440.544	440.544	442.344	431.534	437.679	448.858	443.058
286	443.507	443.507	435.752	436.196	435.249	445.172	448.019
287	433.631	433.631	435.570	437.921	442.412	439.471	445.891
