 	Profile_Slice_1	Profile_Slice_2	Profile_Slice_3	Profile_Slice_4	Profile_Slice_5	Profile_Slice_6	Profile_Slice_7	Profile_Slice_8	Profile_Slice_9	Profile_Slice_10	Profile_Slice_11	Profile_Slice_12	Profile_Slice_13	Profile_Slice_14	Profile_Slice_15
1	238.319	242.838	241.343	246.242	247.303	235.084	244.930	243.798	235.611	253.346	228.325	250.252	249.368	248.186	246.277
2	238.454	234.006	243.738	241.762	244.354	245.435	245.529	241.134	241.605	250.206	229.775	251.878	241.385	255.253	241.766
3	235.594	241.073	245.347	250.207	247.053	237.260	252.554	244.032	248.101	243.967	238.141	256.662	246.471	264.911	250.988
4	244.182	241.213	240.539	247.332	246.601	243.257	246.527	242.554	249.709	247.703	238.966	242.601	242.529	245.061	245.556
5	240.039	241.460	247.116	258.045	247.413	252.252	249.917	241.396	250.327	241.899	243.000	247.097	250.969	250.409	249.480
6	239.381	244.160	252.009	252.176	252.739	253.141	252.229	241.899	246.682	242.344	253.698	252.192	246.631	247.735	249.436
7	246.651	243.443	253.887	249.800	250.262	252.827	245.221	253.483	258.386	245.899	242.265	245.783	254.664	248.227	249.110
8	241.450	242.420	253.492	247.719	242.202	245.371	250.782	245.831	248.337	243.427	236.413	257.140	254.400	262.069	248.793
9	246.061	251.438	248.411	247.428	247.035	248.394	248.303	251.537	246.533	245.403	239.369	259.113	250.656	256.094	251.483
10	237.649	253.314	258.004	251.914	244.235	257.977	251.521	254.523	247.940	258.471	249.692	263.254	251.448	257.774	243.500
11	247.872	253.669	259.362	248.963	256.664	255.389	253.253	258.088	255.377	253.826	236.730	264.115	255.877	252.365	252.077
12	248.965	247.109	250.731	255.002	254.812	263.910	250.411	263.794	251.925	249.308	249.119	250.482	262.894	261.473	245.916
13	242.187	246.136	250.088	258.995	257.110	258.582	254.079	259.599	251.262	257.392	243.632	256.312	256.850	256.071	244.206
14	241.854	245.634	254.456	249.098	258.476	256.396	255.651	251.710	251.713	249.800	242.335	258.005	262.165	252.201	247.856
15	248.717	256.094	254.272	258.948	262.570	252.035	260.883	243.944	259.307	248.082	259.800	253.411	255.920	257.110	248.276
16	250.431	252.187	255.950	262.917	262.539	256.727	254.859	253.924	257.432	255.730	254.902	259.420	259.256	247.346	262.819
17	264.335	256.466	251.943	259.959	261.891	262.997	251.156	269.396	260.106	259.550	250.391	267.476	261.426	259.299	247.652
18	257.748	256.104	261.213	258.827	268.321	258.180	268.900	263.272	258.155	258.549	256.597	269.542	256.383	257.064	254.499
19	257.271	253.036	249.667	265.954	260.535	255.732	265.378	250.096	262.254	254.536	252.978	264.742	265.477	260.805	266.229
20	248.263	249.074	254.830	265.778	269.060	251.799	259.360	260.460	258.633	260.846	254.408	261.530	263.426	264.753	257.182
21	261.285	261.211	252.416	264.482	269.771	262.399	255.676	256.832	262.970	257.998	254.475	268.218	269.212	255.726	262.088
22	259.498	259.704	252.661	253.201	270.955	266.258	264.821	263.063	269.900	260.963	259.481	278.688	258.387	256.617	263.770
23	260.184	252.342	251.538	256.099	274.058	260.828	267.056	262.674	268.985	270.167	266.577	269.089	270.636	263.567	266.275
24	260.576	255.427	248.353	253.863	268.711	259.529	274.531	274.751	259.048	261.590	262.362	274.003	271.725	264.327	256.986
25	262.099	263.226	259.077	261.013	278.098	276.066	275.701	275.671	255.121	267.137	269.205	265.728	263.807	270.689	268.112
26	257.275	259.258	264.749	267.582	273.615	274.729	267.099	279.312	259.391	271.763	265.747	274.861	277.094	269.357	268.702
27	259.833	262.023	256.943	269.033	277.001	267.336	279.783	276.752	268.616	277.484	268.588	281.205	270.809	273.787	272.462
28	262.906	273.716	269.670	272.944	278.299	268.185	274.329	261.467	277.498	274.844	266.719	284.838	265.766	272.146	271.744
29	266.830	271.587	274.342	274.874	270.801	267.354	276.286	269.839	268.295	277.633	263.518	282.812	270.912	273.912	260.723
30	266.195	275.310	271.852	278.064	277.045	267.900	272.576	269.825	265.868	278.763	271.609	281.604	273.754	273.309	272.944
31	275.421	280.626	270.817	273.970	271.898	268.890	275.802	277.357	268.930	276.110	271.697	271.693	280.680	273.322	269.181
32	279.106	274.180	278.264	279.455	275.916	279.995	279.322	281.664	280.082	273.046	269.564	277.375	281.838	273.724	278.412
33	272.423	274.064	268.759	276.376	277.959	278.444	279.817	282.098	277.582	273.253	271.404	279.927	281.981	278.398	281.932
34	274.911	267.167	270.428	278.393	289.423	277.737	289.592	282.553	282.292	272.312	263.808	278.064	291.196	281.364	275.896
35	274.197	268.671	272.443	283.462	278.812	275.081	284.802	280.108	285.550	282.107	267.470	283.157	291.830	281.766	269.034
36	276.298	280.405	273.008	288.998	287.954	284.593	284.968	284.191	278.746	278.047	268.082	295.277	288.103	282.303	276.417
37	275.694	288.763	280.550	294.794	291.937	284.579	292.399	290.257	284.875	285.436	282.023	288.823	287.845	290.700	273.742
38	284.295	283.826	284.886	290.638	297.662	290.668	281.812	292.084	289.004	282.476	286.940	292.809	285.348	289.838	283.928
39	288.024	281.579	279.406	287.790	291.040	292.681	282.786	299.704	286.795	287.762	280.520	293.437	285.547	291.476	289.199
40	289.205	290.542	288.343	284.225	301.174	291.257	288.538	294.924	294.791	290.478	290.246	288.672	293.846	292.306	287.592
41	295.099	295.151	291.544	289.743	308.569	299.065	286.744	298.522	293.684	299.825	276.187	301.507	302.281	301.544	285.953
42	286.906	280.454	289.458	297.647	299.767	294.500	287.019	297.805	301.246	285.998	281.975	294.840	291.267	301.030	287.673
43	288.026	289.800	299.812	303.347	297.218	300.624	302.394	301.949	295.541	285.770	288.278	305.290	301.188	292.425	300.884
44	291.306	290.207	297.070	303.057	296.859	298.409	296.541	303.412	292.908	302.702	299.460	307.781	303.741	288.897	306.523
45	295.755	292.062	301.741	303.195	304.490	291.884	295.144	295.508	305.814	304.832	300.957	305.573	304.880	300.109	293.626
46	294.600	288.887	297.165	310.842	308.652	301.856	292.250	298.573	302.743	306.509	294.173	323.869	302.126	304.147	289.973
47	299.108	296.784	300.018	316.630	307.881	311.184	298.514	302.673	309.381	324.521	302.985	319.336	305.965	309.327	297.510
48	297.263	302.447	303.057	315.460	310.956	315.320	309.582	308.255	312.192	318.440	297.985	319.251	299.948	315.198	302.046
49	306.640	295.488	311.861	313.633	316.609	319.914	307.317	321.059	314.242	311.497	306.610	325.184	308.893	332.087	300.993
50	310.092	293.856	302.123	317.172	317.075	317.264	310.480	313.724	323.077	326.991	321.291	320.502	309.956	328.843	301.392
51	313.468	305.489	297.841	319.988	319.596	314.773	311.573	314.755	325.241	316.948	314.788	318.641	316.806	311.069	308.547
52	308.951	311.784	309.812	315.855	314.692	327.799	315.303	315.627	323.055	317.630	312.823	318.892	319.975	310.878	315.335
53	318.991	326.123	301.651	325.100	321.598	329.308	324.462	320.218	313.182	318.564	325.959	323.496	323.010	315.611	315.171
54	316.483	308.019	310.390	338.116	335.952	330.735	310.933	323.379	323.113	312.140	327.188	320.367	317.174	316.373	311.253
55	320.447	315.906	317.279	331.973	336.003	332.398	321.267	326.070	334.199	326.852	309.661	322.859	319.965	322.140	328.654
56	324.132	320.603	321.199	325.467	333.648	331.051	325.588	329.411	330.623	328.597	321.411	328.263	329.126	323.480	317.453
57	320.072	334.687	312.981	341.809	342.012	329.718	328.752	327.597	332.822	327.563	327.836	334.355	338.646	319.492	321.762
58	313.804	320.681	315.851	341.877	342.240	322.187	326.237	336.105	339.664	335.939	326.596	333.516	327.275	329.563	321.441
59	311.296	320.080	325.525	345.108	338.470	329.845	337.671	342.509	339.038	332.848	331.053	345.195	329.130	331.925	336.452
60	331.687	326.680	342.339	345.096	344.111	345.803	333.036	342.745	339.760	332.153	344.260	347.572	349.446	337.734	325.079
61	343.941	341.325	345.825	356.416	356.235	360.365	348.247	349.586	345.505	355.944	346.480	346.332	343.856	343.309	334.156
62	339.029	346.577	341.439	353.423	354.795	343.011	349.736	346.839	354.042	338.719	343.169	353.099	366.393	341.633	340.960
63	348.193	339.458	350.987	349.145	355.948	348.745	343.717	351.390	345.525	346.037	343.347	357.612	353.635	345.172	337.147
64	338.453	339.801	335.710	347.140	359.623	352.682	348.367	359.655	354.034	357.033	349.713	355.319	349.897	343.117	324.751
65	349.168	347.272	350.889	365.827	362.751	374.683	334.334	364.502	355.752	350.310	352.569	360.211	354.527	350.947	352.349
66	352.193	357.293	365.042	372.017	372.255	359.826	356.302	367.834	352.638	359.340	346.916	372.513	368.327	352.580	353.487
67	353.305	366.158	363.425	374.336	380.155	357.430	365.085	355.632	366.329	363.957	353.899	378.418	362.211	364.714	357.550
68	362.366	367.506	363.984	374.863	379.412	367.799	366.946	366.429	373.331	354.629	363.532	379.916	371.726	366.412	362.306
69	369.185	358.694	358.925	391.252	368.933	378.650	369.556	377.310	369.941	366.404	376.830	375.050	382.586	370.497	361.631
70	386.944	359.628	374.287	381.070	381.482	372.398	358.695	379.130	368.716	382.232	367.360	384.164	386.256	379.550	373.921
71	377.596	372.416	368.551	394.336	397.269	383.128	382.919	390.295	372.240	384.998	359.501	395.045	380.131	372.980	383.008
72	381.110	387.496	366.899	392.748	402.206	394.401	380.768	396.165	393.604	374.383	379.280	400.778	383.057	385.603	378.475
73	378.841	397.367	378.313	400.126	406.277	394.002	393.965	398.828	404.640	384.827	388.823	397.132	390.634	408.240	383.536
74	379.689	377.036	384.482	398.164	405.161	389.768	394.800	407.956	396.368	394.283	402.466	410.140	398.560	417.677	381.143
75	384.905	393.456	390.476	396.481	410.693	409.044	383.823	405.355	398.581	395.865	401.702	415.447	403.243	398.052	387.653
76	389.503	399.879	398.561	415.327	419.105	403.737	398.169	394.535	397.705	410.571	405.445	410.496	408.271	398.660	397.305
77	398.553	392.941	416.078	422.902	418.963	412.445	406.110	409.893	395.942	398.826	412.448	409.595	408.642	415.401	393.951
78	400.967	415.265	405.496	426.028	430.633	413.488	411.889	414.990	408.332	407.648	410.734	422.207	418.679	411.304	389.434
79	414.176	416.559	393.880	432.816	434.406	414.696	423.006	431.852	434.777	413.761	409.137	437.328	424.535	423.728	410.776
80	424.130	422.579	416.291	438.608	435.290	430.074	424.122	436.225	427.341	420.181	423.881	442.809	426.114	421.724	413.484
81	425.674	414.380	417.547	448.716	449.670	426.976	438.384	430.264	430.089	424.482	406.711	445.194	437.089	437.943	419.051
82	436.263	421.708	404.350	446.168	461.527	431.021	433.453	437.574	440.045	429.160	415.737	442.360	423.230	444.680	417.874
83	426.883	434.933	415.058	441.631	449.149	429.771	418.130	441.929	445.903	438.810	431.334	443.506	427.279	439.152	423.758
84	454.521	430.330	438.756	473.860	448.023	440.191	446.427	446.713	445.422	436.371	425.938	449.591	441.650	444.290	439.745
85	446.369	424.015	443.847	461.335	465.535	454.647	445.797	457.006	453.334	465.100	444.774	456.378	461.938	451.708	438.132
86	466.791	450.729	444.453	477.195	484.409	469.790	462.635	461.333	468.523	469.614	454.091	459.757	474.936	456.964	442.324
87	452.926	440.621	436.695	482.010	479.945	460.000	476.771	471.038	483.144	477.822	450.408	477.345	484.826	465.227	454.063
88	477.766	456.120	450.679	504.642	495.646	488.412	481.818	494.363	477.950	481.711	458.828	479.910	475.037	474.639	448.651
89	490.713	458.532	456.474	505.233	494.204	481.994	489.738	505.969	487.439	486.368	482.020	495.503	486.515	484.365	459.183
90	490.834	466.958	470.193	521.180	520.141	500.319	491.068	517.239	498.800	504.167	501.666	500.846	504.804	499.811	460.984
91	507.853	474.697	473.263	526.369	541.577	527.483	495.176	523.058	509.753	523.987	511.022	520.623	513.728	511.342	474.104
92	520.596	487.967	481.095	545.007	548.628	526.823	489.697	541.998	523.236	531.779	511.119	517.753	525.242	510.332	488.037
93	521.426	486.636	504.115	562.205	554.716	551.479	511.122	546.414	545.095	534.421	539.566	530.467	528.721	521.572	494.968
94	530.102	504.429	501.442	564.989	567.330	558.046	523.545	565.850	551.408	541.553	548.123	544.846	522.899	532.107	506.336
95	547.829	492.731	507.292	581.086	603.390	576.425	544.946	559.504	560.300	551.534	543.731	561.329	532.390	532.286	522.411
96	578.018	502.440	519.785	603.493	611.457	578.314	552.503	577.064	579.051	560.655	551.118	550.817	546.010	558.952	531.637
97	581.516	514.136	534.840	624.488	645.391	608.719	568.937	587.834	602.012	578.874	579.797	558.213	536.402	563.224	537.411
98	590.085	532.908	550.577	643.611	647.806	631.278	598.650	615.016	615.103	609.417	589.214	573.109	564.764	568.051	552.737
99	595.000	559.857	540.022	662.598	691.782	655.657	612.598	634.931	647.282	635.680	620.378	592.003	596.519	589.543	558.292
100	617.547	561.242	546.660	695.820	724.861	672.880	640.680	651.270	674.049	645.901	628.232	620.728	597.731	608.685	567.466
101	644.065	571.713	559.214	739.867	784.495	677.812	652.377	688.695	701.710	675.032	657.680	628.690	594.200	625.081	586.274
102	662.719	595.408	585.743	777.786	803.406	714.868	683.162	681.051	714.298	700.739	709.041	656.949	627.338	640.714	602.289
103	676.851	619.005	611.119	806.095	819.201	751.486	717.922	706.088	760.585	710.825	725.364	686.467	648.831	660.897	608.505
104	703.478	650.224	616.450	835.008	863.329	780.910	742.787	759.146	790.106	742.851	737.438	701.872	671.425	688.845	648.849
105	743.978	635.980	659.192	871.527	922.981	809.356	729.800	787.292	844.201	772.265	755.831	714.132	689.192	715.767	659.393
106	792.654	667.370	670.036	897.918	964.424	853.157	785.147	846.026	880.356	809.773	791.375	747.288	713.006	727.415	689.812
107	838.796	689.237	710.716	924.249	1015.892	894.474	823.376	877.815	903.477	871.106	847.997	773.161	754.926	756.247	695.963
108	882.198	719.209	746.617	968.220	1035.520	937.453	863.450	934.018	958.092	890.702	887.547	801.259	766.495	803.910	766.685
109	937.276	753.536	764.548	1019.861	1080.936	977.276	895.857	983.241	1020.190	936.997	934.766	864.160	804.437	842.215	813.603
110	1004.819	762.575	810.719	1075.487	1123.990	1028.420	947.306	1061.413	1048.556	976.118	987.148	909.075	845.104	889.357	846.915
111	1053.998	812.212	838.002	1119.566	1199.054	1045.587	977.173	1085.461	1079.006	1047.822	1005.731	937.565	871.535	926.019	884.619
112	1131.799	876.716	907.466	1169.510	1229.467	1114.415	1028.532	1130.719	1104.269	1086.671	1033.405	994.104	926.802	983.861	938.050
113	1210.112	902.860	960.731	1220.716	1261.771	1147.758	1094.137	1165.745	1125.139	1118.824	1079.059	1047.625	988.038	1050.352	967.564
114	1262.573	951.827	1003.955	1261.211	1300.291	1197.781	1147.551	1204.913	1179.587	1167.572	1123.309	1105.881	1014.104	1112.507	1045.005
115	1286.419	1007.598	1042.801	1294.417	1379.517	1250.257	1192.490	1272.074	1208.804	1222.568	1175.774	1150.005	1073.620	1178.954	1129.376
116	1316.659	1059.246	1086.842	1358.503	1423.468	1275.967	1235.282	1312.135	1267.805	1265.654	1199.543	1189.264	1166.008	1240.207	1171.281
117	1327.152	1097.228	1118.083	1384.826	1423.504	1305.561	1273.257	1395.305	1332.428	1285.898	1254.378	1223.502	1180.840	1272.529	1240.228
118	1318.257	1159.709	1164.538	1411.673	1490.563	1360.669	1352.747	1411.910	1354.768	1323.942	1292.745	1258.840	1229.300	1325.350	1276.481
119	1321.054	1193.816	1225.754	1453.386	1540.254	1415.726	1389.137	1494.809	1436.341	1368.620	1309.665	1281.149	1293.031	1337.490	1311.472
120	1341.381	1238.679	1258.574	1478.211	1519.957	1437.564	1433.399	1545.419	1443.621	1403.165	1319.513	1289.173	1340.602	1378.374	1327.463
121	1340.946	1297.652	1294.813	1509.983	1547.049	1486.599	1473.118	1555.894	1509.758	1433.037	1350.231	1332.121	1331.840	1380.125	1356.554
122	1337.224	1337.175	1343.834	1541.458	1531.271	1529.716	1532.081	1586.469	1532.994	1474.933	1374.760	1355.807	1353.282	1365.878	1356.667
123	1345.960	1377.404	1372.302	1543.576	1514.332	1570.465	1557.807	1593.830	1565.908	1476.839	1387.509	1353.757	1367.485	1353.482	1375.428
124	1347.119	1398.164	1399.009	1532.025	1512.475	1531.745	1615.524	1585.248	1574.837	1496.854	1416.436	1360.148	1321.434	1340.388	1359.881
125	1328.476	1422.149	1434.198	1512.426	1501.933	1543.506	1649.450	1595.954	1608.619	1543.311	1433.026	1381.850	1369.845	1372.494	1365.990
126	1371.344	1429.894	1466.814	1511.505	1486.972	1508.519	1635.399	1600.784	1588.718	1553.406	1468.246	1378.780	1395.107	1376.207	1358.293
127	1343.951	1444.276	1497.968	1473.656	1445.028	1511.862	1628.746	1588.998	1581.253	1559.225	1474.871	1409.657	1408.684	1349.796	1365.971
128	1343.252	1463.712	1514.460	1432.547	1424.755	1544.717	1626.335	1573.376	1592.161	1582.222	1474.102	1426.028	1410.405	1356.185	1370.487
129	1343.119	1494.620	1500.813	1402.037	1396.582	1501.866	1597.101	1556.894	1542.496	1565.941	1481.930	1441.339	1399.618	1350.385	1379.222
130	1315.561	1537.284	1482.703	1409.566	1382.595	1480.478	1566.696	1553.219	1535.486	1524.469	1479.313	1425.720	1419.393	1367.932	1334.226
131	1311.173	1520.756	1507.951	1385.308	1355.593	1437.414	1563.208	1524.892	1508.157	1502.098	1478.888	1393.903	1410.811	1359.274	1356.178
132	1277.119	1513.330	1487.171	1361.509	1311.930	1433.576	1574.040	1502.721	1492.671	1474.192	1448.281	1385.575	1401.268	1348.365	1346.559
133	1242.127	1511.366	1441.435	1327.706	1277.255	1408.188	1512.078	1450.499	1454.410	1438.134	1416.655	1374.189	1393.932	1305.006	1323.482
134	1226.794	1507.793	1426.479	1294.662	1279.021	1399.188	1497.368	1432.811	1433.812	1426.022	1406.768	1344.664	1361.744	1264.061	1318.074
135	1198.828	1451.267	1395.534	1260.853	1266.549	1373.604	1462.114	1413.789	1390.946	1378.999	1366.921	1306.910	1339.609	1249.575	1273.920
136	1177.773	1436.405	1368.608	1232.092	1221.015	1319.504	1460.136	1373.097	1384.792	1373.598	1356.718	1258.593	1319.962	1213.529	1248.621
137	1179.294	1405.690	1334.521	1209.664	1209.146	1279.766	1433.357	1344.104	1343.489	1333.626	1339.900	1261.665	1301.303	1189.354	1218.357
138	1141.036	1372.461	1317.573	1207.494	1171.284	1270.416	1395.414	1308.204	1310.334	1304.469	1296.153	1228.629	1244.415	1177.654	1206.132
139	1131.470	1344.623	1273.045	1208.842	1167.012	1245.109	1387.962	1294.478	1285.236	1281.607	1287.466	1203.256	1207.131	1180.262	1190.467
140	1130.043	1306.349	1258.679	1178.139	1171.145	1228.442	1351.002	1292.393	1259.035	1269.488	1259.074	1172.394	1193.970	1137.475	1162.213
141	1106.281	1281.556	1222.821	1173.971	1138.511	1213.127	1337.996	1257.983	1247.602	1239.328	1231.036	1145.422	1166.388	1125.326	1165.544
142	1113.506	1269.360	1213.711	1163.368	1102.868	1215.913	1304.405	1214.050	1221.489	1217.231	1201.215	1146.557	1163.990	1124.656	1159.180
143	1098.341	1223.106	1197.354	1152.433	1089.763	1192.361	1295.542	1196.425	1200.888	1209.661	1178.361	1135.152	1144.897	1113.462	1110.929
144	1082.617	1209.965	1154.125	1133.491	1099.348	1149.181	1262.407	1195.085	1193.317	1195.894	1138.667	1123.431	1150.334	1100.555	1132.975
145	1065.003	1182.764	1116.530	1108.920	1083.512	1153.985	1261.649	1176.956	1200.792	1164.379	1142.762	1115.879	1113.987	1086.470	1133.530
146	1067.814	1168.080	1114.411	1079.569	1063.361	1157.572	1204.050	1160.846	1165.554	1156.976	1124.586	1118.993	1124.028	1071.139	1116.448
147	1064.987	1133.598	1096.391	1059.419	1040.668	1125.836	1199.526	1164.647	1143.042	1127.340	1121.036	1130.220	1112.962	1086.495	1113.443
148	1048.235	1124.745	1100.705	1054.671	1015.649	1103.026	1167.514	1127.554	1111.376	1126.859	1113.228	1106.889	1097.974	1088.317	1096.778
149	1012.153	1100.350	1093.749	1034.864	1022.493	1078.022	1152.958	1118.145	1114.791	1125.269	1112.886	1087.142	1087.427	1069.704	1079.991
150	1003.678	1098.214	1046.768	999.213	994.899	1083.002	1145.526	1116.395	1079.706	1102.213	1089.849	1091.903	1076.483	1039.871	1083.800
151	1023.682	1067.863	1027.802	1007.067	984.834	1056.712	1124.036	1076.448	1084.352	1092.666	1079.341	1081.150	1078.577	1053.996	1072.920
152	1023.346	1069.542	1027.099	988.905	962.258	1054.390	1080.346	1073.252	1046.150	1079.002	1069.105	1051.836	1079.129	1033.558	1066.224
153	1004.078	1038.327	1007.637	987.138	950.547	1030.464	1066.234	1064.915	1031.867	1053.106	1063.513	1054.276	1051.586	1038.941	1049.844
154	987.082	1020.480	988.734	961.244	954.900	1004.011	1066.890	1037.383	1012.715	1079.622	1044.080	1024.044	1056.037	1030.906	1052.835
155	968.501	990.165	989.694	944.486	935.567	980.114	1034.128	995.227	996.178	1037.556	1039.555	1010.316	1041.408	1022.751	1021.920
156	960.815	1002.790	995.542	952.015	948.365	983.518	1022.266	1017.727	1001.073	1017.307	1023.223	1020.950	1033.702	998.906	1040.896
157	972.915	956.432	969.549	923.875	910.565	973.843	1022.372	989.707	1019.975	1033.572	1017.520	1019.592	1001.467	1003.248	1002.140
158	960.282	964.591	952.599	924.514	922.531	956.188	989.781	1001.246	1000.891	989.646	1008.719	1013.745	1000.548	996.765	1002.646
159	957.316	955.018	958.638	917.864	922.014	959.699	982.068	979.107	965.714	978.496	984.400	991.191	988.866	975.621	991.799
160	935.451	951.568	919.334	881.168	873.713	954.262	959.564	971.446	967.520	962.775	984.383	983.559	969.328	979.278	970.532
161	937.397	932.045	910.081	897.056	871.609	941.136	958.902	956.614	964.211	970.324	991.086	960.852	952.338	976.895	976.228
162	908.333	894.494	917.606	888.878	875.040	938.821	940.125	947.939	959.220	960.299	974.329	958.860	956.557	971.467	960.360
163	919.229	931.086	910.849	890.900	874.538	938.387	944.165	935.769	930.802	932.516	957.799	942.055	943.656	958.203	933.288
164	902.533	924.896	883.750	869.888	860.355	911.755	948.917	921.948	932.894	942.863	943.048	938.114	939.775	933.928	944.696
165	900.215	909.341	890.569	863.796	847.417	905.212	946.533	920.227	903.979	919.750	935.646	933.163	936.611	935.147	941.903
166	896.562	903.782	878.569	846.922	866.469	910.305	916.419	894.850	904.053	889.962	915.180	901.643	923.486	911.156	929.549
167	886.953	900.921	861.577	832.215	883.948	891.418	911.748	903.163	903.643	891.668	909.006	884.639	893.251	927.600	936.695
168	880.252	872.842	877.741	867.534	869.596	888.374	896.371	888.162	913.844	884.820	918.774	914.405	886.831	908.209	917.443
169	864.722	858.501	878.553	863.001	845.267	881.382	901.537	908.925	874.084	890.057	920.028	892.887	887.253	907.007	906.000
170	863.786	862.394	884.419	855.619	861.908	882.489	908.852	885.005	891.998	889.526	912.721	892.697	897.192	923.057	889.707
171	859.462	845.783	875.108	845.914	856.960	878.406	890.198	897.954	865.608	864.209	892.516	893.993	886.435	905.722	898.299
172	256.278	266.785	275.219	261.946	258.180	272.370	260.756	244.838	256.470	257.023	254.878	265.357	265.203	263.033	267.940
173	254.692	268.772	270.607	262.074	254.944	265.129	255.732	249.061	254.429	250.987	249.092	272.689	262.128	265.712	272.667
174	259.461	271.048	265.086	258.675	261.503	259.691	263.491	254.966	260.792	260.195	246.435	275.350	264.151	273.119	263.604
175	265.711	270.061	269.511	262.363	267.988	260.837	257.512	254.382	256.896	263.036	251.763	268.273	273.888	273.455	267.819
176	251.206	272.128	269.318	250.942	260.956	257.228	255.540	259.788	253.799	255.395	253.963	270.375	268.676	274.622	267.565
177	251.434	266.362	267.099	254.754	255.038	250.300	258.312	251.029	250.435	250.676	255.236	273.943	262.515	270.212	259.597
178	244.320	260.382	252.811	249.927	254.939	262.706	254.349	257.227	253.085	255.598	248.025	274.848	263.086	258.725	264.678
179	250.930	268.597	250.752	251.896	262.390	262.183	259.545	254.663	254.213	249.704	243.148	268.777	271.752	260.430	268.218
180	252.476	258.698	252.455	252.463	257.656	257.046	257.683	253.809	252.605	254.177	248.262	268.470	260.877	260.538	260.728
181	241.272	258.644	256.484	242.494	251.133	258.944	243.842	244.840	250.574	256.410	233.891	256.787	263.970	252.891	248.199
182	244.853	253.556	252.699	251.382	248.897	254.253	249.341	248.158	255.454	251.591	243.350	260.698	263.907	255.417	260.175
183	250.123	265.181	260.047	250.354	245.950	249.357	249.340	243.901	250.150	254.471	234.985	266.378	249.314	261.541	250.923
184	243.903	260.230	254.838	257.421	251.261	251.380	253.789	248.578	242.078	257.596	243.137	261.908	254.778	254.709	244.553
185	238.038	248.618	254.404	252.515	248.615	251.962	249.969	240.746	245.954	253.586	242.112	262.986	252.009	256.223	250.985
186	243.506	250.069	245.949	242.206	247.855	249.649	243.937	250.042	238.243	251.937	238.936	258.617	255.920	255.045	251.407
187	242.168	256.883	252.563	249.749	247.073	246.928	246.506	243.699	237.991	248.371	242.253	260.256	259.360	255.640	250.519
188	240.155	254.680	243.002	253.433	248.180	251.934	241.060	243.952	242.411	249.275	244.315	256.273	256.381	259.183	252.729
