 	Profile_Slice_1	Profile_Slice_2	Profile_Slice_3	Profile_Slice_4
1	248.000	248.000	256.000	234.000
2	249.588	249.588	283.069	270.531
3	263.682	263.682	268.138	259.944
4	291.810	291.810	255.831	259.433
5	272.483	272.483	276.037	265.372
6	276.095	276.095	269.766	271.093
7	272.712	272.712	275.780	268.605
8	261.696	261.696	254.749	265.956
9	283.645	283.645	255.357	263.067
10	310.859	310.859	271.816	264.947
11	293.452	293.452	278.160	282.178
12	292.039	292.039	255.169	267.520
13	303.573	303.573	248.393	254.594
14	272.357	272.357	274.600	258.216
15	271.108	271.108	267.036	289.932
16	295.120	295.120	260.120	265.973
17	276.705	276.705	271.608	289.256
18	256.715	256.715	257.860	263.508
19	300.661	300.661	256.595	271.027
20	290.434	290.434	280.043	259.887
21	286.031	286.031	278.222	273.979
22	270.676	270.676	286.303	270.459
23	264.730	264.730	263.341	278.294
24	266.430	266.430	273.304	275.674
25	270.336	270.336	286.182	251.269
26	282.778	282.778	266.222	283.556
27	277.368	277.368	274.738	294.173
28	267.235	267.235	286.872	289.899
29	260.162	260.162	280.311	274.856
30	274.516	274.516	280.553	279.669
31	298.187	298.187	282.467	277.387
32	286.239	286.239	273.515	273.175
33	280.308	280.308	292.993	269.675
34	285.174	285.174	298.926	262.218
35	285.979	285.979	294.070	258.996
36	286.944	286.944	301.123	296.267
37	258.797	258.797	288.613	283.474
38	284.005	284.005	296.953	257.787
39	259.796	259.796	281.140	254.303
40	294.078	294.078	258.730	294.394
41	279.283	279.283	276.372	272.764
42	282.606	282.606	272.622	302.242
43	288.548	288.548	260.566	300.794
44	276.407	276.407	268.294	276.652
45	285.821	285.821	280.012	275.224
46	286.120	286.120	280.040	285.000
47	294.151	294.151	269.323	290.188
48	297.975	297.975	281.814	279.192
49	290.276	290.276	287.301	287.289
50	318.887	318.887	274.325	275.534
51	306.222	306.222	283.074	306.148
52	301.635	301.635	293.953	303.363
53	276.759	276.759	313.461	270.489
54	269.014	269.014	305.144	295.604
55	297.954	297.954	295.806	273.570
56	310.333	310.333	284.342	280.284
57	293.406	293.406	299.377	302.032
58	330.186	330.186	283.330	345.716
59	306.179	306.179	304.341	307.520
60	310.454	310.454	285.045	311.389
61	306.413	306.413	274.867	296.400
62	308.249	308.249	301.711	315.537
63	320.418	320.418	308.801	298.941
64	331.053	331.053	310.365	295.846
65	330.761	330.761	309.205	325.779
66	315.259	315.259	303.424	311.993
67	315.198	315.198	282.699	297.628
68	310.824	310.824	280.124	328.836
69	329.734	329.734	292.695	334.282
70	316.691	316.691	316.115	298.602
71	296.443	296.443	329.244	309.385
72	287.157	287.157	322.722	296.020
73	301.742	301.742	309.134	311.315
74	291.606	291.606	308.771	333.057
75	315.644	315.644	297.778	310.613
76	305.667	305.667	317.333	342.000
77	307.209	307.209	291.070	327.446
78	332.046	332.046	322.071	324.592
79	328.894	328.894	302.852	290.062
80	312.378	312.378	328.436	294.021
81	336.628	336.628	308.345	311.185
82	346.098	346.098	328.272	331.357
83	323.825	323.825	314.640	337.456
84	339.158	339.158	306.901	323.354
85	339.418	339.418	333.725	310.095
86	346.861	346.861	330.401	315.058
87	351.456	351.456	313.499	325.637
88	348.942	348.942	322.132	346.363
89	330.657	330.657	320.162	361.657
90	311.614	311.614	314.598	332.332
91	323.720	323.720	351.200	339.400
92	344.910	344.910	323.737	327.843
93	360.837	360.837	320.828	326.431
94	337.268	337.268	353.236	345.020
95	354.865	354.865	332.877	364.616
96	331.495	331.495	337.176	345.258
97	339.287	339.287	358.431	327.463
98	341.970	341.970	367.453	354.296
99	352.542	352.542	339.249	336.888
100	340.714	340.714	347.907	343.683
101	364.000	364.000	347.370	332.222
102	362.958	362.958	333.198	336.765
103	369.422	369.422	341.529	348.575
104	388.902	388.902	337.473	342.328
105	368.740	368.740	354.218	349.001
106	347.080	347.080	375.920	367.640
107	374.914	374.914	364.916	369.719
108	353.680	353.680	367.905	350.833
109	357.384	357.384	364.637	347.222
110	370.953	370.953	382.198	338.186
111	350.324	350.324	395.751	397.313
112	380.217	380.217	368.806	364.921
113	356.941	356.941	370.876	393.196
114	343.354	343.354	413.708	421.884
115	379.069	379.069	360.386	387.170
116	374.228	374.228	381.810	371.030
117	411.564	411.564	417.246	405.249
118	395.154	395.154	416.256	414.254
119	379.274	379.274	392.543	435.074
120	393.609	393.609	383.177	427.055
121	407.880	407.880	400.907	408.053
122	399.177	399.177	374.072	430.585
123	412.231	412.231	368.906	428.040
124	407.557	407.557	392.965	426.183
125	399.067	399.067	412.480	471.891
126	413.852	413.852	407.259	477.778
127	416.002	416.002	438.894	456.254
128	432.158	432.158	434.488	453.551
129	471.258	471.258	442.707	447.294
130	421.196	421.196	432.188	491.272
131	421.784	421.784	427.098	454.526
132	413.892	413.892	433.677	460.089
133	421.857	421.857	425.703	520.125
134	444.629	444.629	469.501	522.111
135	416.975	416.975	443.547	533.294
136	412.240	412.240	467.640	514.600
137	458.437	458.437	464.132	524.338
138	470.496	470.496	492.357	551.185
139	480.711	480.711	519.651	546.832
140	498.557	498.557	523.149	532.976
141	492.806	492.806	530.273	526.356
142	505.982	505.982	551.964	549.633
143	519.730	519.730	560.855	536.102
144	522.517	522.517	561.714	515.245
145	522.734	522.734	540.358	524.576
146	516.201	516.201	553.476	493.267
147	502.922	502.922	531.669	490.217
148	509.926	509.926	539.888	504.657
149	501.077	501.077	537.816	497.416
150	503.384	503.384	482.217	501.705
151	473.667	473.667	534.333	481.000
152	503.169	503.169	483.646	454.678
153	477.591	477.591	503.596	476.716
154	513.182	513.182	485.517	489.168
155	514.965	514.965	509.830	519.143
156	491.193	491.193	479.887	521.702
157	480.691	480.691	449.039	484.189
158	518.607	518.607	461.954	485.509
159	489.086	489.086	439.574	517.747
160	483.597	483.597	480.702	527.710
161	494.641	494.641	469.544	537.335
162	492.898	492.898	466.817	518.208
163	490.045	490.045	491.869	469.862
164	496.624	496.624	489.284	482.408
165	484.878	484.878	491.598	484.502
166	479.987	479.987	484.213	456.667
167	492.525	492.525	470.785	478.914
168	485.260	485.260	498.682	474.089
169	480.324	480.324	500.725	521.677
170	500.959	500.959	507.872	544.001
171	410.591	410.591	512.714	544.233
172	465.014	465.014	519.022	481.704
173	513.462	513.462	521.437	463.149
174	509.554	509.554	472.319	526.297
175	526.164	526.164	508.092	519.212
176	513.370	513.370	487.370	534.259
177	517.304	517.304	487.986	514.944
178	502.325	502.325	482.805	502.061
179	474.431	474.431	494.507	490.545
180	473.763	473.763	475.641	492.190
181	505.280	505.280	463.120	485.800
182	517.722	517.722	468.933	489.411
183	482.319	482.319	466.254	495.310
184	464.613	464.613	506.546	482.038
185	485.538	485.538	490.478	457.440
186	474.396	474.396	503.816	514.030
187	461.463	461.463	507.005	499.078
188	481.980	481.980	514.818	436.163
189	454.469	454.469	567.605	466.656
190	488.349	488.349	507.254	465.443
191	485.313	485.313	481.778	455.708
192	500.748	500.748	454.717	451.225
193	475.463	475.463	470.055	451.798
194	484.878	484.878	466.046	439.302
195	476.906	476.906	483.039	457.771
196	461.293	461.293	484.307	456.253
197	476.052	476.052	466.703	485.417
198	484.277	484.277	474.267	492.749
199	455.002	455.002	478.690	474.576
200	459.203	459.203	473.148	480.373
201	465.519	465.519	462.667	485.519
202	493.987	493.987	472.628	479.735
203	477.496	477.496	445.642	465.671
204	433.617	433.617	441.299	459.831
205	460.116	460.116	461.801	491.254
206	495.890	495.890	452.319	539.855
207	459.907	459.907	454.253	478.126
208	512.448	512.448	430.318	439.946
209	463.639	463.639	498.377	488.180
210	477.206	477.206	483.757	481.498
211	493.867	493.867	473.733	471.947
212	481.083	481.083	479.186	458.114
213	482.760	482.760	481.428	460.416
214	460.387	460.387	486.753	486.355
215	452.346	452.346	477.977	453.894
216	468.102	468.102	464.879	455.833
217	467.707	467.707	480.477	484.149
218	450.265	450.265	466.402	465.969
219	457.186	457.186	470.554	442.238
220	470.269	470.269	475.758	434.579
221	468.621	468.621	449.080	486.684
222	483.500	483.500	444.988	497.584
223	480.592	480.592	511.066	464.520
224	455.444	455.444	441.879	454.031
225	453.758	453.758	448.226	474.623
226	449.000	449.000	419.000	560.000
