 	Profile_Slice_1	Profile_Slice_2	Profile_Slice_3	Profile_Slice_4	Profile_Slice_5	Profile_Slice_6	Profile_Slice_7	Profile_Slice_8	Profile_Slice_9	Profile_Slice_10
1	400.630	400.630	416.449	419.196	416.134	410.123	412.408	416.072	424.690	426.076
2	413.740	413.740	409.088	412.287	401.326	408.995	411.536	422.256	426.693	420.801
3	418.686	418.686	410.127	418.352	411.430	415.160	411.178	422.034	424.087	414.026
4	408.415	408.415	419.745	412.391	417.120	417.776	414.460	411.719	418.923	414.287
5	402.612	402.612	408.751	413.011	420.765	411.910	414.225	424.122	424.364	426.054
6	415.451	415.451	418.802	416.348	419.261	417.386	410.321	422.641	419.940	420.936
7	412.203	412.203	416.351	416.880	409.188	420.045	411.043	429.600	420.770	425.406
8	404.922	404.922	416.043	420.924	425.571	419.931	413.787	430.940	434.752	434.264
9	409.834	409.834	409.777	415.344	425.171	430.107	422.471	420.063	438.419	425.615
10	413.293	413.293	407.871	424.742	407.812	421.405	415.744	416.291	423.874	424.270
11	411.164	411.164	421.985	433.248	412.749	424.739	423.467	429.455	425.731	426.608
12	419.615	419.615	424.015	422.447	418.228	413.023	430.579	411.284	426.136	432.002
13	415.786	415.786	414.196	420.830	418.367	430.613	424.711	425.059	431.128	430.835
14	422.996	422.996	416.711	423.394	428.328	432.761	421.384	430.249	433.477	432.082
15	422.630	422.630	417.332	421.836	429.584	430.923	431.927	416.896	425.135	418.387
16	421.951	421.951	425.463	432.009	425.093	423.889	427.877	419.773	420.428	421.846
17	433.198	433.198	426.089	425.857	416.902	418.790	427.881	418.382	433.695	434.277
18	423.618	423.618	421.392	431.970	420.330	433.138	431.627	429.890	428.879	440.831
19	416.973	416.973	429.718	433.277	431.727	418.970	426.372	423.590	423.242	430.559
20	421.468	421.468	417.326	427.519	421.896	426.474	425.588	431.561	432.675	441.681
21	420.640	420.640	432.186	424.306	425.089	430.619	424.055	430.165	424.854	438.359
22	416.771	416.771	442.466	433.630	431.238	423.030	430.151	430.288	434.708	434.213
23	424.387	424.387	443.287	432.835	430.237	430.106	428.238	438.319	435.823	435.757
24	428.116	428.116	435.390	438.807	433.808	435.887	426.705	429.668	419.055	436.250
25	430.002	430.002	427.400	432.436	429.988	438.049	425.498	429.012	433.447	438.669
26	438.656	438.656	433.587	438.057	435.056	430.851	433.074	438.554	430.367	442.626
27	434.984	434.984	425.631	432.601	432.735	422.820	431.244	436.799	427.667	442.832
28	432.048	432.048	434.010	437.712	428.148	444.207	435.565	429.209	434.320	446.743
29	429.944	429.944	441.601	438.312	432.206	425.669	433.662	436.002	446.368	440.619
30	430.276	430.276	442.927	428.091	426.475	426.882	443.759	440.867	436.078	437.633
31	436.106	436.106	444.337	441.468	431.687	429.042	449.805	447.917	441.585	440.773
32	434.593	434.593	442.979	435.291	444.891	441.192	438.529	443.663	442.406	446.995
33	437.643	437.643	443.101	440.028	441.459	441.801	442.112	444.329	457.670	449.178
34	439.515	439.515	446.470	440.280	454.960	435.658	445.263	444.279	452.807	446.546
35	436.897	436.897	442.704	437.654	453.783	439.177	443.075	452.464	449.803	439.401
36	451.374	451.374	450.049	441.365	447.326	441.463	445.570	448.071	444.780	447.570
37	445.665	445.665	445.998	452.765	443.773	439.358	446.313	453.472	455.018	446.964
38	444.096	444.096	437.160	445.455	442.296	434.190	448.496	456.532	446.956	454.361
39	454.852	454.852	446.329	455.264	442.911	437.817	446.886	453.431	449.228	456.074
40	449.490	449.490	460.468	457.864	449.856	446.818	453.178	452.091	461.676	456.545
41	447.163	447.163	463.673	452.850	453.974	458.752	463.718	449.793	459.858	465.683
42	449.643	449.643	455.122	450.029	431.742	450.325	455.887	459.668	464.456	455.500
43	462.632	462.632	453.611	456.392	439.889	443.052	459.312	449.516	457.080	461.651
44	459.710	459.710	462.749	461.833	455.212	446.075	463.067	459.109	467.483	464.548
45	460.333	460.333	466.075	461.831	457.342	452.480	459.864	459.025	463.044	468.106
46	461.082	461.082	455.483	467.578	458.868	466.561	465.961	465.754	451.209	460.840
47	454.818	454.818	472.628	459.948	455.522	460.642	465.142	463.317	463.766	469.121
48	466.417	466.417	475.041	456.238	455.444	461.113	461.317	470.825	463.121	478.261
49	471.283	471.283	479.025	460.777	457.029	468.393	472.559	464.840	472.870	470.241
50	475.898	475.898	482.125	463.736	465.603	477.695	464.006	476.914	471.475	473.243
51	477.429	477.429	485.932	472.302	465.843	461.126	464.702	473.313	471.885	484.970
52	477.172	477.172	481.804	486.457	473.734	468.383	465.042	466.613	471.045	488.712
53	482.296	482.296	488.289	486.284	471.210	467.190	462.529	470.341	484.134	483.322
54	470.698	470.698	481.706	488.264	479.527	464.504	469.333	480.590	477.222	473.492
55	483.977	483.977	481.338	471.072	478.098	480.924	471.724	469.808	473.666	480.543
56	487.661	487.661	490.928	477.444	475.671	480.923	478.006	479.946	479.923	482.117
57	492.258	492.258	479.774	485.382	468.524	478.244	471.978	480.190	489.339	481.141
58	497.728	497.728	489.291	488.148	484.009	475.542	478.183	484.251	482.882	489.310
59	497.083	497.083	508.172	500.988	480.525	480.379	485.903	477.287	494.277	494.119
60	505.188	505.188	499.815	491.979	484.809	477.986	489.564	482.647	492.602	499.167
61	513.280	513.280	498.902	499.510	491.201	490.965	492.888	493.713	491.590	495.509
62	502.486	502.486	503.712	499.070	495.255	484.503	494.935	505.423	495.742	502.071
63	510.153	510.153	511.616	507.796	492.622	495.382	492.963	497.521	494.506	500.316
64	518.575	518.575	526.738	506.888	493.299	509.334	501.990	499.212	495.891	508.993
65	505.627	505.627	519.308	506.517	491.116	500.506	496.576	511.459	503.459	504.855
66	524.928	524.928	514.881	515.180	509.776	488.449	497.433	507.691	513.593	507.025
67	525.635	525.635	526.654	528.355	510.577	508.996	500.287	513.768	514.460	513.999
68	522.960	522.960	522.649	529.688	506.655	517.202	507.714	521.582	509.232	509.835
69	528.645	528.645	541.485	519.335	513.196	501.658	520.018	503.774	511.894	520.640
70	528.209	528.209	547.276	542.697	515.476	519.045	533.444	515.456	518.404	511.768
71	533.964	533.964	534.401	539.258	518.082	516.003	523.491	520.366	520.967	529.453
72	536.209	536.209	544.321	545.062	528.244	518.899	517.210	531.340	526.699	538.881
73	545.791	545.791	546.843	538.303	538.241	522.012	523.010	539.959	529.557	530.015
74	549.510	549.510	550.222	543.654	548.876	527.468	528.838	530.549	541.862	541.885
75	558.153	558.153	554.569	548.135	552.558	542.805	528.070	529.428	532.344	550.284
76	554.295	554.295	560.904	550.450	557.642	534.061	551.169	535.432	546.137	552.193
77	563.178	563.178	562.460	563.203	544.241	553.161	552.644	546.164	542.908	561.586
78	575.778	575.778	566.252	565.787	568.514	572.845	553.526	545.044	561.480	553.693
79	571.563	571.563	573.886	567.949	580.604	574.395	551.487	562.774	562.239	555.077
80	577.736	577.736	581.490	581.864	564.880	562.424	559.637	569.667	568.494	573.292
81	588.881	588.881	596.232	586.729	579.910	567.595	569.989	575.218	577.397	563.688
82	589.923	589.923	586.825	583.781	576.136	568.590	568.754	578.197	574.150	562.417
83	596.104	596.104	593.183	586.906	591.811	565.883	567.242	572.572	572.360	572.670
84	603.940	603.940	615.246	606.301	625.824	572.872	593.797	584.102	577.614	578.858
85	615.065	615.065	612.735	604.299	593.387	596.558	586.930	583.731	594.000	582.870
86	622.486	622.486	609.582	608.342	602.894	597.829	599.230	599.659	595.828	589.469
87	619.293	619.293	633.758	600.355	621.634	594.827	603.503	610.787	596.602	601.751
88	628.603	628.603	633.037	625.484	616.128	609.336	603.823	620.000	597.723	595.587
89	634.641	634.641	626.096	630.604	615.486	613.706	623.961	620.215	604.722	613.957
90	641.155	641.155	636.442	632.596	636.028	621.925	614.482	613.924	610.219	617.948
91	643.640	643.640	649.288	635.977	626.898	632.958	608.339	631.579	602.555	629.557
92	654.961	654.961	661.588	664.613	631.116	624.469	622.457	623.041	620.988	634.033
93	677.252	677.252	673.395	671.981	644.000	625.868	617.387	628.517	631.674	631.817
94	690.841	690.841	678.300	677.650	642.310	643.119	624.406	633.104	643.655	638.060
95	684.999	684.999	706.191	693.501	657.399	659.254	628.698	637.374	650.053	642.123
96	692.579	692.579	724.384	690.655	664.821	652.703	641.303	653.463	638.553	657.830
97	717.792	717.792	730.760	715.351	678.574	656.106	650.455	659.122	668.860	686.461
98	728.661	728.661	740.268	733.565	677.297	668.784	654.264	653.113	659.991	685.817
99	755.319	755.319	763.572	734.897	700.814	682.260	658.523	661.717	667.054	688.423
100	769.183	769.183	798.483	776.580	717.140	682.920	664.684	668.448	684.493	690.903
101	802.939	802.939	815.109	803.482	738.253	701.435	673.790	682.902	706.495	717.269
102	799.402	799.402	822.807	836.717	751.872	719.094	678.989	698.563	723.252	741.734
103	834.366	834.366	847.963	841.139	774.734	735.918	696.801	725.956	723.985	759.114
104	861.779	861.779	875.930	875.573	786.227	754.813	708.859	728.793	749.488	783.530
105	878.362	878.362	886.022	910.191	808.988	768.577	717.237	748.486	776.357	798.685
106	910.138	910.138	930.745	929.804	851.553	796.239	745.638	769.803	800.037	819.522
107	911.485	911.485	923.885	941.524	862.883	821.433	757.570	778.780	809.308	832.093
108	946.441	946.441	958.583	937.992	889.343	850.278	793.351	791.778	810.403	856.737
109	983.933	983.933	1000.826	946.226	930.860	871.731	817.831	808.116	827.598	858.707
110	987.417	987.417	1020.913	987.931	953.626	882.410	834.197	829.914	839.890	877.314
111	998.886	998.886	1046.736	1000.329	983.719	901.572	861.170	873.194	853.380	907.392
112	1024.256	1024.256	1076.340	1017.836	1002.594	946.232	888.357	892.424	890.863	927.269
113	1052.913	1052.913	1091.970	1051.948	1030.953	957.898	903.295	904.309	917.105	948.542
114	1084.958	1084.958	1099.424	1082.610	1026.132	996.336	948.898	943.853	947.687	989.316
115	1103.417	1103.417	1115.930	1110.937	1048.414	1036.177	995.673	992.849	982.724	1021.117
116	1091.170	1091.170	1112.532	1117.956	1075.411	1072.730	1017.696	1024.777	998.070	1018.699
117	1096.781	1096.781	1111.139	1103.582	1105.397	1116.080	1051.274	1026.585	991.555	1035.721
118	1112.386	1112.386	1094.091	1112.202	1124.222	1130.561	1061.916	1040.616	993.555	1030.099
119	1084.174	1084.174	1085.315	1088.295	1123.228	1136.098	1078.605	1049.859	1005.140	1019.035
120	1061.646	1061.646	1064.564	1075.952	1123.329	1139.797	1082.418	1059.232	978.581	1014.199
121	1050.716	1050.716	1040.036	1047.598	1123.517	1126.140	1084.388	1020.935	960.233	983.803
122	1011.513	1011.513	1029.175	1018.039	1073.418	1094.967	1080.177	1002.322	936.706	973.616
123	990.204	990.204	1011.456	1012.303	1060.630	1066.287	1075.530	990.513	941.252	952.893
124	982.984	982.984	982.194	987.461	1040.317	1053.922	1028.590	971.992	929.499	949.493
125	971.594	971.594	959.580	977.305	1029.626	1044.820	1022.880	967.334	911.848	958.196
126	951.788	951.788	964.584	981.510	1008.850	997.628	995.246	977.728	905.669	927.150
127	954.218	954.218	951.719	964.823	979.320	988.000	976.939	943.954	900.232	912.755
128	942.876	942.876	943.080	968.033	955.925	957.336	943.734	943.811	885.741	919.885
129	929.776	929.776	925.916	967.759	943.912	940.928	937.222	923.922	891.961	925.225
130	926.303	926.303	920.723	945.912	937.173	926.028	914.407	916.543	872.422	915.715
131	909.606	909.606	918.039	930.139	920.877	919.818	896.495	901.859	874.832	894.745
132	914.500	914.500	907.029	934.674	907.432	921.425	891.621	899.143	855.208	889.163
133	890.881	890.881	897.622	918.863	886.644	902.047	895.325	876.916	839.601	879.653
134	909.076	909.076	903.051	908.289	879.180	899.779	886.219	872.865	838.641	891.084
135	898.112	898.112	888.124	912.081	865.163	885.442	866.190	859.679	854.749	886.745
136	889.285	889.285	878.553	897.720	862.509	886.372	881.047	854.803	844.126	879.757
137	875.275	875.275	863.343	887.401	867.978	863.426	879.552	849.268	850.533	859.649
138	879.317	879.317	862.735	866.105	859.721	844.456	845.733	846.758	839.858	837.360
139	874.505	874.505	874.232	861.624	857.455	837.094	848.696	834.810	821.042	861.967
140	867.747	867.747	873.170	862.405	841.673	856.071	844.432	835.777	828.364	846.751
141	863.511	863.511	856.399	856.125	837.277	840.245	835.620	848.545	823.176	851.092
142	864.457	864.457	842.219	857.025	823.434	836.071	840.041	834.913	818.509	842.364
143	877.253	877.253	844.810	834.899	827.383	829.722	841.193	827.043	823.224	846.791
144	867.600	867.600	848.671	823.179	836.791	835.967	843.753	827.421	821.631	835.287
145	862.354	862.354	840.008	831.351	816.118	843.715	828.456	834.280	820.451	839.496
146	860.980	860.980	848.327	827.425	832.862	824.348	831.540	805.623	817.352	838.438
147	858.318	858.318	839.793	822.960	840.445	801.911	834.137	814.865	818.696	839.485
148	853.766	853.766	847.306	821.382	814.138	806.217	823.199	824.061	815.624	847.713
149	834.858	834.858	845.728	841.970	818.623	808.090	829.634	824.467	810.130	831.051
150	826.962	826.962	850.416	833.106	820.833	822.535	829.236	813.405	810.852	838.054
151	844.839	844.839	856.329	830.858	808.795	832.572	814.319	810.756	808.861	839.912
152	843.425	843.425	853.650	832.033	819.966	834.506	824.237	817.118	812.822	831.779
153	854.448	854.448	826.872	823.685	821.118	816.878	812.126	811.051	821.411	844.974
154	845.565	845.565	844.903	837.913	822.520	813.020	824.469	824.646	813.114	835.796
155	852.683	852.683	847.460	827.427	829.630	838.960	810.061	815.550	817.419	837.562
156	858.168	858.168	842.937	837.226	821.844	813.074	817.780	817.851	831.077	819.519
157	844.276	844.276	837.879	837.197	807.374	796.507	809.540	814.185	803.804	824.478
158	838.055	838.055	833.059	830.364	812.942	812.029	810.265	810.909	801.769	841.012
159	838.665	838.665	837.334	819.326	825.987	807.048	816.199	806.462	802.152	830.723
160	837.126	837.126	828.835	816.526	830.925	809.024	818.907	813.511	811.992	832.334
161	845.814	845.814	837.531	832.555	826.936	815.709	832.856	807.591	813.131	840.555
162	839.234	839.234	845.431	815.452	827.170	817.073	819.639	806.998	815.856	838.786
163	843.499	843.499	829.111	807.291	835.560	828.335	809.015	800.230	807.392	826.899
164	838.634	838.634	820.401	822.013	822.177	820.235	819.476	819.747	807.546	828.521
165	838.304	838.304	828.616	835.460	831.998	826.363	814.532	812.123	818.081	833.209
166	841.769	841.769	825.676	824.202	839.848	814.888	813.257	805.278	796.486	822.302
167	849.872	849.872	834.307	835.313	816.542	831.699	816.853	819.990	799.367	829.609
168	852.462	852.462	820.500	810.608	825.797	824.871	826.569	819.626	798.853	827.653
