 	Profile_Slice_1	Profile_Slice_2	Profile_Slice_3	Profile_Slice_4	Profile_Slice_5	Profile_Slice_6	Profile_Slice_7	Profile_Slice_8	Profile_Slice_9	Profile_Slice_10	Profile_Slice_11	Profile_Slice_12	Profile_Slice_13	Profile_Slice_14	Profile_Slice_15
1	350.012	340.401	338.294	353.493	332.593	335.993	339.209	346.470	340.253	338.448	337.036	341.126	354.563	352.126	337.167
2	401.680	398.976	415.393	401.049	403.655	408.199	402.723	406.856	408.411	408.191	395.784	407.772	396.656	397.130	408.131
3	472.201	470.817	475.010	480.715	455.350	466.964	463.839	465.553	459.368	460.911	471.937	461.415	467.955	471.230	466.716
4	475.646	467.043	468.332	478.752	465.188	470.577	468.104	469.744	469.905	465.049	472.034	483.558	472.188	471.561	476.319
5	476.860	452.629	469.107	471.242	472.222	464.937	472.047	464.612	463.171	463.248	463.917	460.195	461.206	464.581	471.822
6	468.631	455.514	475.746	471.676	462.310	471.260	474.611	474.082	463.042	468.482	469.253	468.251	468.362	470.163	455.057
7	457.644	468.321	482.263	467.732	459.141	466.800	473.329	484.315	469.195	471.270	472.636	482.368	461.043	464.509	463.574
8	474.342	465.124	482.231	466.819	461.661	472.086	470.131	485.001	470.195	466.433	478.124	474.366	460.028	471.996	468.366
9	478.619	478.638	480.734	472.918	475.953	476.829	470.056	477.753	473.924	488.717	467.575	467.793	468.940	474.590	472.784
10	473.699	460.257	470.789	472.577	469.480	484.992	474.906	467.723	463.208	473.744	470.462	461.038	469.093	472.415	474.373
11	471.048	462.188	471.858	475.330	468.613	478.184	467.172	468.389	460.640	468.009	462.556	466.403	454.182	475.975	464.580
12	472.858	468.492	473.771	481.341	460.692	471.278	477.666	481.647	467.849	474.141	469.112	474.792	461.898	469.649	468.759
13	476.588	471.201	475.413	475.168	462.352	469.566	476.607	471.348	477.788	465.772	479.927	478.421	474.728	470.766	475.672
14	477.055	468.221	467.692	475.686	470.523	471.778	467.207	473.559	476.523	469.896	473.803	476.578	474.417	463.711	465.031
15	483.248	453.496	476.757	474.935	471.727	461.126	469.834	453.101	475.084	450.644	476.993	465.272	475.772	473.756	465.778
16	476.840	462.231	479.764	477.495	467.224	476.106	475.911	460.177	483.573	476.685	477.429	477.249	475.770	474.441	474.133
17	480.478	476.843	486.781	468.555	477.213	467.784	472.785	479.726	474.017	480.181	475.613	464.865	469.752	473.428	472.215
18	471.586	480.073	492.803	481.473	476.180	464.729	467.080	474.291	466.631	471.426	467.185	474.831	472.094	469.107	481.526
19	457.923	463.027	457.611	476.305	473.200	476.193	473.554	480.929	467.109	474.637	469.376	484.456	472.875	475.515	466.750
20	465.791	471.273	469.495	485.506	484.781	478.065	474.856	480.579	478.743	473.713	477.640	465.470	474.001	471.327	473.701
21	475.449	469.168	472.899	482.415	475.872	478.088	484.885	474.635	467.791	470.056	475.749	469.086	468.129	476.555	478.837
22	478.331	471.259	476.614	479.746	480.321	470.470	475.481	467.818	478.333	462.751	470.118	481.668	468.653	483.607	471.832
23	485.126	473.034	478.884	481.233	485.096	476.219	484.997	472.423	478.957	473.151	470.335	476.635	479.845	477.188	475.284
24	480.812	464.017	482.138	474.606	469.661	482.207	475.977	470.010	468.381	486.235	479.127	478.416	472.524	480.324	483.054
25	483.333	471.056	473.337	477.040	470.283	486.145	481.445	477.435	476.666	477.787	476.543	486.051	474.612	487.076	486.169
26	481.537	481.717	468.192	479.324	474.983	481.687	482.416	478.688	480.698	470.890	471.546	479.613	466.033	470.723	478.271
27	472.315	487.425	481.942	483.335	482.181	475.519	486.455	483.027	487.054	473.525	477.416	480.287	466.125	479.321	479.477
28	487.335	487.566	486.384	486.477	486.171	483.719	474.346	474.245	487.542	468.895	481.097	477.204	481.552	481.510	477.393
29	476.133	477.508	487.246	482.166	473.358	482.479	490.438	481.654	489.824	481.169	483.904	482.840	486.244	472.479	486.669
30	475.598	477.346	482.899	478.853	484.519	475.064	489.275	478.177	492.830	473.970	484.526	490.528	485.463	481.756	480.200
31	481.375	477.108	483.713	488.082	492.201	478.886	487.058	470.399	495.241	477.751	476.652	484.375	484.446	483.334	479.805
32	485.729	475.980	487.049	490.349	484.683	488.239	491.361	480.557	490.019	490.336	482.710	483.777	477.264	492.319	482.242
33	487.244	475.760	494.920	501.710	492.615	487.880	482.704	481.472	484.579	484.349	482.051	490.195	472.927	491.773	480.709
34	492.179	481.977	483.530	494.564	488.012	478.257	485.780	477.861	495.648	481.153	480.724	476.765	475.134	481.263	487.587
35	481.602	470.638	483.542	483.777	488.009	485.120	479.447	475.518	479.270	472.497	490.500	483.646	484.244	480.983	484.671
36	484.029	485.986	481.230	486.924	498.589	484.691	489.901	483.831	478.536	481.345	485.816	475.726	489.409	488.282	482.830
37	471.001	472.521	484.096	489.703	484.907	487.436	489.347	475.897	493.608	482.970	483.315	476.543	492.081	483.595	483.821
38	497.478	479.686	496.096	489.224	483.344	484.320	496.991	488.229	486.359	478.059	493.693	483.941	480.625	488.342	491.202
39	489.606	488.167	484.439	497.133	474.817	472.281	487.221	491.706	481.307	475.591	489.182	491.120	487.498	485.536	489.559
40	474.439	488.344	486.136	493.303	492.386	482.557	483.720	495.909	480.684	481.389	493.922	497.599	488.277	487.007	476.527
41	483.620	479.551	487.546	489.223	493.273	481.640	491.420	481.405	482.189	491.178	496.335	498.650	489.278	486.282	499.663
42	481.869	470.137	487.811	495.073	494.219	493.713	480.582	477.163	488.090	488.474	494.718	486.949	498.279	501.904	485.533
43	491.715	492.134	503.616	485.434	485.039	486.964	491.381	490.948	498.305	499.447	503.024	480.615	487.153	498.391	487.024
44	495.248	494.623	491.418	487.041	496.121	495.338	497.767	486.993	497.498	495.576	498.628	490.938	492.248	494.302	499.101
45	489.594	492.307	489.890	495.904	486.213	490.712	484.867	494.975	484.907	494.807	493.349	482.012	490.332	486.645	496.700
46	489.872	483.845	495.265	496.086	501.072	485.795	497.652	504.482	493.437	495.071	487.104	478.086	494.436	494.725	491.950
47	482.112	481.764	495.155	501.495	491.452	498.528	496.505	498.515	481.557	487.093	487.093	487.718	492.513	495.994	505.724
48	485.798	488.604	488.241	506.361	499.665	502.725	485.908	488.769	488.543	476.531	497.387	490.089	485.303	499.375	497.961
49	490.509	488.423	488.337	503.998	504.533	495.173	494.682	485.960	502.279	486.912	496.345	495.383	491.365	491.243	498.055
50	501.447	489.830	497.500	508.427	499.476	500.067	498.855	498.780	498.300	492.201	487.064	499.101	490.385	498.421	503.179
51	506.397	494.384	496.011	495.123	495.113	501.858	495.910	501.423	495.483	479.288	498.290	495.055	493.195	496.143	509.136
52	506.142	499.391	492.636	508.742	501.689	498.253	499.355	501.503	499.947	500.388	508.769	497.590	499.763	500.881	497.479
53	489.334	502.834	492.585	497.976	497.338	505.759	501.838	495.817	500.388	517.174	483.557	495.047	502.493	500.430	496.065
54	493.398	495.387	503.185	511.039	506.807	494.714	505.308	500.777	496.143	501.720	497.645	490.159	493.261	509.990	499.710
55	490.055	492.533	495.977	504.815	498.848	492.837	490.742	507.968	499.033	503.300	506.886	494.484	508.489	500.208	497.154
56	501.034	486.642	516.416	500.129	495.763	501.970	494.753	496.907	498.654	499.700	497.258	498.877	506.781	489.647	495.064
57	504.227	508.050	510.733	501.597	513.728	504.919	501.662	500.887	507.283	501.600	500.810	500.994	507.094	504.630	507.483
58	501.579	498.462	508.658	507.037	506.618	508.625	502.017	491.547	504.111	501.064	502.754	504.022	505.109	506.173	507.570
59	502.687	504.468	507.068	501.950	502.293	501.062	497.397	487.154	498.303	501.644	504.175	502.762	502.210	497.982	500.491
60	493.202	501.771	518.268	513.491	512.942	495.240	514.027	496.168	490.998	504.686	508.489	498.046	504.936	502.906	508.193
61	496.831	497.294	504.092	501.300	500.438	499.265	502.719	499.135	494.529	496.892	500.260	506.910	510.907	502.074	501.477
62	501.141	506.215	506.912	499.289	502.638	501.514	504.183	502.288	497.687	502.863	506.326	501.860	509.956	512.133	500.913
63	506.531	516.072	509.531	508.964	499.182	509.130	509.154	509.935	514.109	501.170	509.835	503.976	514.689	512.066	510.406
64	502.713	503.760	506.697	501.952	516.712	499.175	505.193	505.144	504.528	495.799	507.317	503.289	517.560	511.007	518.388
65	518.066	513.866	507.231	510.706	507.576	498.969	514.363	508.939	510.840	511.047	505.093	502.654	533.241	508.046	511.930
66	509.402	515.045	505.840	498.972	505.050	508.151	513.867	520.751	513.096	501.370	513.017	500.727	524.804	519.149	514.280
67	510.321	505.140	498.688	510.525	516.301	504.305	514.598	514.887	508.468	511.883	510.414	502.972	506.638	514.769	505.120
68	511.591	509.001	508.612	509.034	511.658	504.261	502.446	510.100	512.087	516.895	516.170	513.552	509.868	513.219	506.065
69	515.487	524.642	512.237	516.769	512.432	514.688	503.852	516.994	515.261	527.205	515.100	511.945	516.520	509.857	501.391
70	516.508	512.480	522.487	510.903	515.375	515.767	515.751	517.164	510.918	511.442	495.936	519.291	519.455	518.418	520.419
71	517.166	517.847	514.191	510.002	519.944	508.985	524.247	517.682	516.447	500.225	519.316	506.276	514.877	509.645	514.386
72	521.659	518.628	517.228	517.743	525.505	502.954	515.541	517.429	512.450	517.417	515.735	508.022	517.878	527.447	518.994
73	518.424	518.542	519.679	526.953	532.459	526.747	517.374	518.192	515.415	509.982	509.804	513.279	517.104	521.646	515.270
74	523.984	508.011	516.429	525.034	526.495	516.978	522.621	509.895	520.850	512.090	525.506	525.354	526.799	514.670	515.529
75	505.924	509.716	519.038	529.258	521.455	516.377	525.764	503.577	518.904	506.528	521.309	523.178	515.854	515.339	513.590
76	512.590	517.718	519.951	540.647	526.147	530.271	523.173	517.487	504.389	523.386	536.998	516.126	516.105	514.516	508.204
77	510.010	515.711	524.467	536.641	537.198	518.642	520.893	514.645	513.213	521.232	520.567	518.659	524.685	518.092	502.069
78	518.736	516.700	517.077	527.044	528.317	519.904	525.131	520.944	512.981	509.801	524.350	518.267	508.726	527.181	514.878
79	515.366	528.389	528.169	525.619	539.834	523.511	526.381	516.156	511.820	508.168	528.943	519.623	516.418	521.889	528.936
80	522.608	529.860	536.887	526.471	532.523	514.463	528.374	526.886	521.016	523.850	530.193	528.017	527.826	514.694	521.810
81	529.482	515.679	540.502	524.899	525.146	520.718	531.995	525.255	526.479	531.893	529.399	529.437	520.203	527.051	533.453
82	528.322	521.582	543.713	532.972	529.384	532.454	535.028	521.466	526.824	522.397	519.981	524.038	540.590	518.927	523.950
83	533.717	531.590	548.345	538.230	535.346	529.808	527.754	519.110	528.979	531.430	524.595	517.420	524.323	535.664	535.374
84	536.472	522.500	550.033	546.423	533.975	528.761	516.479	523.372	517.273	534.975	520.965	514.310	520.589	522.620	526.028
85	538.179	531.625	540.700	535.585	526.950	537.474	530.294	520.982	542.653	517.115	533.097	517.914	517.862	522.849	524.479
86	529.936	529.826	543.594	532.274	532.257	535.165	533.763	524.721	536.748	534.770	526.224	536.659	532.035	533.745	545.892
87	536.877	532.883	536.643	534.818	541.717	537.544	531.996	543.662	532.970	532.105	525.763	542.803	541.808	533.305	536.534
88	539.353	539.941	548.030	532.695	542.757	540.541	543.791	538.765	536.573	528.301	529.125	520.003	532.904	533.214	532.607
89	540.945	551.040	538.083	538.575	530.533	538.934	539.030	533.001	537.610	528.757	518.888	524.719	538.328	536.990	537.301
90	546.516	555.970	538.252	543.939	540.714	550.293	527.253	534.295	542.717	534.334	538.322	525.716	545.750	541.674	539.878
91	552.883	562.371	534.910	547.202	540.025	549.913	530.695	537.450	543.972	535.597	535.021	517.112	537.823	529.578	537.142
92	536.303	562.056	541.713	555.557	554.363	538.178	544.064	529.909	541.817	527.080	525.519	525.000	546.224	536.604	543.990
93	553.320	564.324	546.732	562.903	554.642	545.926	539.369	537.224	537.382	540.963	534.247	534.895	532.127	553.441	538.047
94	555.804	555.235	556.541	562.311	538.396	540.714	544.453	544.326	549.862	531.702	545.984	526.000	534.788	536.802	547.080
95	537.490	552.838	544.307	551.157	541.756	532.415	546.799	544.189	553.627	524.272	544.315	534.596	547.535	536.797	537.882
96	538.969	548.406	558.047	556.017	551.559	539.248	546.503	539.056	544.053	548.375	545.365	544.997	544.224	555.973	545.935
97	549.409	567.462	570.305	548.197	555.365	547.227	547.781	550.042	543.692	542.576	550.667	532.131	539.208	551.021	541.668
98	551.036	558.123	551.698	563.445	562.031	558.414	554.145	545.573	544.190	548.169	555.098	541.861	552.672	550.649	560.873
99	557.908	562.345	565.967	563.764	560.635	553.971	554.904	567.091	555.347	555.515	550.417	548.288	548.958	549.173	556.898
100	561.178	568.001	569.774	574.320	559.935	550.030	550.579	551.992	565.606	552.257	548.171	546.496	547.546	547.217	564.132
101	563.989	572.098	580.385	578.810	571.300	542.413	558.649	544.724	549.333	555.366	543.321	557.031	552.004	564.913	551.067
102	558.071	579.037	586.765	567.755	564.324	556.640	565.486	565.231	562.532	555.517	548.388	551.747	562.480	560.343	565.546
103	545.980	581.753	586.400	574.401	568.843	571.501	556.141	564.886	563.912	559.643	556.260	554.191	557.230	562.368	561.958
104	562.723	575.185	578.525	577.843	579.501	572.471	551.359	558.788	570.340	565.896	564.089	564.971	561.826	548.864	564.943
105	578.586	583.673	590.291	571.720	568.738	576.333	565.348	573.636	573.272	564.036	552.705	558.466	570.536	561.869	567.542
106	567.861	579.110	593.075	577.107	576.605	569.077	571.635	582.413	570.261	572.795	564.668	551.805	574.501	569.565	567.908
107	575.323	584.602	590.088	587.867	582.053	564.373	571.799	567.101	583.757	574.770	569.152	563.833	562.934	570.892	553.985
108	568.184	588.877	598.586	578.091	586.509	572.581	588.494	576.004	578.698	572.420	565.862	563.526	567.638	577.533	564.234
109	567.865	601.603	595.298	589.661	582.816	566.175	571.613	576.211	571.987	576.758	578.772	570.851	575.081	580.806	584.710
110	554.096	595.451	594.500	594.193	592.427	574.453	570.916	580.906	577.411	575.537	575.512	564.841	571.390	566.073	590.905
111	575.558	589.729	593.739	601.301	592.971	591.285	565.213	582.446	593.862	568.082	567.237	570.544	565.169	565.695	573.747
112	590.764	583.343	601.614	610.144	586.059	588.982	567.733	591.148	582.630	565.835	576.073	573.914	568.065	581.220	587.220
113	581.907	599.814	603.762	614.660	586.776	591.884	574.656	584.773	581.449	575.117	578.981	565.092	570.836	573.031	584.888
114	578.794	605.040	595.276	614.341	599.454	581.587	582.592	592.504	590.104	585.051	576.509	574.622	575.698	583.886	582.734
115	583.623	610.793	618.622	614.853	606.088	594.751	585.840	595.134	591.700	577.211	587.547	582.129	586.337	589.916	592.276
116	587.920	620.446	617.395	616.524	601.921	600.774	592.283	591.636	598.138	586.358	576.817	580.550	583.843	603.345	613.980
117	602.621	610.189	622.660	620.950	611.627	607.464	602.444	603.858	614.698	597.090	603.227	588.613	588.326	601.551	611.801
118	613.904	623.555	650.241	628.314	621.562	595.669	608.487	604.903	614.565	603.701	589.862	586.177	603.695	600.725	596.128
119	608.130	636.367	642.043	627.644	624.017	601.981	609.004	616.509	618.288	604.480	604.178	581.838	593.178	602.914	610.803
120	613.021	634.527	651.705	634.619	628.632	609.203	609.605	627.648	617.428	596.886	606.931	596.568	597.325	601.760	621.207
121	610.535	643.261	650.180	634.424	632.626	626.229	617.301	616.841	636.003	594.411	596.318	594.803	604.188	605.820	607.833
122	619.493	652.017	662.113	646.272	650.267	634.289	625.937	630.360	639.224	598.226	600.680	598.130	604.386	612.252	613.342
123	641.457	655.444	658.570	634.679	641.557	642.767	629.580	635.815	618.654	611.633	614.088	604.986	606.223	618.518	624.999
124	652.372	661.183	672.440	642.703	645.697	643.388	639.930	642.811	642.074	615.223	616.161	613.709	617.276	621.460	643.532
125	656.027	688.442	666.817	648.710	655.372	640.852	632.904	646.362	659.064	634.444	618.949	621.238	622.625	623.802	634.062
126	666.711	684.131	676.564	663.382	653.114	650.761	628.375	645.036	650.291	644.992	631.681	621.443	644.245	634.257	629.646
127	669.806	686.438	684.042	675.465	662.026	657.337	634.504	645.119	663.903	633.648	628.814	641.960	644.096	661.371	648.935
128	665.610	704.216	704.934	675.239	668.960	667.541	647.651	664.957	681.326	641.976	637.332	636.982	647.561	648.810	656.791
129	694.514	705.221	703.420	689.453	682.538	681.391	667.598	662.804	693.251	647.069	652.149	645.940	644.093	651.716	659.249
130	697.918	713.371	702.974	691.112	687.956	685.023	662.021	659.037	682.095	651.997	652.807	660.404	652.111	661.735	667.704
131	715.093	735.726	706.705	705.422	690.701	690.279	670.547	698.068	695.861	665.454	663.205	654.921	658.653	659.521	702.608
132	722.836	719.937	704.092	695.661	692.859	694.766	687.252	708.323	715.055	682.702	658.715	672.312	659.559	678.707	709.103
133	751.573	734.521	736.192	693.900	679.319	699.584	682.244	718.649	710.982	690.595	670.893	678.386	672.182	672.939	703.397
134	743.412	749.014	736.112	698.537	698.717	732.942	696.412	730.702	734.215	695.590	681.241	677.066	684.400	701.910	726.704
135	750.341	733.608	742.342	705.474	706.310	722.873	702.599	749.628	748.052	714.200	689.901	704.947	709.790	718.810	746.326
136	757.520	764.677	752.922	720.544	712.887	724.314	700.633	746.236	760.019	730.203	685.478	713.648	737.125	736.827	778.459
137	758.625	772.058	755.973	729.238	721.605	730.090	709.594	766.562	759.898	743.268	713.339	709.993	734.932	744.826	777.965
138	746.002	798.511	781.779	739.288	722.026	741.807	724.106	751.260	773.812	748.537	736.894	718.226	742.540	755.043	781.617
139	741.109	805.245	784.627	752.834	729.527	745.495	726.270	764.840	782.507	743.682	742.614	732.052	753.376	764.261	755.464
140	739.169	813.568	789.853	753.304	745.371	748.824	755.464	776.837	786.280	762.221	762.580	724.930	751.590	760.984	748.160
141	735.763	832.463	791.849	748.374	750.253	758.672	757.827	778.794	771.719	758.212	768.764	747.235	739.744	759.742	740.571
142	732.967	824.062	778.182	763.799	768.834	752.813	757.381	770.586	780.379	744.184	768.204	747.006	743.365	753.448	724.131
143	728.406	824.403	773.799	786.929	757.085	761.218	762.790	765.429	759.564	750.955	769.247	747.403	745.919	747.690	731.923
144	724.811	796.760	767.236	768.327	732.403	748.625	754.499	755.693	742.032	740.232	766.382	739.704	732.627	750.574	728.115
145	725.371	788.180	760.304	746.322	753.367	745.995	748.583	755.988	735.993	744.272	755.154	728.776	729.361	740.913	721.055
146	711.659	786.675	752.330	748.080	730.051	749.321	759.081	734.573	729.927	727.382	732.320	732.321	721.016	736.460	707.923
147	709.086	760.541	734.668	754.106	726.450	747.246	761.410	731.085	737.083	721.694	726.586	730.611	731.438	737.575	699.866
148	725.254	754.645	737.314	743.296	730.086	739.266	736.399	731.902	729.446	728.704	733.730	724.121	736.300	735.346	698.755
149	702.530	762.610	736.423	727.750	728.903	723.983	723.752	725.313	743.234	723.394	734.488	712.658	719.968	730.979	716.497
150	696.161	756.903	730.690	743.790	729.961	719.304	727.060	725.745	725.216	720.355	723.722	710.168	717.696	722.094	713.687
151	691.574	762.563	757.796	731.428	726.107	733.015	714.052	735.341	727.971	712.959	731.081	721.381	711.726	702.869	702.859
152	682.003	757.817	735.835	706.725	706.997	714.108	720.165	705.829	734.965	715.934	723.557	709.953	713.627	716.037	696.481
153	689.172	742.051	721.154	715.542	720.745	718.378	712.191	713.194	716.981	716.675	724.275	702.600	711.813	702.743	698.627
154	676.966	747.158	729.195	725.450	719.547	705.654	714.971	713.929	718.239	715.159	733.694	693.139	718.055	702.537	692.275
155	672.308	737.526	711.780	720.016	723.154	714.246	717.615	732.161	691.499	701.909	717.774	698.764	708.716	705.449	698.506
156	687.574	730.794	724.865	711.344	719.646	718.250	709.814	715.645	700.237	696.741	704.935	693.858	692.755	707.367	680.508
157	670.973	736.378	721.548	716.022	694.551	698.169	706.578	705.489	691.677	703.055	708.466	684.151	684.153	686.163	684.062
158	677.543	725.724	701.652	705.169	702.984	689.283	682.878	699.508	684.071	689.795	707.610	691.984	682.102	688.626	684.959
159	668.517	720.972	686.866	712.349	688.003	684.995	691.299	705.186	685.284	679.927	697.459	695.612	673.534	700.484	672.826
160	664.928	711.123	705.559	706.339	707.261	685.875	682.698	705.019	691.676	684.988	712.985	700.978	696.008	680.565	677.578
161	661.990	704.773	693.674	697.006	684.833	692.069	679.837	711.031	700.841	698.620	697.289	685.259	693.326	685.456	677.238
162	664.585	706.801	694.306	692.373	693.600	681.457	684.228	699.223	692.879	696.952	703.959	683.956	673.936	681.901	658.969
163	649.652	699.754	693.923	706.413	686.616	687.191	680.083	697.173	691.702	694.300	696.709	677.706	676.253	678.459	663.026
164	648.093	715.504	689.903	685.136	667.270	661.455	679.257	683.839	684.222	680.505	695.557	667.163	686.471	669.748	669.125
165	659.061	697.191	692.619	676.492	677.983	666.006	673.704	686.778	673.443	692.380	690.887	677.114	685.185	670.459	651.464
166	653.200	704.574	696.301	680.466	678.305	684.626	678.081	681.763	687.839	673.233	673.294	659.687	675.724	665.267	659.732
167	652.696	696.500	686.803	694.317	670.796	685.284	679.490	683.682	671.875	670.541	682.495	671.023	662.722	657.668	667.746
168	653.552	682.476	692.371	678.054	683.533	683.441	675.125	676.888	672.385	676.846	687.530	667.173	650.101	658.469	657.874
169	664.024	694.233	693.019	681.526	663.546	681.985	666.141	672.531	669.371	683.975	681.947	663.290	667.719	665.293	658.959
170	660.091	701.704	691.762	668.338	663.361	666.949	665.090	682.103	663.624	659.445	682.920	653.534	664.126	660.329	646.005
171	645.981	694.268	674.074	683.568	668.618	671.363	662.904	667.330	683.527	660.819	674.753	672.072	656.339	667.250	645.306
172	659.455	691.345	674.287	685.922	677.889	669.323	674.080	673.908	669.986	649.798	669.344	668.559	662.678	669.039	643.307
173	657.494	679.720	689.249	676.687	678.020	662.543	669.003	663.213	665.388	661.542	677.721	664.104	642.446	658.188	636.143
174	650.258	680.389	666.811	667.100	672.041	662.880	672.825	660.407	652.684	663.879	678.988	661.577	644.837	664.646	665.942
175	647.771	681.620	680.875	672.714	665.503	653.738	666.234	661.132	657.114	656.059	655.914	646.824	652.307	656.035	677.555
176	659.709	680.594	669.397	659.809	669.295	654.416	659.960	667.998	661.901	654.321	670.894	641.485	653.988	652.475	662.175
177	665.028	687.477	677.514	671.474	667.243	651.787	658.044	658.005	662.157	651.183	652.948	649.330	638.779	635.503	647.879
178	652.089	682.336	665.174	669.683	649.337	656.132	654.290	665.739	664.672	647.496	668.504	642.341	652.447	637.932	656.816
179	649.386	662.121	675.851	656.650	654.911	658.861	657.061	667.054	664.146	650.942	654.769	647.317	650.617	641.751	657.133
180	640.728	679.141	671.078	654.909	657.684	660.906	662.969	649.397	659.359	652.164	657.334	644.503	650.677	635.601	650.665
181	637.244	683.594	673.244	670.965	662.906	659.033	661.505	654.189	658.195	659.772	654.318	650.574	650.244	633.403	648.293
182	638.567	679.802	653.073	657.708	658.550	657.826	656.264	650.162	638.842	649.851	664.392	654.462	642.011	639.663	646.720
183	643.954	674.811	679.811	666.854	651.329	650.205	656.589	653.980	658.260	652.064	649.867	653.111	659.897	656.004	636.542
184	638.763	674.499	672.952	675.914	662.377	657.050	658.028	670.575	657.881	650.473	641.636	654.092	638.942	657.110	639.705
185	656.081	677.558	668.717	669.277	676.155	653.841	650.279	667.391	658.030	662.908	659.622	666.532	647.481	650.025	652.295
186	654.190	671.034	670.981	655.239	680.193	659.831	652.773	647.168	651.489	650.176	658.367	648.286	646.271	656.767	651.073
187	637.068	675.759	673.497	661.397	672.941	653.489	662.886	655.570	657.268	662.646	661.855	647.275	647.943	657.439	652.941
188	634.901	661.737	668.883	660.291	664.118	664.130	674.030	662.111	662.733	669.182	659.904	649.012	657.023	650.424	644.663
189	643.628	665.246	673.978	669.989	659.937	660.439	666.147	657.931	652.673	652.394	656.772	651.765	650.579	644.055	644.908
190	629.483	674.138	660.412	657.486	663.425	657.708	656.038	649.794	656.224	650.513	648.105	655.827	644.409	637.965	643.648
191	633.991	668.024	656.041	670.808	647.884	649.582	644.827	663.205	659.721	637.063	648.331	642.575	643.610	647.163	640.868
192	635.313	659.445	664.074	658.809	644.654	646.927	648.391	665.172	652.936	643.204	650.635	628.040	639.237	643.454	650.424
193	630.269	665.014	648.263	642.399	647.668	652.163	643.797	660.349	633.187	646.187	667.245	634.520	647.105	632.650	642.981
194	635.295	660.981	655.363	629.758	659.596	645.231	650.656	643.917	651.649	638.791	668.048	656.318	621.046	638.521	647.069
195	640.822	661.199	649.005	639.239	656.482	641.301	637.858	649.653	661.593	650.915	649.061	635.010	637.045	639.874	641.295
196	631.163	667.885	653.052	653.359	651.894	648.883	648.501	647.678	651.155	650.179	656.397	619.602	649.569	643.261	653.517
197	638.007	670.718	655.294	642.298	655.119	642.756	648.387	642.979	648.975	653.873	660.109	631.134	632.121	639.841	640.269
198	634.498	664.518	660.688	642.179	648.634	638.711	643.870	651.286	646.621	623.649	659.245	624.971	628.047	649.973	642.727
199	633.887	654.025	643.128	638.348	646.857	644.591	653.305	637.559	642.756	643.741	651.142	637.918	634.866	639.756	633.951
200	645.544	655.701	645.407	634.290	646.866	639.335	639.806	638.168	648.455	649.991	644.888	631.713	646.243	647.964	636.872
201	641.394	637.713	654.091	631.074	644.631	647.726	632.826	639.334	646.198	639.022	656.811	634.662	642.109	631.800	640.620
202	637.614	651.851	661.612	638.004	650.432	638.769	630.926	634.089	639.240	645.921	645.306	639.268	633.162	629.755	646.175
203	627.439	646.559	658.752	644.420	656.355	657.141	643.571	629.999	651.238	643.813	647.190	640.074	638.675	635.101	644.342
204	638.286	649.976	660.656	639.128	658.892	651.912	639.732	634.602	642.250	650.379	649.853	644.017	640.377	638.291	651.150
205	627.716	655.652	663.928	649.056	653.712	640.046	645.882	638.650	645.213	660.759	643.749	635.892	640.117	635.820	636.097
206	630.652	648.755	663.289	645.640	660.086	660.366	639.467	631.431	634.206	660.563	653.699	634.692	636.687	646.804	651.329
207	632.832	653.986	661.171	642.530	657.256	655.523	647.615	639.879	639.505	652.299	643.160	637.666	634.891	630.857	636.715
208	638.855	665.567	663.968	649.529	668.043	651.541	655.040	639.809	644.643	640.825	646.080	622.971	629.531	643.282	644.143
209	637.390	671.330	659.457	653.857	665.645	653.922	650.234	640.985	647.887	634.170	648.842	622.701	629.004	632.092	637.143
210	622.095	673.072	648.872	650.663	655.569	669.784	646.559	649.715	636.210	636.305	637.540	637.714	640.706	634.060	638.444
211	627.615	678.781	654.521	648.704	673.846	673.773	646.618	651.765	626.291	637.888	650.429	635.488	638.319	638.136	639.186
212	631.354	679.984	657.508	650.538	651.196	658.334	639.694	636.384	633.768	628.688	650.499	636.319	626.458	635.913	639.196
213	628.395	656.840	646.308	649.929	639.014	636.288	619.928	633.746	644.611	632.934	639.084	626.973	625.634	630.591	626.995
214	629.906	652.714	639.443	653.462	644.880	647.510	638.477	642.417	617.269	634.317	644.295	621.247	628.030	638.949	627.433
215	625.303	650.621	635.894	646.615	643.881	650.424	643.032	641.119	630.027	626.498	626.618	627.088	629.938	638.351	624.455
216	624.358	650.888	639.799	630.648	636.612	646.916	636.637	639.558	629.288	637.285	625.493	626.318	645.955	623.296	607.406
217	625.888	653.474	633.657	621.596	626.710	645.948	635.631	637.541	632.497	626.944	620.552	628.689	631.359	633.905	621.873
218	613.024	643.371	620.998	629.262	639.729	644.178	630.774	636.145	630.452	623.763	636.763	623.650	627.447	619.461	607.760
219	599.127	628.946	627.778	632.704	635.548	642.754	630.814	629.444	642.496	618.017	637.075	620.905	631.666	629.945	633.739
220	613.459	629.439	637.994	626.478	634.567	641.168	643.517	626.474	633.245	620.688	627.580	627.345	625.860	629.063	626.664
221	614.263	630.390	630.256	641.166	634.519	638.140	651.854	628.429	638.060	623.937	619.226	615.241	613.839	630.379	621.795
222	614.701	631.565	632.761	637.587	643.229	633.896	615.458	627.559	624.619	622.047	611.652	608.645	614.721	629.584	604.519
223	611.570	629.367	642.547	642.266	646.951	648.083	638.201	626.802	610.226	615.857	611.252	620.149	621.398	623.015	618.495
224	619.693	607.547	608.881	623.067	596.214	606.039	622.900	626.294	609.662	621.059	618.951	615.270	641.446	623.709	628.559
225	609.090	595.836	607.857	604.490	601.131	614.094	608.155	618.206	613.914	630.004	626.482	624.381	630.730	612.218	623.240
226	605.206	597.347	599.408	600.645	606.138	608.932	613.169	617.943	608.042	627.001	611.968	626.648	635.220	622.883	620.378
227	608.066	606.591	599.657	610.833	604.211	629.105	610.005	619.912	612.646	615.013	619.272	610.241	613.831	613.410	621.973
228	607.342	609.409	599.440	607.243	611.044	611.555	604.434	612.809	609.782	608.372	628.330	615.734	608.637	619.305	616.819
229	612.754	604.499	603.383	608.599	603.985	607.514	610.059	609.909	613.313	615.291	619.015	615.863	616.134	617.258	610.062
230	605.072	594.129	594.169	609.924	605.655	613.712	614.977	610.563	613.905	613.862	611.148	610.093	612.596	611.853	619.263
231	609.128	593.771	603.123	605.488	612.961	591.455	617.791	612.584	613.719	613.176	606.883	606.237	612.015	620.152	611.775
232	613.477	593.228	602.680	594.674	604.824	596.479	606.224	609.704	611.142	613.902	609.075	611.129	609.047	627.738	613.180
233	617.709	587.349	606.180	587.625	605.466	602.894	599.114	608.362	599.749	609.574	622.943	619.920	612.850	631.174	619.624
234	601.063	582.365	590.661	591.638	593.589	594.538	602.106	611.514	599.075	585.297	607.003	608.539	613.087	612.397	610.852
235	601.741	587.715	595.899	606.113	605.674	600.281	608.378	613.370	597.008	585.074	613.584	607.773	609.482	615.569	605.071
236	607.963	595.298	594.210	591.602	598.842	602.430	600.704	608.290	609.260	588.967	608.735	602.442	594.671	604.919	600.469
237	603.274	598.660	596.048	590.503	606.137	612.202	605.727	601.611	602.071	594.968	610.894	611.042	603.691	600.542	608.031
238	609.490	597.565	595.026	601.150	605.821	599.442	619.465	599.858	600.700	601.953	620.947	608.934	608.595	608.447	611.758
239	615.567	596.980	599.263	599.379	604.393	593.058	594.724	608.896	599.830	598.546	601.671	593.694	596.283	595.597	607.475
240	605.669	603.931	604.211	603.389	598.547	585.113	582.563	601.739	594.909	602.044	608.536	600.880	601.874	608.472	611.830
241	602.511	598.120	595.896	598.276	604.972	590.848	599.031	597.577	596.848	601.955	598.176	602.056	607.525	617.609	601.595
242	608.092	594.774	593.121	585.422	603.193	604.881	598.892	594.740	613.260	605.813	598.843	604.914	611.188	601.037	607.261
243	610.471	598.476	603.489	607.646	601.999	589.685	596.869	604.647	603.976	593.894	601.580	600.687	602.879	610.009	603.881
244	604.019	597.661	587.149	592.487	601.649	603.847	604.615	609.047	595.378	598.531	607.426	597.851	607.814	610.156	604.282
245	612.699	605.723	584.491	587.633	600.788	603.020	608.317	614.874	601.843	600.411	601.551	594.602	608.245	619.282	607.558
246	606.503	606.852	586.067	619.171	598.737	592.014	608.497	608.852	605.294	598.378	601.613	609.778	598.044	619.998	602.404
247	602.077	580.519	611.247	602.591	600.789	597.909	601.432	615.093	595.383	600.401	604.482	608.430	596.656	599.243	600.514
248	613.290	590.076	609.992	613.079	603.636	585.581	611.945	606.018	603.797	612.738	604.168	598.163	603.960	614.223	615.577
249	611.146	590.179	612.651	604.139	601.376	601.356	608.390	601.654	609.473	608.998	613.121	600.951	608.960	611.605	633.029
250	613.227	593.071	601.929	612.331	601.644	625.304	611.531	611.142	600.254	590.718	611.045	604.278	618.654	613.852	618.941
251	611.030	586.751	607.677	604.732	614.227	600.004	606.301	605.243	595.463	602.263	617.593	604.609	612.048	610.498	608.910
252	608.302	578.558	589.931	609.880	616.027	610.234	609.020	607.482	599.670	605.919	613.824	613.279	622.396	603.144	604.801
253	599.955	585.614	589.683	607.838	618.636	607.325	610.761	606.601	604.532	610.874	619.987	604.403	610.145	606.454	601.419
254	590.623	598.656	595.754	611.583	602.318	590.933	623.891	622.032	614.969	613.364	607.228	608.137	612.184	603.058	609.394
255	608.407	596.626	600.167	603.262	611.753	603.904	617.559	610.146	612.125	619.668	596.212	617.485	615.657	604.123	605.701
256	600.966	602.167	603.199	612.097	612.702	613.087	599.732	621.506	612.537	617.550	620.526	607.454	607.060	619.402	613.290
257	612.204	587.228	602.333	624.510	612.287	601.150	609.996	609.199	615.614	603.404	610.335	593.828	615.795	613.416	624.295
258	606.196	587.715	598.869	609.829	601.611	614.777	622.068	611.391	619.676	615.262	619.776	601.822	605.442	610.949	616.001
259	599.858	590.769	607.269	602.264	604.613	599.286	601.974	623.007	618.433	605.599	616.440	616.491	610.440	614.336	609.105
260	603.458	604.910	596.545	613.413	613.923	602.282	601.474	609.830	603.474	614.409	614.627	612.950	613.699	624.768	616.059
261	618.550	611.004	600.516	605.335	615.114	604.422	617.239	615.183	599.751	617.350	611.109	614.691	608.102	609.402	610.887
262	616.480	602.375	597.158	605.238	617.049	618.286	597.479	617.417	598.737	614.688	614.476	624.612	611.893	617.188	620.524
263	622.307	595.104	598.632	628.428	612.010	617.902	612.706	615.218	606.352	608.965	622.884	601.108	616.235	628.357	624.832
264	613.555	602.809	601.207	616.680	613.978	630.289	612.867	622.309	608.335	624.537	624.277	626.215	607.196	626.105	611.378
265	615.265	593.092	618.562	602.915	618.792	612.390	608.121	617.725	611.586	607.988	623.940	623.078	622.453	624.566	600.937
266	603.608	589.561	600.788	604.222	618.489	615.472	593.198	606.010	611.554	613.537	624.411	631.200	618.455	622.615	597.196
267	602.262	587.930	599.528	607.020	629.219	606.664	614.261	609.907	616.658	616.732	621.523	613.759	614.603	602.886	597.375
268	611.301	600.855	604.777	609.335	622.773	610.712	631.575	606.580	609.853	615.094	617.695	625.341	619.381	619.068	612.641
269	604.450	591.632	612.787	609.374	611.851	613.895	626.945	604.959	608.871	625.548	619.921	618.570	614.256	632.511	616.810
270	616.971	591.001	605.207	592.221	607.495	621.332	620.056	609.472	616.143	617.235	621.730	602.391	606.897	625.680	615.625
271	604.393	610.936	584.831	585.567	617.325	623.005	612.079	618.099	620.841	609.834	622.914	607.494	630.121	626.156	620.663
272	617.379	611.715	600.353	604.435	622.860	611.372	596.806	621.189	620.816	614.488	607.035	611.402	629.458	612.638	605.782
273	623.517	603.274	606.820	619.987	623.963	616.690	618.824	614.266	614.689	612.635	612.667	612.415	614.781	619.754	616.484
274	615.851	604.595	598.331	611.103	619.584	620.600	615.312	607.278	624.761	617.404	630.690	619.406	613.567	636.185	629.668
275	610.124	621.504	614.317	611.041	626.045	624.023	612.690	607.899	615.962	616.983	613.325	622.305	614.412	630.921	623.626
276	610.413	620.512	609.196	604.908	621.373	616.783	607.821	609.240	609.855	608.367	615.511	615.436	606.241	610.835	613.637
277	622.460	615.078	597.520	605.338	619.716	612.200	614.375	610.604	600.084	626.325	609.855	610.923	619.126	619.865	604.424
278	608.738	616.529	616.454	604.865	611.673	624.316	613.610	619.862	607.015	609.219	625.250	612.197	615.364	617.550	608.753
279	604.556	621.032	624.843	621.357	617.822	605.053	620.320	623.046	620.621	620.546	620.019	626.909	618.881	614.238	613.183
280	613.377	615.879	622.387	613.384	611.223	625.736	615.378	624.137	632.887	618.336	638.472	616.170	614.808	620.684	615.761
281	612.507	616.106	604.819	625.406	610.877	625.718	615.616	621.047	617.679	617.437	624.852	625.591	623.841	627.347	615.796
282	605.326	624.909	612.955	621.771	634.016	626.360	617.170	621.346	609.017	612.525	610.427	613.084	616.225	614.116	614.028
283	612.553	620.458	623.684	615.998	637.422	635.505	629.428	620.531	619.554	624.635	628.378	621.371	614.620	612.013	614.331
284	602.907	620.922	621.748	608.020	616.324	626.773	617.524	623.303	625.818	630.036	630.816	620.020	621.503	617.395	614.552
285	617.796	635.454	626.247	626.422	611.672	630.682	620.378	617.923	617.224	629.672	635.833	618.388	621.916	609.841	611.463
286	623.001	624.739	624.374	614.652	617.085	643.473	618.326	628.604	617.222	606.729	631.377	619.596	622.922	617.199	618.100
287	628.557	644.559	622.348	614.774	623.787	641.447	626.668	622.435	633.944	619.373	622.583	609.881	618.761	619.695	622.226
288	623.056	635.233	626.407	617.401	625.437	621.908	614.959	631.948	622.920	627.146	627.042	625.969	627.639	623.480	621.682
289	621.722	620.605	622.514	628.566	613.943	629.568	626.765	625.099	619.900	617.642	612.866	619.846	623.288	622.254	613.214
290	633.551	620.227	631.573	652.923	632.199	639.516	639.905	627.485	635.418	625.835	622.446	626.992	621.910	639.727	614.046
291	630.020	631.129	624.893	638.892	627.226	623.995	632.052	620.820	621.019	633.139	624.229	609.312	617.789	628.589	616.276
292	621.138	631.768	634.664	624.470	633.183	629.185	616.316	630.079	621.587	618.389	627.420	621.430	627.720	623.719	631.667
293	635.488	631.629	627.561	628.972	630.844	630.666	634.577	622.891	619.809	626.372	625.286	636.110	620.074	629.661	636.811
294	639.812	640.797	626.068	634.123	638.385	624.295	641.327	627.363	630.284	631.562	620.452	636.639	621.534	629.864	638.242
295	635.857	640.422	627.923	630.438	626.098	635.146	637.986	617.919	624.933	639.499	624.169	627.121	622.914	627.269	625.849
296	630.295	644.343	629.327	632.353	624.455	630.565	634.048	630.483	628.380	623.788	623.824	633.026	629.546	627.077	631.065
297	634.305	646.665	649.115	641.422	635.357	634.268	639.956	635.188	638.534	635.729	631.716	628.604	637.815	633.146	637.239
298	637.989	642.726	643.745	648.283	643.986	637.743	640.030	643.456	632.251	632.289	622.641	632.712	632.952	633.742	637.567
299	635.359	646.783	656.317	640.566	650.442	642.724	639.558	644.387	642.764	636.342	641.028	639.857	643.442	629.850	645.034
300	636.253	660.173	654.104	654.694	664.393	652.499	632.450	627.816	635.077	619.918	645.502	635.350	630.988	630.427	641.616
301	634.790	655.052	665.711	656.592	654.358	644.789	634.170	639.846	640.761	632.015	629.576	630.751	639.702	636.950	635.327
302	626.732	655.317	651.534	661.772	631.772	650.946	644.511	642.512	645.568	651.313	637.327	637.284	626.369	641.870	641.204
303	649.409	660.246	656.395	661.246	641.729	660.365	645.332	645.466	653.745	643.386	646.291	641.911	629.141	657.345	650.515
304	648.492	659.106	662.554	668.723	642.768	666.486	644.715	643.353	667.002	634.888	654.134	648.889	648.328	648.342	637.549
305	655.177	664.820	665.647	660.992	657.284	659.794	651.489	645.374	657.429	660.125	656.913	651.819	647.675	653.329	658.450
306	658.609	664.572	648.231	669.147	661.875	663.067	670.147	656.456	668.166	657.205	650.180	648.226	662.341	649.680	677.653
307	619.590	619.590	612.216	623.488	627.113	614.628	629.769	637.077	644.719	644.000	633.636	635.782	644.374	653.042	640.200
308	607.686	607.686	604.963	605.566	626.826	616.262	619.610	620.878	639.836	634.785	636.050	639.354	653.935	638.556	630.444
309	621.464	621.464	617.957	612.743	610.528	616.888	603.623	617.290	642.189	637.885	637.415	626.987	628.591	628.292	633.478
310	606.117	606.117	611.085	626.372	613.554	606.580	610.609	622.358	619.631	640.094	645.572	632.175	632.947	627.225	624.990
311	606.664	606.664	611.964	609.029	612.877	607.414	604.306	624.027	618.509	626.496	634.727	631.999	629.031	627.650	618.737
312	603.857	603.857	611.969	617.924	615.095	613.414	601.563	604.187	619.372	617.878	628.002	620.243	634.032	617.537	621.194
313	611.320	611.320	602.255	613.955	609.600	628.887	615.900	621.090	631.925	616.933	632.449	624.879	630.629	624.524	620.391
314	597.503	597.503	612.198	599.016	626.510	606.318	621.605	627.575	627.633	632.570	617.793	616.137	630.579	624.106	631.350
315	593.430	593.430	608.026	606.416	625.563	598.769	629.042	626.451	629.797	611.638	614.612	621.604	626.471	616.290	625.042
316	592.958	592.958	603.732	610.301	617.383	607.551	628.441	619.814	630.698	610.850	628.301	615.657	629.849	623.667	625.577
317	608.035	608.035	604.599	609.636	619.729	600.922	615.288	608.045	626.126	613.017	634.557	624.215	626.327	626.299	625.223
318	601.129	601.129	612.118	611.798	613.080	616.109	626.945	619.232	610.229	625.939	621.826	619.019	623.836	637.683	630.679
319	593.540	593.540	605.881	611.672	615.781	613.764	619.868	621.724	626.388	608.984	627.070	608.433	619.176	624.142	619.145
320	599.155	599.155	606.872	611.539	614.841	612.139	619.554	620.675	630.883	615.035	621.027	607.823	614.587	625.971	627.510
321	608.043	608.043	603.202	621.471	621.390	622.945	611.894	624.371	625.599	603.067	625.463	612.598	627.787	624.803	626.316
322	604.339	604.339	605.501	610.799	618.695	615.096	614.283	610.421	611.180	597.029	621.514	625.915	629.525	615.934	624.282
323	610.085	610.085	604.375	612.931	613.704	606.594	619.970	609.992	614.970	616.977	622.862	632.035	628.061	615.082	627.585
324	593.846	593.846	599.522	612.668	613.083	609.436	616.345	606.275	632.868	616.412	613.302	617.088	625.792	621.176	622.666
325	594.628	594.628	609.808	611.042	619.824	610.985	613.056	596.989	613.315	622.815	622.211	604.678	632.069	626.456	619.746
326	603.728	603.728	600.739	617.449	613.695	607.927	622.146	608.313	617.161	620.632	636.119	604.287	635.545	632.565	623.234
327	599.776	599.776	600.941	610.168	598.806	620.447	624.394	608.652	619.374	614.391	627.536	602.123	625.933	622.607	608.363
328	606.062	606.062	610.977	595.270	595.865	608.773	627.647	614.198	612.676	609.802	623.687	621.807	620.972	624.765	607.934
329	598.447	598.447	602.957	619.245	606.715	607.559	620.603	616.129	624.331	622.032	614.500	615.389	624.345	620.494	602.248
330	589.336	589.336	599.166	612.090	618.752	609.545	617.279	612.664	643.963	618.645	621.166	626.339	619.853	609.801	613.131
331	593.009	593.009	602.162	602.572	604.519	614.563	629.289	611.483	632.127	613.455	618.282	615.569	627.703	607.134	608.977
332	596.287	596.287	609.762	609.713	608.800	615.012	613.583	617.437	639.707	609.474	609.099	609.647	606.734	607.953	611.970
333	600.072	600.072	602.845	613.103	599.857	607.444	612.031	622.228	629.384	610.543	611.813	604.169	618.481	606.372	613.295
334	597.010	597.010	602.170	591.676	607.728	615.964	600.798	618.289	610.613	615.648	620.092	608.548	625.951	615.708	622.019
335	593.096	593.096	594.924	598.676	604.934	616.752	616.650	610.984	612.117	632.097	625.911	615.354	613.689	616.902	619.945
336	613.145	613.145	607.281	614.882	607.948	622.747	623.769	632.326	628.773	615.123	604.889	617.285	611.630	620.612	608.345
337	590.372	590.372	592.840	615.214	605.000	613.838	614.115	625.779	619.126	620.225	619.303	613.525	609.588	612.049	605.688
338	600.957	600.957	597.126	612.528	616.474	620.365	619.976	615.419	617.037	610.898	623.756	613.510	613.431	614.188	613.207
339	586.577	586.577	609.273	605.043	611.719	610.904	608.004	612.304	620.038	627.634	631.532	617.880	617.357	619.973	611.900
340	598.521	598.521	604.672	610.574	621.781	621.443	605.397	617.918	611.758	611.537	626.491	617.086	636.571	610.766	621.377
341	594.599	594.599	603.127	613.159	611.131	624.552	619.975	622.918	613.453	611.152	622.828	611.011	626.663	606.411	616.158
342	606.794	606.794	601.546	614.686	609.104	613.381	629.546	617.725	611.707	611.434	615.461	614.702	619.147	616.383	601.937
343	602.717	602.717	611.636	619.950	610.915	603.872	624.376	631.686	620.220	607.800	624.849	626.017	620.133	608.852	606.710
344	591.129	591.129	607.272	603.311	606.681	617.155	620.626	625.427	619.181	621.042	622.193	613.144	624.699	623.414	623.254
345	602.497	602.497	601.678	601.556	609.931	614.559	614.917	621.259	617.354	623.996	616.266	603.968	613.504	630.486	611.488
346	593.743	593.743	598.935	613.991	606.170	615.775	615.789	606.629	619.244	611.110	602.508	613.022	605.705	622.754	618.692
347	607.968	607.968	617.985	616.625	609.920	610.372	631.561	616.031	624.829	616.635	608.813	608.530	606.814	617.688	613.637
348	612.533	612.533	607.244	604.540	605.789	607.851	616.456	613.143	627.079	626.079	628.565	619.678	606.225	615.322	618.176
349	599.931	599.931	616.636	603.258	611.951	615.757	610.294	612.668	616.844	622.547	626.944	620.405	616.507	617.657	616.822
350	607.236	607.236	607.058	620.378	622.701	610.366	601.421	613.091	618.858	610.196	624.628	613.646	621.643	614.734	614.250
351	608.475	608.475	607.194	618.802	617.927	618.173	611.517	605.238	628.044	610.368	631.770	610.389	613.473	614.331	614.355
352	617.411	617.411	616.267	609.676	614.409	611.185	621.897	626.063	621.748	617.541	623.498	607.065	632.626	615.889	622.803
353	621.078	621.078	616.994	613.596	618.399	614.789	628.563	622.006	623.819	622.440	618.431	623.837	618.037	606.018	620.891
354	597.921	597.921	602.711	613.294	608.378	621.964	626.316	618.457	612.946	634.697	611.117	618.280	623.291	613.569	614.219
355	606.059	606.059	609.517	626.261	618.345	618.336	617.654	617.339	612.968	621.793	622.182	616.827	624.021	613.979	617.153
356	614.407	614.407	607.281	627.399	619.639	609.936	606.598	621.548	612.501	618.900	620.368	616.589	613.623	616.052	608.408
357	598.855	598.855	612.363	610.142	621.268	629.292	623.185	616.272	623.059	615.817	615.755	619.364	629.265	619.544	615.133
358	609.461	609.461	631.477	611.289	625.678	615.654	620.879	612.027	622.097	624.623	616.388	628.265	613.246	611.370	611.582
359	604.217	604.217	617.613	623.206	620.195	620.190	615.617	619.062	618.354	618.472	624.924	623.883	614.709	598.826	604.042
360	607.345	607.345	617.119	626.234	624.259	624.834	613.238	618.764	614.277	617.537	628.889	606.445	619.610	605.526	616.636
361	613.526	613.526	614.759	619.050	615.853	623.602	626.369	617.380	607.206	627.715	627.994	614.256	617.884	601.559	612.031
362	617.537	617.537	610.397	626.336	606.070	612.269	625.126	619.700	605.020	624.629	608.525	625.203	610.133	624.471	612.627
363	623.815	623.815	616.513	612.391	620.691	621.396	612.842	627.055	621.210	623.194	617.557	634.178	599.088	628.672	616.692
364	613.932	613.932	617.510	610.317	631.956	615.741	605.871	626.180	625.458	624.106	624.066	632.804	623.623	614.034	619.293
365	607.507	607.507	622.069	620.536	617.614	617.522	608.291	615.435	617.660	617.848	625.643	613.835	605.246	625.442	614.328
366	620.015	620.015	621.018	618.127	618.883	621.027	610.726	605.391	625.861	624.386	607.573	615.362	612.947	615.001	617.910
367	631.426	631.426	614.794	614.912	606.388	629.287	608.487	607.512	613.157	620.900	611.397	623.222	615.431	612.182	625.012
368	607.202	607.202	624.163	615.902	613.705	616.436	617.804	604.297	614.621	621.540	611.584	624.974	618.901	620.972	609.730
369	617.696	617.696	610.929	608.578	620.531	612.013	613.530	602.916	615.336	616.963	620.585	606.638	607.407	622.172	609.204
370	621.977	621.977	616.294	605.935	603.280	625.802	603.474	603.950	612.866	614.938	622.113	614.559	608.568	620.500	607.266
371	613.308	613.308	617.339	609.325	614.415	618.327	595.614	609.381	606.095	618.756	617.329	612.668	612.251	614.470	614.029
372	617.713	617.713	616.505	604.276	611.762	605.778	598.220	588.147	606.850	608.892	613.948	619.323	601.775	619.926	607.371
373	612.630	612.630	606.557	616.745	624.532	615.341	592.946	596.508	606.213	608.187	610.906	590.908	589.086	623.442	603.382
374	620.409	620.409	607.378	616.380	619.120	611.000	602.527	604.307	606.002	601.820	610.859	595.278	594.397	608.049	610.748
375	634.023	634.023	608.848	597.554	611.837	598.422	614.837	609.031	605.777	619.976	611.136	590.521	616.773	621.823	611.582
376	635.335	635.335	603.569	606.631	623.093	620.095	605.268	610.633	618.413	609.006	595.807	604.686	603.259	609.982	603.259
377	636.340	636.340	608.106	616.066	607.331	605.377	613.770	610.166	599.192	602.143	604.742	597.521	603.614	608.329	610.377
378	630.271	630.271	615.699	615.400	608.187	608.523	617.334	605.791	605.563	602.460	617.555	609.587	600.573	601.880	609.481
379	621.776	621.776	610.587	613.375	618.534	614.571	603.797	604.812	599.421	608.432	611.877	613.488	597.544	603.131	596.854
380	616.139	616.139	613.852	607.829	616.014	616.097	627.747	605.528	607.160	618.330	612.983	610.095	595.569	600.652	618.684
381	629.662	629.662	616.037	615.002	619.808	607.730	612.671	599.956	616.444	623.285	620.177	597.703	593.270	601.658	604.851
382	619.982	619.982	616.481	615.946	605.171	630.052	619.404	622.295	613.481	606.782	610.635	598.649	592.723	598.609	585.941
383	623.167	623.167	613.209	613.238	622.511	607.408	611.102	605.828	600.063	598.139	620.239	612.253	589.404	605.591	583.521
384	627.581	627.581	611.976	603.818	631.457	618.189	619.378	596.472	624.593	607.391	615.030	601.660	605.504	612.337	590.763
385	623.561	623.561	624.714	615.685	607.526	621.216	615.993	617.808	623.402	600.809	615.527	605.032	607.959	606.542	605.927
386	627.053	627.053	617.892	623.388	615.579	606.920	606.449	626.081	613.662	607.089	625.079	613.978	621.049	607.715	604.057
387	636.490	636.490	634.747	628.961	618.234	616.183	619.524	613.836	615.761	616.984	621.050	604.263	621.153	615.609	603.182
388	634.790	634.790	641.922	614.720	614.352	629.185	625.390	615.063	611.278	615.313	612.808	613.753	606.841	614.966	607.060
389	637.699	637.699	625.174	634.422	634.687	625.159	625.032	611.842	606.620	614.049	623.416	619.997	615.676	606.174	609.783
390	630.278	630.278	639.102	647.001	644.552	630.042	623.846	624.777	621.653	618.956	621.077	623.654	617.509	622.818	610.239
391	626.987	626.987	638.829	645.994	620.639	647.530	628.858	618.570	625.804	619.047	613.226	623.450	613.002	625.935	606.688
392	629.279	629.279	638.492	644.378	621.707	648.295	632.505	627.790	623.135	620.246	626.034	629.936	623.437	612.321	609.073
393	656.194	656.194	631.105	650.318	623.309	645.860	632.892	624.443	627.581	625.442	636.934	614.955	602.531	617.350	612.768
394	661.320	661.320	633.814	648.308	634.091	633.694	623.476	629.929	626.461	628.314	630.409	610.019	612.024	621.578	601.561
395	640.523	640.523	630.694	628.712	629.613	639.633	630.080	627.455	619.133	617.303	619.875	612.777	600.036	620.701	599.908
396	641.265	641.265	643.119	648.289	633.342	640.525	633.127	625.186	628.674	620.753	639.017	620.502	610.915	617.436	624.734
397	658.192	658.192	640.014	660.149	643.941	643.588	645.944	635.371	630.689	636.412	635.535	620.362	628.757	619.447	616.685
398	653.652	653.652	653.350	662.048	649.445	647.441	644.533	639.198	653.476	628.907	624.676	633.509	605.684	628.900	620.371
399	631.676	631.676	635.086	644.060	655.236	649.828	640.595	631.663	650.274	622.171	618.271	637.865	618.545	625.341	631.771
400	637.337	637.337	629.852	645.168	641.938	641.886	628.814	633.736	638.376	639.744	622.043	626.723	634.648	632.912	640.427
401	650.242	650.242	631.093	649.703	633.784	635.311	632.732	623.487	625.279	646.726	630.006	634.848	630.256	626.678	642.002
402	634.264	634.264	640.493	645.292	638.904	643.357	638.081	631.027	629.334	651.852	636.750	633.436	619.769	637.119	638.176
403	636.799	636.799	657.113	654.089	634.448	648.100	632.799	645.590	647.744	651.304	639.222	633.476	633.977	634.216	638.504
404	646.213	646.213	652.905	648.897	632.106	634.362	631.689	632.632	646.460	647.513	635.577	627.884	622.077	632.207	630.793
405	650.779	650.779	653.675	650.750	644.796	645.455	639.059	646.487	630.077	640.161	634.429	625.397	624.709	632.230	633.427
406	651.204	651.204	645.362	655.724	649.872	653.047	642.376	642.319	632.896	642.684	638.667	647.181	628.696	642.916	642.935
407	654.630	654.630	648.110	644.158	645.606	643.545	657.272	637.562	634.175	635.880	648.373	647.473	627.426	637.769	641.793
408	660.491	660.491	657.687	641.785	649.438	654.741	650.994	630.915	622.115	641.251	626.560	631.355	636.060	638.748	641.185
409	654.715	654.715	661.227	641.452	655.502	654.930	659.701	634.211	637.411	649.911	631.001	635.359	627.584	642.155	654.700
410	653.407	653.407	650.345	646.321	662.640	651.184	654.676	646.437	667.917	642.677	649.006	645.472	637.809	641.447	659.794
411	633.483	633.483	656.440	664.656	668.943	657.231	652.800	639.484	641.755	653.038	643.693	647.311	639.534	637.888	646.151
412	640.595	640.595	648.780	655.132	646.664	643.061	654.181	642.895	637.833	647.945	640.523	648.818	639.747	630.925	645.771
413	643.582	643.582	651.329	665.603	643.444	653.344	652.634	641.089	635.971	648.023	645.873	655.203	634.796	638.131	636.172
414	658.716	658.716	673.212	664.932	636.290	658.026	640.588	641.039	657.139	660.481	650.270	641.896	639.613	642.138	645.360
415	654.689	654.689	656.844	643.497	643.116	660.130	647.446	645.623	652.278	636.776	651.930	639.800	648.635	640.865	644.373
416	661.273	661.273	651.276	664.108	635.818	650.426	640.122	644.940	645.054	639.668	637.461	637.867	636.298	652.375	655.195
417	648.910	648.910	650.056	646.293	629.351	650.537	625.118	635.879	644.781	644.318	643.918	648.462	625.775	651.423	649.960
418	653.721	653.721	649.316	637.678	630.825	648.050	646.486	634.127	645.522	643.045	645.603	647.418	628.461	648.534	640.877
419	654.872	654.872	655.798	639.694	642.363	655.746	647.746	633.853	640.463	646.674	632.322	644.244	632.552	643.289	635.116
420	657.193	657.193	648.750	636.672	645.387	642.202	644.308	640.043	641.113	641.633	632.202	650.282	628.404	640.663	631.812
421	656.578	656.578	652.405	648.916	637.386	643.621	648.873	625.789	635.145	634.733	627.901	636.280	633.297	643.339	634.429
422	654.243	654.243	654.193	640.175	651.097	647.005	641.163	643.401	634.443	637.877	633.945	636.376	651.015	644.394	644.957
423	641.981	641.981	651.452	636.604	655.601	652.773	632.971	639.935	619.209	632.775	633.011	627.509	637.126	632.846	633.580
